index,power_profile,power_usage,voltage,edge_temperature,junction_temperature,memory_temperature,sclk,performance,gpu_usage,memory_usage
0,COMPUTE,39.0,662.0,35.0,40.0,43.0,300,manual,0.0,0.0
1,COMPUTE,39.0,675.0,35.0,39.0,43.0,300,manual,0.0,0.0
2,COMPUTE,38.0,662.0,35.0,39.0,43.0,300,manual,0.0,0.0
3,COMPUTE,39.0,668.0,35.0,38.0,43.0,300,manual,0.0,0.0
4,COMPUTE,39.0,668.0,35.0,38.0,43.0,300,manual,0.0,0.0
5,COMPUTE,39.0,662.0,35.0,39.0,42.0,300,manual,0.0,0.0
6,COMPUTE,39.0,662.0,34.0,38.0,42.0,300,manual,0.0,0.0
7,COMPUTE,39.0,662.0,34.0,38.0,42.0,300,manual,0.0,0.0
8,COMPUTE,39.0,662.0,34.0,38.0,42.0,300,manual,0.0,0.0
9,COMPUTE,39.0,662.0,34.0,38.0,41.0,300,manual,0.0,0.0
10,COMPUTE,39.0,662.0,33.0,37.0,41.0,300,manual,0.0,0.0
11,COMPUTE,39.0,662.0,33.0,37.0,41.0,300,manual,0.0,0.0
12,COMPUTE,39.0,662.0,33.0,36.0,41.0,300,manual,0.0,0.0
13,COMPUTE,39.0,662.0,33.0,37.0,41.0,300,manual,0.0,0.0
14,COMPUTE,39.0,675.0,33.0,36.0,40.0,300,manual,0.0,0.0
15,COMPUTE,39.0,662.0,32.0,36.0,40.0,300,manual,0.0,0.0
16,COMPUTE,39.0,668.0,32.0,36.0,40.0,300,manual,0.0,0.0
17,COMPUTE,39.0,662.0,33.0,36.0,40.0,300,manual,0.0,0.0
18,COMPUTE,39.0,662.0,32.0,35.0,40.0,300,manual,0.0,0.0
19,COMPUTE,39.0,662.0,32.0,36.0,40.0,300,manual,0.0,0.0
20,COMPUTE,39.0,668.0,31.0,35.0,39.0,300,manual,0.0,0.0
21,COMPUTE,39.0,662.0,31.0,35.0,39.0,300,manual,0.0,0.0
22,COMPUTE,43.0,662.0,31.0,35.0,39.0,1502,manual,0.0,0.0
23,COMPUTE,66.0,925.0,31.0,35.0,39.0,1502,manual,2.0,0.0
24,COMPUTE,38.0,925.0,31.0,35.0,39.0,300,manual,0.0,0.0
25,COMPUTE,37.0,662.0,31.0,34.0,39.0,300,manual,0.0,0.0
26,COMPUTE,36.0,668.0,31.0,34.0,39.0,300,manual,0.0,0.0
27,COMPUTE,49.0,918.0,30.0,34.0,39.0,300,manual,0.0,0.0
28,COMPUTE,51.0,662.0,30.0,34.0,39.0,300,manual,0.0,1.0
29,COMPUTE,65.0,662.0,30.0,34.0,39.0,1502,manual,2.0,1.0
30,COMPUTE,61.0,662.0,30.0,34.0,39.0,1502,manual,2.0,1.0
31,COMPUTE,54.0,925.0,30.0,34.0,38.0,300,manual,1.0,2.0
32,COMPUTE,43.0,662.0,31.0,34.0,38.0,300,manual,0.0,0.0
33,COMPUTE,62.0,912.0,30.0,34.0,38.0,1502,manual,1.0,2.0
34,COMPUTE,41.0,918.0,30.0,33.0,38.0,300,manual,0.0,0.0
35,COMPUTE,38.0,806.0,30.0,34.0,38.0,300,manual,0.0,0.0
36,COMPUTE,40.0,925.0,30.0,33.0,38.0,300,manual,0.0,0.0
37,COMPUTE,39.0,668.0,29.0,34.0,38.0,300,manual,0.0,0.0
38,COMPUTE,53.0,925.0,30.0,33.0,38.0,300,manual,1.0,0.0
39,COMPUTE,38.0,662.0,29.0,33.0,37.0,300,manual,0.0,0.0
40,COMPUTE,63.0,662.0,29.0,33.0,38.0,1502,manual,2.0,1.0
41,COMPUTE,37.0,900.0,29.0,33.0,37.0,300,manual,8.0,3.0
42,COMPUTE,44.0,668.0,31.0,36.0,39.0,300,manual,0.0,1.0
43,COMPUTE,43.0,925.0,30.0,34.0,39.0,300,manual,0.0,0.0
44,COMPUTE,38.0,662.0,30.0,33.0,38.0,300,manual,0.0,1.0
45,COMPUTE,295.0,887.0,29.0,36.0,40.0,1472,manual,99.0,33.0
46,COMPUTE,292.0,862.0,33.0,48.0,48.0,1472,manual,100.0,29.0
47,COMPUTE,283.0,868.0,34.0,50.0,50.0,1472,manual,100.0,35.0
48,COMPUTE,278.0,893.0,35.0,51.0,50.0,1472,manual,100.0,29.0
49,COMPUTE,291.0,893.0,35.0,51.0,51.0,1472,manual,100.0,30.0
50,COMPUTE,292.0,893.0,35.0,50.0,50.0,1472,manual,100.0,29.0
51,COMPUTE,275.0,906.0,36.0,52.0,51.0,1502,manual,100.0,50.0
52,COMPUTE,292.0,887.0,36.0,53.0,51.0,1472,manual,100.0,28.0
53,COMPUTE,294.0,887.0,36.0,53.0,52.0,1472,manual,100.0,30.0
54,COMPUTE,293.0,887.0,37.0,53.0,52.0,1472,manual,100.0,28.0
55,COMPUTE,292.0,893.0,37.0,50.0,50.0,1472,manual,99.0,30.0
56,COMPUTE,298.0,862.0,37.0,53.0,53.0,1430,manual,100.0,34.0
57,COMPUTE,279.0,862.0,37.0,53.0,53.0,1472,manual,100.0,30.0
58,COMPUTE,291.0,887.0,38.0,54.0,54.0,1472,manual,99.0,29.0
59,COMPUTE,285.0,862.0,38.0,54.0,54.0,1472,manual,100.0,36.0
60,COMPUTE,281.0,868.0,38.0,52.0,51.0,1472,manual,100.0,32.0
61,COMPUTE,285.0,906.0,39.0,54.0,55.0,1430,manual,100.0,35.0
62,COMPUTE,299.0,906.0,38.0,53.0,54.0,1472,manual,99.0,32.0
63,COMPUTE,285.0,893.0,39.0,55.0,55.0,1472,manual,100.0,36.0
64,COMPUTE,292.0,893.0,39.0,55.0,56.0,1472,manual,99.0,29.0
65,COMPUTE,255.0,887.0,40.0,52.0,52.0,1502,manual,100.0,16.0
66,COMPUTE,278.0,887.0,40.0,56.0,55.0,1472,manual,100.0,29.0
67,COMPUTE,265.0,862.0,40.0,56.0,55.0,1502,manual,99.0,50.0
68,COMPUTE,268.0,906.0,40.0,56.0,55.0,1502,manual,100.0,50.0
69,COMPUTE,284.0,862.0,41.0,56.0,56.0,1472,manual,100.0,33.0
70,COMPUTE,247.0,912.0,40.0,53.0,53.0,1502,manual,100.0,14.0
71,COMPUTE,279.0,887.0,41.0,57.0,56.0,1472,manual,100.0,29.0
72,COMPUTE,241.0,887.0,41.0,57.0,55.0,1472,manual,100.0,46.0
73,COMPUTE,287.0,887.0,41.0,56.0,56.0,1430,manual,99.0,33.0
74,COMPUTE,245.0,912.0,41.0,57.0,56.0,1502,manual,100.0,50.0
75,COMPUTE,293.0,912.0,41.0,57.0,56.0,1472,manual,100.0,30.0
76,COMPUTE,267.0,912.0,42.0,57.0,55.0,1502,manual,100.0,50.0
77,COMPUTE,295.0,862.0,42.0,58.0,56.0,1430,manual,100.0,32.0
78,COMPUTE,316.0,893.0,42.0,58.0,57.0,1472,manual,100.0,39.0
79,COMPUTE,283.0,862.0,42.0,58.0,57.0,1472,manual,100.0,31.0
80,COMPUTE,269.0,912.0,42.0,58.0,58.0,1502,manual,100.0,49.0
81,COMPUTE,286.0,862.0,42.0,58.0,57.0,1430,manual,100.0,35.0
82,COMPUTE,271.0,912.0,43.0,58.0,58.0,1502,manual,100.0,58.0
83,COMPUTE,297.0,887.0,42.0,59.0,58.0,1430,manual,100.0,30.0
84,COMPUTE,297.0,893.0,43.0,59.0,58.0,1472,manual,100.0,29.0
85,COMPUTE,289.0,862.0,43.0,59.0,59.0,1430,manual,100.0,38.0
86,COMPUTE,296.0,893.0,43.0,57.0,57.0,1472,manual,99.0,29.0
87,COMPUTE,292.0,862.0,43.0,60.0,58.0,1472,manual,100.0,29.0
88,COMPUTE,294.0,893.0,43.0,60.0,59.0,1472,manual,100.0,29.0
89,COMPUTE,288.0,862.0,44.0,59.0,59.0,1430,manual,100.0,37.0
90,COMPUTE,298.0,862.0,43.0,60.0,60.0,1430,manual,100.0,29.0
91,COMPUTE,242.0,887.0,44.0,57.0,56.0,1502,manual,100.0,13.0
92,COMPUTE,288.0,862.0,44.0,59.0,58.0,1430,manual,100.0,36.0
93,COMPUTE,282.0,862.0,44.0,59.0,59.0,1430,manual,100.0,30.0
94,COMPUTE,282.0,893.0,44.0,60.0,60.0,1472,manual,100.0,33.0
95,COMPUTE,279.0,893.0,44.0,60.0,60.0,1472,manual,100.0,29.0
96,COMPUTE,253.0,906.0,44.0,58.0,57.0,1502,manual,100.0,16.0
97,COMPUTE,286.0,862.0,44.0,60.0,60.0,1430,manual,100.0,34.0
98,COMPUTE,288.0,862.0,44.0,61.0,60.0,1430,manual,100.0,35.0
99,COMPUTE,299.0,893.0,44.0,61.0,60.0,1472,manual,100.0,29.0
100,COMPUTE,286.0,862.0,45.0,61.0,61.0,1430,manual,100.0,36.0
101,COMPUTE,286.0,912.0,44.0,60.0,61.0,1472,manual,99.0,35.0
102,COMPUTE,297.0,862.0,45.0,61.0,60.0,1430,manual,100.0,33.0
103,COMPUTE,267.0,893.0,45.0,61.0,60.0,1502,manual,100.0,50.0
104,COMPUTE,283.0,893.0,45.0,61.0,59.0,1430,manual,100.0,31.0
105,COMPUTE,283.0,868.0,45.0,61.0,61.0,1430,manual,100.0,34.0
106,COMPUTE,272.0,893.0,45.0,61.0,59.0,1502,manual,99.0,50.0
107,COMPUTE,283.0,893.0,45.0,60.0,59.0,1472,manual,100.0,32.0
108,COMPUTE,289.0,862.0,45.0,61.0,60.0,1430,manual,100.0,34.0
109,COMPUTE,298.0,893.0,45.0,61.0,60.0,1430,manual,100.0,30.0
110,COMPUTE,293.0,893.0,45.0,62.0,60.0,1472,manual,100.0,29.0
111,COMPUTE,317.0,900.0,46.0,62.0,60.0,1472,manual,99.0,35.0
112,COMPUTE,282.0,862.0,45.0,60.0,58.0,1472,manual,100.0,30.0
113,COMPUTE,297.0,893.0,45.0,62.0,60.0,1430,manual,100.0,29.0
114,COMPUTE,294.0,893.0,45.0,62.0,60.0,1472,manual,100.0,30.0
115,COMPUTE,298.0,868.0,46.0,62.0,60.0,1430,manual,100.0,29.0
116,COMPUTE,298.0,893.0,46.0,62.0,60.0,1472,manual,100.0,32.0
117,COMPUTE,260.0,893.0,46.0,59.0,58.0,1502,manual,100.0,17.0
118,COMPUTE,261.0,900.0,46.0,62.0,61.0,1502,manual,100.0,49.0
119,COMPUTE,282.0,893.0,46.0,62.0,62.0,1430,manual,100.0,31.0
120,COMPUTE,282.0,862.0,46.0,62.0,61.0,1430,manual,100.0,33.0
121,COMPUTE,269.0,893.0,46.0,62.0,62.0,1502,manual,99.0,50.0
122,COMPUTE,44.0,906.0,46.0,62.0,62.0,300,manual,2.0,27.0
123,COMPUTE,49.0,662.0,44.0,49.0,52.0,300,manual,0.0,0.0
124,COMPUTE,58.0,662.0,42.0,46.0,49.0,300,manual,1.0,0.0
125,COMPUTE,40.0,662.0,42.0,45.0,48.0,300,manual,0.0,0.0
126,COMPUTE,39.0,662.0,41.0,44.0,47.0,300,manual,0.0,0.0
127,COMPUTE,39.0,668.0,41.0,44.0,47.0,300,manual,0.0,0.0
128,COMPUTE,39.0,662.0,40.0,43.0,47.0,300,manual,0.0,0.0
129,COMPUTE,39.0,925.0,39.0,43.0,46.0,300,manual,0.0,0.0
130,COMPUTE,39.0,662.0,39.0,43.0,45.0,300,manual,0.0,0.0
131,COMPUTE,39.0,668.0,39.0,42.0,45.0,300,manual,0.0,0.0
132,COMPUTE,39.0,675.0,38.0,42.0,45.0,300,manual,0.0,0.0
133,COMPUTE,39.0,662.0,38.0,42.0,45.0,1502,manual,0.0,0.0
134,COMPUTE,39.0,662.0,37.0,41.0,44.0,300,manual,0.0,0.0
135,COMPUTE,39.0,668.0,37.0,41.0,44.0,300,manual,0.0,0.0
136,COMPUTE,39.0,662.0,37.0,40.0,44.0,300,manual,0.0,0.0
137,COMPUTE,39.0,662.0,36.0,40.0,43.0,300,manual,0.0,0.0
138,COMPUTE,39.0,668.0,36.0,40.0,43.0,300,manual,0.0,0.0
139,COMPUTE,39.0,668.0,36.0,39.0,43.0,300,manual,0.0,0.0
140,COMPUTE,39.0,662.0,35.0,39.0,42.0,300,manual,0.0,0.0
141,COMPUTE,39.0,662.0,35.0,39.0,42.0,300,manual,0.0,0.0
142,COMPUTE,39.0,662.0,35.0,38.0,42.0,300,manual,0.0,0.0
143,COMPUTE,53.0,731.0,34.0,39.0,42.0,300,manual,1.0,0.0
144,COMPUTE,39.0,918.0,34.0,39.0,42.0,300,manual,0.0,0.0
145,COMPUTE,39.0,662.0,34.0,38.0,42.0,300,manual,0.0,0.0
146,COMPUTE,39.0,668.0,34.0,38.0,41.0,300,manual,0.0,0.0
147,COMPUTE,46.0,662.0,34.0,37.0,41.0,1502,manual,5.0,0.0
148,COMPUTE,217.0,906.0,34.0,38.0,41.0,1502,manual,85.0,2.0
149,COMPUTE,58.0,918.0,34.0,38.0,41.0,1502,manual,1.0,0.0
150,COMPUTE,39.0,675.0,34.0,37.0,41.0,300,manual,0.0,0.0
151,COMPUTE,49.0,668.0,33.0,37.0,41.0,1502,manual,5.0,1.0
152,COMPUTE,40.0,662.0,33.0,37.0,41.0,300,manual,0.0,0.0
153,COMPUTE,43.0,918.0,33.0,37.0,41.0,300,manual,0.0,0.0
154,COMPUTE,62.0,918.0,32.0,37.0,41.0,1502,manual,3.0,0.0
155,COMPUTE,56.0,918.0,32.0,37.0,40.0,1502,manual,1.0,2.0
156,COMPUTE,41.0,918.0,32.0,36.0,40.0,300,manual,0.0,0.0
157,COMPUTE,52.0,918.0,32.0,36.0,40.0,300,manual,29.0,1.0
158,COMPUTE,43.0,668.0,32.0,36.0,40.0,1502,manual,0.0,0.0
159,COMPUTE,38.0,668.0,32.0,36.0,40.0,300,manual,0.0,0.0
160,COMPUTE,54.0,662.0,32.0,35.0,40.0,1502,manual,3.0,1.0
161,COMPUTE,39.0,662.0,31.0,35.0,40.0,300,manual,0.0,0.0
162,COMPUTE,65.0,668.0,34.0,43.0,41.0,1502,manual,3.0,0.0
163,COMPUTE,263.0,906.0,33.0,43.0,46.0,1502,manual,100.0,44.0
164,COMPUTE,82.0,793.0,33.0,38.0,42.0,1502,manual,9.0,0.0
165,COMPUTE,68.0,862.0,32.0,36.0,40.0,1502,manual,3.0,0.0
166,COMPUTE,285.0,893.0,35.0,50.0,47.0,1430,manual,100.0,28.0
167,COMPUTE,287.0,900.0,36.0,54.0,47.0,1472,manual,100.0,19.0
168,COMPUTE,287.0,868.0,37.0,55.0,48.0,1502,manual,100.0,15.0
169,COMPUTE,294.0,887.0,37.0,55.0,49.0,1472,manual,100.0,17.0
170,COMPUTE,283.0,906.0,38.0,55.0,49.0,1472,manual,100.0,23.0
171,COMPUTE,274.0,906.0,38.0,56.0,48.0,1502,manual,100.0,49.0
172,COMPUTE,290.0,887.0,38.0,56.0,49.0,1502,manual,100.0,16.0
173,COMPUTE,280.0,887.0,39.0,56.0,49.0,1502,manual,100.0,17.0
174,COMPUTE,283.0,887.0,39.0,56.0,50.0,1502,manual,100.0,18.0
175,COMPUTE,281.0,887.0,39.0,56.0,50.0,1502,manual,100.0,17.0
176,COMPUTE,286.0,893.0,39.0,57.0,51.0,1430,manual,100.0,24.0
177,COMPUTE,297.0,906.0,39.0,57.0,51.0,1472,manual,99.0,21.0
178,COMPUTE,300.0,906.0,40.0,58.0,50.0,1472,manual,100.0,17.0
179,COMPUTE,236.0,862.0,40.0,54.0,49.0,1502,manual,100.0,9.0
180,COMPUTE,288.0,906.0,40.0,57.0,52.0,1430,manual,100.0,23.0
181,COMPUTE,301.0,887.0,40.0,57.0,53.0,1430,manual,100.0,22.0
182,COMPUTE,286.0,900.0,41.0,58.0,52.0,1472,manual,100.0,20.0
183,COMPUTE,132.0,912.0,41.0,57.0,54.0,1502,manual,100.0,1.0
184,COMPUTE,64.0,893.0,38.0,45.0,48.0,1502,manual,3.0,0.0
185,COMPUTE,281.0,900.0,40.0,57.0,52.0,1472,manual,100.0,21.0
186,COMPUTE,295.0,887.0,41.0,58.0,52.0,1472,manual,100.0,20.0
187,COMPUTE,296.0,906.0,41.0,59.0,52.0,1472,manual,100.0,21.0
188,COMPUTE,294.0,893.0,41.0,59.0,52.0,1472,manual,100.0,17.0
189,COMPUTE,285.0,912.0,42.0,59.0,53.0,1472,manual,100.0,23.0
190,COMPUTE,296.0,893.0,42.0,59.0,54.0,1472,manual,100.0,21.0
191,COMPUTE,299.0,893.0,41.0,60.0,53.0,1472,manual,100.0,21.0
192,COMPUTE,294.0,887.0,42.0,60.0,53.0,1472,manual,100.0,19.0
193,COMPUTE,282.0,906.0,42.0,60.0,54.0,1502,manual,100.0,18.0
194,COMPUTE,298.0,906.0,42.0,59.0,54.0,1430,manual,100.0,23.0
195,COMPUTE,243.0,893.0,42.0,55.0,51.0,1502,manual,100.0,9.0
196,COMPUTE,286.0,893.0,42.0,60.0,54.0,1502,manual,99.0,19.0
197,COMPUTE,285.0,893.0,43.0,60.0,54.0,1430,manual,100.0,24.0
198,COMPUTE,289.0,906.0,43.0,60.0,54.0,1472,manual,100.0,21.0
199,COMPUTE,300.0,893.0,43.0,61.0,53.0,1472,manual,100.0,20.0
200,COMPUTE,283.0,893.0,43.0,60.0,54.0,1502,manual,100.0,18.0
201,COMPUTE,286.0,893.0,43.0,60.0,55.0,1472,manual,100.0,24.0
202,COMPUTE,265.0,893.0,43.0,61.0,54.0,1502,manual,100.0,49.0
203,COMPUTE,280.0,925.0,43.0,59.0,60.0,1502,manual,100.0,44.0
204,COMPUTE,287.0,893.0,42.0,57.0,53.0,1472,manual,100.0,22.0
205,COMPUTE,283.0,862.0,43.0,61.0,53.0,1502,manual,100.0,18.0
206,COMPUTE,298.0,906.0,44.0,61.0,54.0,1430,manual,100.0,19.0
207,COMPUTE,284.0,893.0,43.0,61.0,55.0,1430,manual,100.0,23.0
208,COMPUTE,289.0,906.0,44.0,61.0,54.0,1472,manual,100.0,22.0
209,COMPUTE,285.0,862.0,44.0,62.0,55.0,1502,manual,100.0,18.0
210,COMPUTE,295.0,912.0,44.0,62.0,55.0,1472,manual,99.0,20.0
211,COMPUTE,249.0,887.0,44.0,58.0,53.0,1502,manual,100.0,10.0
212,COMPUTE,285.0,887.0,44.0,62.0,54.0,1502,manual,100.0,18.0
213,COMPUTE,286.0,906.0,44.0,62.0,55.0,1430,manual,100.0,23.0
214,COMPUTE,296.0,893.0,45.0,63.0,56.0,1472,manual,100.0,23.0
215,COMPUTE,283.0,887.0,45.0,62.0,55.0,1502,manual,100.0,17.0
216,COMPUTE,296.0,862.0,45.0,63.0,56.0,1472,manual,100.0,17.0
217,COMPUTE,289.0,912.0,45.0,62.0,55.0,1430,manual,100.0,24.0
218,COMPUTE,287.0,906.0,45.0,63.0,55.0,1502,manual,99.0,38.0
219,COMPUTE,287.0,893.0,45.0,63.0,56.0,1472,manual,100.0,18.0
220,COMPUTE,284.0,893.0,45.0,63.0,55.0,1472,manual,100.0,18.0
221,COMPUTE,280.0,906.0,45.0,62.0,56.0,1430,manual,100.0,22.0
222,COMPUTE,291.0,912.0,46.0,63.0,57.0,1430,manual,99.0,40.0
223,COMPUTE,53.0,925.0,44.0,54.0,53.0,1502,manual,5.0,0.0
224,COMPUTE,289.0,906.0,45.0,61.0,55.0,1472,manual,100.0,20.0
225,COMPUTE,284.0,862.0,45.0,63.0,55.0,1502,manual,100.0,19.0
226,COMPUTE,293.0,862.0,45.0,63.0,56.0,1472,manual,99.0,17.0
227,COMPUTE,246.0,893.0,45.0,59.0,53.0,1502,manual,100.0,8.0
228,COMPUTE,296.0,887.0,45.0,63.0,55.0,1472,manual,100.0,18.0
229,COMPUTE,291.0,862.0,46.0,63.0,56.0,1472,manual,100.0,23.0
230,COMPUTE,287.0,906.0,46.0,63.0,56.0,1430,manual,100.0,24.0
231,COMPUTE,286.0,887.0,46.0,64.0,55.0,1502,manual,100.0,48.0
232,COMPUTE,289.0,887.0,46.0,63.0,56.0,1472,manual,100.0,19.0
233,COMPUTE,144.0,912.0,46.0,62.0,55.0,1502,manual,74.0,0.0
234,COMPUTE,286.0,887.0,46.0,64.0,57.0,1430,manual,100.0,22.0
235,COMPUTE,295.0,893.0,46.0,64.0,56.0,1472,manual,100.0,17.0
236,COMPUTE,301.0,862.0,46.0,64.0,57.0,1472,manual,100.0,19.0
237,COMPUTE,282.0,893.0,46.0,64.0,58.0,1502,manual,99.0,19.0
238,COMPUTE,287.0,887.0,46.0,64.0,58.0,1430,manual,100.0,24.0
239,COMPUTE,295.0,893.0,46.0,64.0,57.0,1472,manual,100.0,19.0
240,COMPUTE,288.0,906.0,47.0,64.0,57.0,1502,manual,100.0,19.0
241,COMPUTE,284.0,862.0,47.0,64.0,58.0,1502,manual,100.0,18.0
242,COMPUTE,247.0,912.0,46.0,61.0,55.0,1502,manual,100.0,8.0
243,COMPUTE,43.0,662.0,45.0,57.0,56.0,300,manual,0.0,0.0
244,COMPUTE,288.0,887.0,46.0,63.0,56.0,1472,manual,100.0,21.0
245,COMPUTE,289.0,862.0,46.0,64.0,57.0,1472,manual,100.0,21.0
246,COMPUTE,285.0,906.0,47.0,64.0,58.0,1472,manual,100.0,18.0
247,COMPUTE,282.0,893.0,47.0,64.0,58.0,1472,manual,100.0,22.0
248,COMPUTE,288.0,893.0,46.0,64.0,58.0,1472,manual,100.0,20.0
249,COMPUTE,284.0,862.0,47.0,64.0,57.0,1502,manual,100.0,19.0
250,COMPUTE,295.0,881.0,47.0,64.0,58.0,1472,manual,99.0,17.0
251,COMPUTE,285.0,887.0,47.0,64.0,59.0,1472,manual,100.0,25.0
252,COMPUTE,286.0,893.0,47.0,64.0,57.0,1472,manual,100.0,20.0
253,COMPUTE,286.0,862.0,47.0,65.0,58.0,1472,manual,100.0,20.0
254,COMPUTE,288.0,887.0,47.0,64.0,58.0,1472,manual,99.0,19.0
255,COMPUTE,287.0,893.0,48.0,65.0,58.0,1430,manual,100.0,23.0
256,COMPUTE,290.0,906.0,47.0,65.0,58.0,1472,manual,100.0,20.0
257,COMPUTE,295.0,887.0,48.0,65.0,58.0,1472,manual,100.0,17.0
258,COMPUTE,301.0,893.0,47.0,61.0,56.0,1430,manual,100.0,22.0
259,COMPUTE,301.0,887.0,47.0,65.0,58.0,1472,manual,100.0,18.0
260,COMPUTE,290.0,862.0,48.0,65.0,58.0,1472,manual,100.0,19.0
261,COMPUTE,288.0,906.0,47.0,65.0,59.0,1472,manual,99.0,19.0
262,COMPUTE,282.0,912.0,47.0,63.0,63.0,1502,manual,100.0,43.0
263,COMPUTE,287.0,893.0,45.0,55.0,56.0,1430,manual,100.0,25.0
264,COMPUTE,301.0,906.0,47.0,65.0,57.0,1472,manual,100.0,20.0
265,COMPUTE,284.0,862.0,47.0,65.0,58.0,1502,manual,100.0,16.0
266,COMPUTE,295.0,862.0,48.0,65.0,59.0,1472,manual,99.0,19.0
267,COMPUTE,287.0,887.0,47.0,64.0,59.0,1430,manual,100.0,23.0
268,COMPUTE,294.0,893.0,48.0,65.0,58.0,1472,manual,100.0,21.0
269,COMPUTE,284.0,906.0,48.0,65.0,58.0,1502,manual,100.0,18.0
270,COMPUTE,286.0,862.0,48.0,65.0,59.0,1502,manual,100.0,18.0
271,COMPUTE,303.0,893.0,48.0,65.0,59.0,1430,manual,100.0,23.0
272,COMPUTE,272.0,893.0,48.0,65.0,58.0,1502,manual,100.0,50.0
273,COMPUTE,291.0,906.0,48.0,66.0,58.0,1472,manual,100.0,23.0
274,COMPUTE,264.0,893.0,48.0,64.0,58.0,1502,manual,100.0,22.0
275,COMPUTE,301.0,893.0,48.0,66.0,59.0,1430,manual,99.0,22.0
276,COMPUTE,303.0,887.0,48.0,66.0,57.0,1472,manual,100.0,18.0
277,COMPUTE,285.0,862.0,48.0,65.0,58.0,1472,manual,100.0,16.0
278,COMPUTE,288.0,893.0,48.0,65.0,58.0,1430,manual,100.0,24.0
279,COMPUTE,283.0,887.0,48.0,66.0,58.0,1472,manual,100.0,20.0
280,COMPUTE,295.0,887.0,48.0,66.0,59.0,1430,manual,100.0,20.0
281,COMPUTE,288.0,850.0,48.0,66.0,59.0,1472,manual,100.0,18.0
282,COMPUTE,136.0,662.0,48.0,63.0,63.0,1502,manual,100.0,0.0
283,COMPUTE,67.0,662.0,44.0,49.0,52.0,1502,manual,2.0,0.0
284,COMPUTE,39.0,662.0,43.0,47.0,50.0,300,manual,0.0,0.0
285,COMPUTE,39.0,662.0,43.0,46.0,49.0,300,manual,0.0,0.0
286,COMPUTE,39.0,675.0,42.0,45.0,49.0,300,manual,0.0,0.0
287,COMPUTE,40.0,662.0,42.0,45.0,48.0,300,manual,0.0,0.0
288,COMPUTE,40.0,662.0,41.0,44.0,48.0,300,manual,0.0,0.0
289,COMPUTE,39.0,662.0,41.0,44.0,47.0,300,manual,0.0,0.0
290,COMPUTE,39.0,668.0,40.0,44.0,47.0,300,manual,0.0,0.0
291,COMPUTE,39.0,662.0,40.0,43.0,46.0,300,manual,0.0,0.0
292,COMPUTE,59.0,943.0,40.0,43.0,47.0,1502,manual,0.0,0.0
293,COMPUTE,39.0,662.0,39.0,43.0,46.0,300,manual,0.0,0.0
294,COMPUTE,39.0,662.0,39.0,42.0,45.0,300,manual,0.0,0.0
295,COMPUTE,39.0,662.0,38.0,42.0,45.0,300,manual,0.0,0.0
296,COMPUTE,39.0,662.0,38.0,42.0,45.0,300,manual,0.0,0.0
297,COMPUTE,39.0,668.0,37.0,41.0,45.0,300,manual,0.0,0.0
298,COMPUTE,39.0,662.0,37.0,41.0,44.0,300,manual,0.0,0.0
299,COMPUTE,39.0,662.0,37.0,40.0,44.0,300,manual,0.0,0.0
300,COMPUTE,39.0,668.0,37.0,40.0,44.0,300,manual,0.0,0.0
301,COMPUTE,39.0,662.0,36.0,40.0,44.0,300,manual,0.0,0.0
302,COMPUTE,39.0,668.0,36.0,39.0,43.0,300,manual,0.0,0.0
303,COMPUTE,39.0,668.0,36.0,40.0,43.0,300,manual,0.0,0.0
304,COMPUTE,39.0,662.0,35.0,39.0,43.0,300,manual,0.0,0.0
305,COMPUTE,39.0,662.0,35.0,39.0,42.0,300,manual,0.0,0.0
306,COMPUTE,39.0,662.0,35.0,38.0,42.0,300,manual,0.0,0.0
307,COMPUTE,39.0,662.0,34.0,38.0,42.0,300,manual,0.0,0.0
308,COMPUTE,39.0,662.0,34.0,38.0,42.0,300,manual,0.0,0.0
309,COMPUTE,39.0,668.0,34.0,38.0,42.0,300,manual,0.0,0.0
310,COMPUTE,39.0,668.0,34.0,37.0,41.0,300,manual,0.0,0.0
311,COMPUTE,39.0,662.0,34.0,37.0,41.0,300,manual,0.0,0.0
312,COMPUTE,39.0,662.0,33.0,37.0,41.0,300,manual,0.0,0.0
313,COMPUTE,39.0,668.0,33.0,37.0,41.0,300,manual,0.0,0.0
314,COMPUTE,39.0,662.0,33.0,36.0,41.0,300,manual,0.0,0.0
315,COMPUTE,39.0,662.0,33.0,37.0,41.0,300,manual,0.0,0.0
316,COMPUTE,39.0,662.0,33.0,36.0,40.0,300,manual,0.0,0.0
317,COMPUTE,39.0,662.0,32.0,36.0,40.0,300,manual,0.0,0.0
318,COMPUTE,39.0,662.0,32.0,36.0,40.0,300,manual,0.0,0.0
319,COMPUTE,39.0,668.0,32.0,36.0,40.0,300,manual,0.0,0.0
320,COMPUTE,39.0,662.0,32.0,35.0,38.0,300,manual,0.0,0.0
321,COMPUTE,39.0,662.0,31.0,35.0,39.0,300,manual,0.0,0.0
322,COMPUTE,38.0,662.0,31.0,35.0,39.0,300,manual,0.0,0.0
323,COMPUTE,38.0,662.0,31.0,35.0,39.0,300,manual,0.0,0.0
324,COMPUTE,39.0,668.0,31.0,35.0,39.0,300,manual,0.0,0.0
325,COMPUTE,38.0,668.0,31.0,35.0,39.0,300,manual,0.0,0.0
326,COMPUTE,39.0,662.0,31.0,34.0,39.0,300,manual,0.0,0.0
327,COMPUTE,39.0,662.0,31.0,34.0,38.0,300,manual,0.0,0.0
328,COMPUTE,38.0,662.0,30.0,34.0,38.0,300,manual,0.0,0.0
329,COMPUTE,38.0,668.0,30.0,34.0,38.0,300,manual,0.0,0.0
330,COMPUTE,39.0,662.0,30.0,34.0,38.0,300,manual,0.0,0.0
331,COMPUTE,39.0,668.0,30.0,34.0,38.0,300,manual,0.0,0.0
332,COMPUTE,38.0,662.0,30.0,33.0,38.0,300,manual,0.0,0.0
333,COMPUTE,38.0,662.0,30.0,33.0,38.0,300,manual,0.0,0.0
334,COMPUTE,38.0,662.0,29.0,33.0,37.0,300,manual,0.0,0.0
335,COMPUTE,38.0,662.0,29.0,33.0,37.0,300,manual,0.0,0.0
336,COMPUTE,38.0,662.0,29.0,33.0,37.0,300,manual,0.0,0.0
337,COMPUTE,38.0,662.0,29.0,33.0,37.0,300,manual,0.0,0.0
338,COMPUTE,38.0,668.0,29.0,32.0,37.0,300,manual,0.0,0.0
339,COMPUTE,39.0,662.0,29.0,33.0,37.0,300,manual,0.0,0.0
340,COMPUTE,38.0,662.0,28.0,32.0,37.0,300,manual,0.0,0.0
341,COMPUTE,41.0,918.0,29.0,32.0,37.0,300,manual,0.0,0.0
342,COMPUTE,38.0,831.0,29.0,32.0,37.0,300,manual,0.0,1.0
343,COMPUTE,49.0,668.0,28.0,32.0,37.0,300,manual,1.0,0.0
344,COMPUTE,52.0,925.0,28.0,32.0,37.0,1502,manual,4.0,0.0
345,COMPUTE,62.0,662.0,28.0,32.0,37.0,1502,manual,2.0,0.0
346,COMPUTE,38.0,662.0,28.0,32.0,37.0,300,manual,0.0,0.0
347,COMPUTE,37.0,668.0,29.0,32.0,36.0,300,manual,0.0,0.0
348,COMPUTE,36.0,662.0,28.0,32.0,36.0,300,manual,0.0,0.0
349,COMPUTE,62.0,918.0,28.0,32.0,37.0,1502,manual,2.0,0.0
350,COMPUTE,38.0,662.0,27.0,32.0,36.0,300,manual,0.0,0.0
351,COMPUTE,37.0,662.0,27.0,32.0,36.0,300,manual,0.0,0.0
352,COMPUTE,37.0,662.0,27.0,31.0,36.0,300,manual,0.0,0.0
353,COMPUTE,37.0,662.0,27.0,31.0,36.0,300,manual,0.0,0.0
354,COMPUTE,37.0,668.0,27.0,31.0,35.0,300,manual,0.0,0.0
355,COMPUTE,37.0,662.0,27.0,31.0,35.0,300,manual,0.0,0.0
356,COMPUTE,37.0,662.0,27.0,31.0,35.0,300,manual,0.0,0.0
357,COMPUTE,38.0,668.0,27.0,30.0,35.0,300,manual,0.0,0.0
358,COMPUTE,36.0,662.0,26.0,31.0,35.0,300,manual,0.0,0.0
359,COMPUTE,37.0,662.0,26.0,31.0,35.0,300,manual,0.0,0.0
360,COMPUTE,38.0,662.0,27.0,31.0,35.0,300,manual,0.0,0.0
361,COMPUTE,37.0,662.0,26.0,30.0,35.0,300,manual,0.0,0.0
362,COMPUTE,36.0,662.0,27.0,31.0,35.0,300,manual,0.0,0.0
363,COMPUTE,62.0,750.0,26.0,30.0,35.0,1502,manual,2.0,0.0
364,COMPUTE,49.0,925.0,26.0,31.0,35.0,300,manual,1.0,0.0
365,COMPUTE,46.0,925.0,26.0,31.0,35.0,1502,manual,5.0,1.0
366,COMPUTE,51.0,925.0,27.0,31.0,35.0,300,manual,1.0,0.0
367,COMPUTE,43.0,662.0,26.0,30.0,35.0,1502,manual,0.0,0.0
368,COMPUTE,64.0,662.0,26.0,30.0,35.0,1502,manual,3.0,1.0
369,COMPUTE,63.0,918.0,26.0,31.0,35.0,1502,manual,2.0,1.0
370,COMPUTE,36.0,662.0,26.0,30.0,35.0,300,manual,0.0,0.0
371,COMPUTE,35.0,662.0,26.0,30.0,35.0,300,manual,0.0,0.0
372,COMPUTE,36.0,668.0,26.0,30.0,35.0,300,manual,0.0,0.0
373,COMPUTE,50.0,918.0,26.0,30.0,35.0,1502,manual,5.0,2.0
374,COMPUTE,40.0,925.0,26.0,30.0,35.0,300,manual,0.0,0.0
375,COMPUTE,50.0,918.0,26.0,30.0,35.0,1502,manual,4.0,0.0
376,COMPUTE,51.0,793.0,26.0,30.0,35.0,300,manual,1.0,1.0
377,COMPUTE,37.0,918.0,26.0,30.0,34.0,300,manual,0.0,0.0
378,COMPUTE,58.0,675.0,25.0,30.0,34.0,1502,manual,3.0,0.0
379,COMPUTE,37.0,662.0,26.0,30.0,34.0,300,manual,0.0,0.0
380,COMPUTE,37.0,900.0,26.0,30.0,34.0,300,manual,0.0,0.0
381,COMPUTE,217.0,662.0,26.0,31.0,34.0,1502,manual,99.0,11.0
382,COMPUTE,72.0,687.0,26.0,30.0,34.0,1502,manual,3.0,2.0
383,COMPUTE,43.0,918.0,26.0,30.0,34.0,1502,manual,0.0,0.0
384,COMPUTE,51.0,918.0,26.0,30.0,34.0,300,manual,1.0,1.0
385,COMPUTE,61.0,918.0,25.0,30.0,34.0,1502,manual,3.0,0.0
386,COMPUTE,65.0,662.0,26.0,30.0,34.0,1502,manual,2.0,0.0
387,COMPUTE,37.0,662.0,25.0,29.0,33.0,300,manual,0.0,0.0
388,COMPUTE,65.0,662.0,26.0,29.0,33.0,1502,manual,2.0,0.0
389,COMPUTE,37.0,662.0,25.0,30.0,35.0,300,manual,0.0,0.0
390,COMPUTE,218.0,906.0,27.0,37.0,34.0,1502,manual,100.0,2.0
391,COMPUTE,42.0,912.0,27.0,32.0,34.0,1502,manual,6.0,0.0
392,COMPUTE,36.0,668.0,26.0,30.0,34.0,300,manual,0.0,1.0
393,COMPUTE,36.0,662.0,26.0,30.0,34.0,300,manual,0.0,0.0
394,COMPUTE,253.0,912.0,29.0,42.0,41.0,1502,manual,100.0,23.0
395,COMPUTE,37.0,662.0,27.0,31.0,35.0,300,manual,0.0,0.0
396,COMPUTE,47.0,668.0,27.0,31.0,35.0,1502,manual,5.0,0.0
397,COMPUTE,42.0,662.0,26.0,30.0,34.0,1502,manual,0.0,0.0
398,COMPUTE,39.0,843.0,26.0,30.0,34.0,1502,manual,5.0,0.0
399,COMPUTE,36.0,918.0,26.0,30.0,34.0,300,manual,1.0,0.0
400,COMPUTE,41.0,906.0,26.0,30.0,34.0,300,manual,0.0,0.0
401,COMPUTE,289.0,818.0,29.0,43.0,49.0,1502,manual,100.0,59.0
402,COMPUTE,289.0,893.0,31.0,44.0,49.0,1319,manual,100.0,43.0
403,COMPUTE,287.0,812.0,31.0,46.0,51.0,1319,manual,100.0,43.0
404,COMPUTE,287.0,812.0,32.0,46.0,51.0,1363,manual,100.0,42.0
405,COMPUTE,286.0,812.0,32.0,47.0,52.0,1319,manual,100.0,42.0
406,COMPUTE,259.0,818.0,33.0,47.0,52.0,1502,manual,99.0,53.0
407,COMPUTE,287.0,831.0,33.0,47.0,52.0,1319,manual,100.0,42.0
408,COMPUTE,283.0,800.0,33.0,48.0,55.0,1502,manual,100.0,56.0
409,COMPUTE,291.0,906.0,34.0,48.0,53.0,1319,manual,100.0,43.0
410,COMPUTE,290.0,806.0,34.0,49.0,55.0,1319,manual,100.0,42.0
411,COMPUTE,287.0,806.0,35.0,48.0,54.0,1319,manual,100.0,42.0
412,COMPUTE,289.0,812.0,35.0,49.0,55.0,1319,manual,100.0,43.0
413,COMPUTE,263.0,812.0,36.0,49.0,54.0,1502,manual,100.0,50.0
414,COMPUTE,288.0,893.0,36.0,49.0,55.0,1319,manual,100.0,42.0
415,COMPUTE,349.0,806.0,36.0,50.0,57.0,1430,manual,99.0,46.0
416,COMPUTE,291.0,906.0,36.0,50.0,55.0,1319,manual,100.0,42.0
417,COMPUTE,287.0,806.0,37.0,51.0,56.0,1319,manual,100.0,42.0
418,COMPUTE,292.0,806.0,37.0,50.0,56.0,1319,manual,100.0,43.0
419,COMPUTE,289.0,812.0,37.0,51.0,56.0,1319,manual,100.0,42.0
420,COMPUTE,265.0,812.0,38.0,51.0,55.0,1502,manual,99.0,50.0
421,COMPUTE,290.0,875.0,37.0,51.0,56.0,1319,manual,100.0,41.0
422,COMPUTE,286.0,806.0,38.0,52.0,59.0,1472,manual,100.0,57.0
423,COMPUTE,289.0,893.0,38.0,52.0,57.0,1319,manual,100.0,42.0
424,COMPUTE,289.0,806.0,39.0,53.0,58.0,1319,manual,100.0,41.0
425,COMPUTE,291.0,912.0,39.0,52.0,57.0,1319,manual,100.0,42.0
426,COMPUTE,229.0,912.0,38.0,51.0,46.0,1502,manual,100.0,2.0
427,COMPUTE,228.0,906.0,38.0,51.0,44.0,1502,manual,100.0,2.0
428,COMPUTE,287.0,812.0,37.0,50.0,53.0,1319,manual,100.0,43.0
429,COMPUTE,241.0,812.0,39.0,52.0,56.0,1363,manual,100.0,45.0
430,COMPUTE,286.0,812.0,39.0,53.0,58.0,1363,manual,100.0,42.0
431,COMPUTE,283.0,906.0,39.0,53.0,57.0,1363,manual,100.0,40.0
432,COMPUTE,285.0,806.0,39.0,54.0,59.0,1363,manual,100.0,40.0
433,COMPUTE,294.0,912.0,40.0,54.0,58.0,1319,manual,100.0,40.0
434,COMPUTE,289.0,825.0,40.0,54.0,58.0,1502,manual,100.0,54.0
435,COMPUTE,288.0,831.0,41.0,54.0,58.0,1363,manual,100.0,38.0
436,COMPUTE,289.0,906.0,41.0,54.0,58.0,1363,manual,100.0,38.0
437,COMPUTE,276.0,850.0,41.0,55.0,60.0,1502,manual,100.0,52.0
438,COMPUTE,285.0,843.0,41.0,55.0,58.0,1363,manual,100.0,36.0
439,COMPUTE,284.0,912.0,41.0,55.0,58.0,1404,manual,100.0,36.0
440,COMPUTE,307.0,850.0,41.0,55.0,60.0,1404,manual,99.0,36.0
441,COMPUTE,285.0,850.0,41.0,55.0,58.0,1363,manual,100.0,36.0
442,COMPUTE,283.0,912.0,42.0,55.0,58.0,1363,manual,100.0,37.0
443,COMPUTE,275.0,825.0,41.0,56.0,60.0,1502,manual,100.0,51.0
444,COMPUTE,295.0,825.0,42.0,56.0,59.0,1363,manual,100.0,36.0
445,COMPUTE,293.0,893.0,42.0,56.0,58.0,1363,manual,100.0,34.0
446,COMPUTE,270.0,850.0,42.0,56.0,59.0,1502,manual,100.0,50.0
447,COMPUTE,293.0,831.0,42.0,57.0,59.0,1404,manual,100.0,33.0
448,COMPUTE,296.0,850.0,42.0,56.0,59.0,1363,manual,100.0,34.0
449,COMPUTE,294.0,906.0,43.0,57.0,58.0,1404,manual,100.0,35.0
450,COMPUTE,283.0,850.0,42.0,57.0,61.0,1502,manual,100.0,51.0
451,COMPUTE,292.0,850.0,43.0,56.0,59.0,1404,manual,100.0,35.0
452,COMPUTE,292.0,862.0,43.0,57.0,59.0,1363,manual,100.0,34.0
453,COMPUTE,292.0,893.0,43.0,57.0,59.0,1404,manual,100.0,33.0
454,COMPUTE,279.0,850.0,43.0,58.0,61.0,1502,manual,100.0,50.0
455,COMPUTE,297.0,850.0,43.0,58.0,59.0,1404,manual,100.0,34.0
456,COMPUTE,281.0,843.0,43.0,58.0,59.0,1404,manual,100.0,34.0
457,COMPUTE,294.0,912.0,43.0,58.0,59.0,1363,manual,100.0,33.0
458,COMPUTE,305.0,906.0,43.0,58.0,61.0,1472,manual,99.0,35.0
459,COMPUTE,229.0,912.0,43.0,55.0,49.0,1502,manual,100.0,2.0
460,COMPUTE,270.0,850.0,43.0,57.0,59.0,1502,manual,100.0,50.0
461,COMPUTE,303.0,850.0,43.0,58.0,62.0,1404,manual,100.0,34.0
462,COMPUTE,290.0,850.0,44.0,58.0,60.0,1404,manual,100.0,33.0
463,COMPUTE,295.0,850.0,44.0,57.0,58.0,1363,manual,100.0,35.0
464,COMPUTE,289.0,912.0,44.0,58.0,59.0,1404,manual,100.0,34.0
465,COMPUTE,272.0,850.0,44.0,59.0,60.0,1502,manual,100.0,51.0
466,COMPUTE,305.0,850.0,44.0,58.0,63.0,1404,manual,99.0,35.0
467,COMPUTE,291.0,850.0,44.0,59.0,61.0,1404,manual,100.0,33.0
468,COMPUTE,296.0,850.0,45.0,59.0,60.0,1363,manual,100.0,35.0
469,COMPUTE,283.0,912.0,45.0,59.0,60.0,1363,manual,100.0,34.0
470,COMPUTE,274.0,831.0,44.0,59.0,63.0,1502,manual,100.0,49.0
471,COMPUTE,281.0,843.0,45.0,59.0,62.0,1404,manual,100.0,36.0
472,COMPUTE,298.0,831.0,45.0,59.0,61.0,1363,manual,100.0,35.0
473,COMPUTE,283.0,912.0,45.0,59.0,61.0,1404,manual,100.0,35.0
474,COMPUTE,287.0,831.0,45.0,59.0,63.0,1502,manual,100.0,53.0
475,COMPUTE,280.0,825.0,45.0,59.0,62.0,1404,manual,100.0,34.0
476,COMPUTE,298.0,831.0,45.0,59.0,62.0,1363,manual,100.0,36.0
477,COMPUTE,285.0,912.0,45.0,60.0,61.0,1363,manual,100.0,37.0
478,COMPUTE,285.0,850.0,45.0,60.0,64.0,1502,manual,100.0,52.0
479,COMPUTE,300.0,843.0,46.0,60.0,62.0,1363,manual,100.0,36.0
480,COMPUTE,289.0,912.0,46.0,60.0,62.0,1363,manual,100.0,36.0
481,COMPUTE,269.0,825.0,45.0,60.0,63.0,1502,manual,100.0,49.0
482,COMPUTE,291.0,831.0,46.0,60.0,63.0,1363,manual,100.0,36.0
483,COMPUTE,290.0,831.0,46.0,60.0,63.0,1363,manual,100.0,37.0
484,COMPUTE,273.0,825.0,46.0,60.0,62.0,1472,manual,100.0,52.0
485,COMPUTE,290.0,825.0,46.0,60.0,64.0,1363,manual,100.0,37.0
486,COMPUTE,291.0,812.0,46.0,60.0,63.0,1363,manual,100.0,39.0
487,COMPUTE,292.0,831.0,46.0,60.0,63.0,1363,manual,100.0,38.0
488,COMPUTE,293.0,806.0,46.0,61.0,65.0,1363,manual,100.0,40.0
489,COMPUTE,293.0,831.0,46.0,60.0,64.0,1319,manual,100.0,40.0
490,COMPUTE,283.0,812.0,46.0,60.0,64.0,1363,manual,100.0,41.0
491,COMPUTE,229.0,906.0,46.0,58.0,61.0,1502,manual,99.0,2.0
492,COMPUTE,229.0,812.0,46.0,58.0,52.0,1502,manual,100.0,2.0
493,COMPUTE,281.0,806.0,46.0,60.0,63.0,1363,manual,100.0,41.0
494,COMPUTE,301.0,831.0,46.0,60.0,64.0,1319,manual,100.0,40.0
495,COMPUTE,272.0,806.0,46.0,60.0,64.0,1502,manual,100.0,50.0
496,COMPUTE,299.0,812.0,46.0,60.0,65.0,1319,manual,100.0,41.0
497,COMPUTE,284.0,912.0,47.0,60.0,64.0,1319,manual,100.0,43.0
498,COMPUTE,278.0,812.0,46.0,61.0,66.0,1502,manual,100.0,50.0
499,COMPUTE,289.0,812.0,47.0,60.0,65.0,1319,manual,100.0,42.0
500,COMPUTE,292.0,881.0,47.0,60.0,65.0,1319,manual,100.0,43.0
501,COMPUTE,292.0,812.0,46.0,61.0,66.0,1319,manual,100.0,42.0
502,COMPUTE,291.0,912.0,47.0,60.0,64.0,1319,manual,100.0,41.0
503,COMPUTE,267.0,812.0,47.0,61.0,65.0,1502,manual,100.0,69.0
504,COMPUTE,287.0,812.0,47.0,61.0,64.0,1319,manual,100.0,43.0
505,COMPUTE,282.0,912.0,47.0,60.0,64.0,1319,manual,100.0,42.0
506,COMPUTE,282.0,812.0,47.0,61.0,66.0,1502,manual,100.0,51.0
507,COMPUTE,292.0,812.0,47.0,60.0,65.0,1319,manual,100.0,42.0
508,COMPUTE,274.0,812.0,47.0,60.0,65.0,1502,manual,100.0,56.0
509,COMPUTE,295.0,793.0,47.0,61.0,66.0,1319,manual,100.0,43.0
510,COMPUTE,287.0,906.0,47.0,60.0,66.0,1319,manual,100.0,43.0
511,COMPUTE,269.0,812.0,46.0,60.0,64.0,1502,manual,100.0,65.0
512,COMPUTE,280.0,806.0,47.0,61.0,65.0,1319,manual,100.0,43.0
513,COMPUTE,291.0,912.0,47.0,60.0,66.0,1319,manual,100.0,44.0
514,COMPUTE,329.0,812.0,47.0,61.0,66.0,1404,manual,99.0,45.0
515,COMPUTE,292.0,793.0,48.0,61.0,65.0,1283,manual,100.0,43.0
516,COMPUTE,272.0,806.0,48.0,61.0,65.0,1502,manual,99.0,50.0
517,COMPUTE,296.0,806.0,48.0,61.0,65.0,1283,manual,100.0,43.0
518,COMPUTE,295.0,912.0,48.0,61.0,65.0,1319,manual,100.0,44.0
519,COMPUTE,281.0,806.0,47.0,61.0,67.0,1502,manual,100.0,50.0
520,COMPUTE,294.0,793.0,47.0,61.0,65.0,1283,manual,100.0,43.0
521,COMPUTE,215.0,906.0,48.0,61.0,65.0,1363,manual,100.0,45.0
522,COMPUTE,229.0,906.0,47.0,59.0,54.0,1502,manual,100.0,2.0
523,COMPUTE,285.0,793.0,47.0,61.0,64.0,1502,manual,99.0,51.0
524,COMPUTE,292.0,806.0,48.0,60.0,65.0,1283,manual,100.0,43.0
525,COMPUTE,272.0,806.0,47.0,60.0,66.0,1502,manual,99.0,50.0
526,COMPUTE,292.0,812.0,48.0,61.0,66.0,1319,manual,100.0,42.0
527,COMPUTE,295.0,912.0,48.0,61.0,66.0,1283,manual,100.0,42.0
528,COMPUTE,280.0,806.0,47.0,62.0,67.0,1319,manual,100.0,43.0
529,COMPUTE,281.0,893.0,48.0,61.0,66.0,1319,manual,100.0,42.0
530,COMPUTE,284.0,812.0,48.0,61.0,67.0,1502,manual,100.0,52.0
531,COMPUTE,288.0,787.0,48.0,61.0,66.0,1319,manual,100.0,43.0
532,COMPUTE,273.0,806.0,48.0,62.0,66.0,1502,manual,100.0,50.0
533,COMPUTE,289.0,812.0,48.0,61.0,66.0,1319,manual,100.0,43.0
534,COMPUTE,290.0,831.0,48.0,61.0,66.0,1319,manual,100.0,43.0
535,COMPUTE,291.0,812.0,48.0,62.0,67.0,1319,manual,100.0,42.0
536,COMPUTE,289.0,912.0,48.0,61.0,66.0,1319,manual,100.0,44.0
537,COMPUTE,291.0,793.0,48.0,62.0,68.0,1502,manual,99.0,46.0
538,COMPUTE,290.0,875.0,48.0,61.0,66.0,1319,manual,100.0,42.0
539,COMPUTE,288.0,806.0,48.0,62.0,67.0,1502,manual,100.0,54.0
540,COMPUTE,289.0,812.0,48.0,62.0,66.0,1319,manual,100.0,42.0
541,COMPUTE,288.0,812.0,49.0,61.0,66.0,1319,manual,100.0,41.0
542,COMPUTE,291.0,806.0,48.0,62.0,67.0,1319,manual,100.0,41.0
543,COMPUTE,288.0,912.0,48.0,61.0,66.0,1319,manual,100.0,41.0
544,COMPUTE,346.0,812.0,48.0,62.0,68.0,1472,manual,100.0,43.0
545,COMPUTE,287.0,812.0,49.0,62.0,66.0,1319,manual,100.0,40.0
546,COMPUTE,272.0,812.0,48.0,62.0,66.0,1502,manual,100.0,49.0
547,COMPUTE,299.0,825.0,49.0,62.0,66.0,1319,manual,100.0,39.0
548,COMPUTE,297.0,906.0,49.0,62.0,66.0,1319,manual,100.0,39.0
549,COMPUTE,302.0,806.0,48.0,63.0,67.0,1319,manual,100.0,40.0
550,COMPUTE,296.0,912.0,49.0,62.0,66.0,1319,manual,100.0,38.0
551,COMPUTE,231.0,912.0,48.0,61.0,55.0,1502,manual,100.0,2.0
552,COMPUTE,300.0,912.0,48.0,62.0,63.0,1319,manual,100.0,38.0
553,COMPUTE,280.0,812.0,48.0,62.0,67.0,1502,manual,100.0,51.0
554,COMPUTE,282.0,825.0,48.0,62.0,66.0,1363,manual,100.0,39.0
555,COMPUTE,195.0,806.0,49.0,62.0,66.0,1404,manual,100.0,43.0
556,COMPUTE,294.0,825.0,48.0,63.0,66.0,1363,manual,100.0,40.0
557,COMPUTE,289.0,912.0,49.0,63.0,66.0,1363,manual,100.0,39.0
558,COMPUTE,291.0,825.0,48.0,62.0,66.0,1502,manual,100.0,54.0
559,COMPUTE,281.0,812.0,49.0,62.0,66.0,1363,manual,100.0,39.0
560,COMPUTE,278.0,912.0,49.0,63.0,65.0,1363,manual,100.0,38.0
561,COMPUTE,279.0,825.0,48.0,63.0,67.0,1363,manual,99.0,38.0
562,COMPUTE,292.0,831.0,49.0,63.0,66.0,1319,manual,100.0,36.0
563,COMPUTE,276.0,831.0,49.0,63.0,66.0,1502,manual,100.0,50.0
564,COMPUTE,295.0,812.0,49.0,63.0,66.0,1319,manual,100.0,38.0
565,COMPUTE,294.0,912.0,49.0,62.0,66.0,1319,manual,100.0,38.0
566,COMPUTE,281.0,812.0,49.0,63.0,67.0,1502,manual,100.0,51.0
567,COMPUTE,292.0,812.0,49.0,63.0,66.0,1319,manual,100.0,35.0
568,COMPUTE,293.0,912.0,49.0,62.0,65.0,1319,manual,100.0,36.0
569,COMPUTE,291.0,831.0,48.0,63.0,68.0,1363,manual,99.0,36.0
570,COMPUTE,292.0,806.0,49.0,63.0,65.0,1363,manual,100.0,37.0
571,COMPUTE,289.0,831.0,49.0,63.0,65.0,1363,manual,100.0,37.0
572,COMPUTE,288.0,825.0,49.0,63.0,67.0,1363,manual,100.0,36.0
573,COMPUTE,281.0,893.0,49.0,63.0,66.0,1363,manual,100.0,36.0
574,COMPUTE,274.0,812.0,49.0,63.0,66.0,1502,manual,99.0,50.0
575,COMPUTE,291.0,831.0,49.0,63.0,66.0,1363,manual,100.0,38.0
576,COMPUTE,291.0,912.0,49.0,63.0,66.0,1363,manual,100.0,37.0
577,COMPUTE,283.0,825.0,49.0,63.0,65.0,1502,manual,97.0,51.0
578,COMPUTE,289.0,831.0,49.0,63.0,66.0,1363,manual,100.0,37.0
579,COMPUTE,290.0,906.0,49.0,63.0,65.0,1363,manual,100.0,36.0
580,COMPUTE,289.0,812.0,49.0,63.0,68.0,1502,manual,100.0,51.0
581,COMPUTE,234.0,906.0,49.0,61.0,59.0,1502,manual,100.0,2.0
582,COMPUTE,290.0,812.0,48.0,63.0,62.0,1363,manual,100.0,36.0
583,COMPUTE,293.0,831.0,49.0,63.0,65.0,1363,manual,100.0,36.0
584,COMPUTE,291.0,912.0,49.0,63.0,65.0,1363,manual,100.0,39.0
585,COMPUTE,292.0,825.0,49.0,63.0,68.0,1363,manual,99.0,37.0
586,COMPUTE,292.0,831.0,49.0,63.0,66.0,1363,manual,100.0,38.0
587,COMPUTE,291.0,893.0,49.0,63.0,66.0,1363,manual,100.0,37.0
588,COMPUTE,280.0,825.0,49.0,63.0,68.0,1502,manual,100.0,51.0
589,COMPUTE,283.0,831.0,49.0,63.0,66.0,1363,manual,100.0,38.0
590,COMPUTE,291.0,912.0,49.0,63.0,66.0,1363,manual,100.0,38.0
591,COMPUTE,291.0,831.0,49.0,64.0,68.0,1502,manual,100.0,52.0
592,COMPUTE,282.0,812.0,49.0,63.0,66.0,1363,manual,100.0,37.0
593,COMPUTE,291.0,912.0,49.0,63.0,66.0,1363,manual,100.0,36.0
594,COMPUTE,287.0,812.0,49.0,63.0,65.0,1502,manual,99.0,52.0
595,COMPUTE,280.0,812.0,50.0,63.0,66.0,1363,manual,100.0,39.0
596,COMPUTE,291.0,912.0,50.0,63.0,66.0,1363,manual,100.0,38.0
597,COMPUTE,286.0,831.0,49.0,64.0,68.0,1502,manual,100.0,52.0
598,COMPUTE,294.0,831.0,49.0,63.0,66.0,1363,manual,100.0,38.0
599,COMPUTE,294.0,912.0,49.0,63.0,66.0,1319,manual,100.0,37.0
600,COMPUTE,283.0,831.0,50.0,64.0,68.0,1502,manual,100.0,51.0
601,COMPUTE,294.0,812.0,50.0,63.0,67.0,1363,manual,100.0,37.0
602,COMPUTE,292.0,893.0,50.0,63.0,66.0,1363,manual,100.0,38.0
603,COMPUTE,289.0,825.0,49.0,64.0,68.0,1502,manual,100.0,52.0
604,COMPUTE,296.0,831.0,49.0,62.0,66.0,1319,manual,100.0,39.0
605,COMPUTE,295.0,912.0,50.0,63.0,66.0,1363,manual,100.0,38.0
606,COMPUTE,280.0,825.0,49.0,64.0,68.0,1502,manual,100.0,50.0
607,COMPUTE,295.0,831.0,50.0,63.0,67.0,1319,manual,100.0,38.0
608,COMPUTE,286.0,906.0,49.0,63.0,66.0,1319,manual,100.0,39.0
609,COMPUTE,298.0,831.0,49.0,64.0,69.0,1319,manual,100.0,37.0
610,COMPUTE,286.0,831.0,50.0,63.0,67.0,1363,manual,100.0,40.0
611,COMPUTE,283.0,806.0,50.0,63.0,67.0,1363,manual,100.0,39.0
612,COMPUTE,233.0,906.0,49.0,61.0,64.0,1502,manual,100.0,2.0
613,COMPUTE,234.0,806.0,49.0,61.0,55.0,1502,manual,100.0,2.0
614,COMPUTE,286.0,812.0,49.0,63.0,66.0,1319,manual,100.0,38.0
615,COMPUTE,296.0,893.0,50.0,63.0,66.0,1319,manual,100.0,39.0
616,COMPUTE,273.0,831.0,49.0,63.0,67.0,1502,manual,100.0,49.0
617,COMPUTE,300.0,831.0,50.0,63.0,67.0,1319,manual,100.0,37.0
618,COMPUTE,282.0,893.0,50.0,63.0,66.0,1363,manual,100.0,39.0
619,COMPUTE,288.0,831.0,49.0,64.0,68.0,1502,manual,100.0,52.0
620,COMPUTE,292.0,825.0,50.0,63.0,67.0,1363,manual,100.0,39.0
621,COMPUTE,281.0,906.0,50.0,64.0,66.0,1363,manual,100.0,38.0
622,COMPUTE,289.0,812.0,49.0,64.0,69.0,1502,manual,100.0,52.0
623,COMPUTE,283.0,831.0,49.0,63.0,67.0,1363,manual,100.0,38.0
624,COMPUTE,283.0,831.0,49.0,63.0,67.0,1363,manual,100.0,39.0
625,COMPUTE,298.0,825.0,49.0,64.0,68.0,1319,manual,100.0,39.0
626,COMPUTE,294.0,912.0,50.0,63.0,67.0,1363,manual,100.0,41.0
627,COMPUTE,272.0,812.0,49.0,63.0,68.0,1502,manual,100.0,49.0
628,COMPUTE,276.0,906.0,49.0,64.0,65.0,1502,manual,100.0,23.0
629,COMPUTE,77.0,668.0,48.0,63.0,59.0,1502,manual,21.0,8.0
630,COMPUTE,64.0,662.0,45.0,50.0,53.0,1502,manual,3.0,0.0
631,COMPUTE,59.0,925.0,45.0,48.0,51.0,300,manual,1.0,1.0
632,COMPUTE,71.0,925.0,44.0,47.0,51.0,300,manual,1.0,0.0
633,COMPUTE,69.0,668.0,43.0,47.0,50.0,1502,manual,2.0,0.0
634,COMPUTE,48.0,662.0,43.0,46.0,50.0,300,manual,0.0,2.0
635,COMPUTE,48.0,662.0,42.0,46.0,49.0,300,manual,0.0,2.0
636,COMPUTE,39.0,668.0,42.0,45.0,49.0,300,manual,0.0,0.0
637,COMPUTE,40.0,662.0,42.0,45.0,48.0,300,manual,0.0,0.0
638,COMPUTE,39.0,668.0,41.0,45.0,48.0,300,manual,0.0,0.0
639,COMPUTE,39.0,662.0,41.0,44.0,47.0,300,manual,0.0,0.0
640,COMPUTE,71.0,662.0,40.0,44.0,47.0,1502,manual,2.0,0.0
641,COMPUTE,80.0,837.0,40.0,43.0,47.0,1502,manual,2.0,0.0
642,COMPUTE,77.0,662.0,40.0,43.0,47.0,1502,manual,8.0,0.0
643,COMPUTE,40.0,925.0,39.0,43.0,46.0,300,manual,0.0,0.0
644,COMPUTE,145.0,925.0,39.0,43.0,46.0,1502,manual,32.0,1.0
645,COMPUTE,54.0,925.0,39.0,42.0,46.0,300,manual,4.0,0.0
646,COMPUTE,54.0,668.0,38.0,42.0,46.0,300,manual,5.0,0.0
647,COMPUTE,59.0,925.0,38.0,42.0,45.0,1502,manual,2.0,1.0
648,COMPUTE,54.0,862.0,40.0,48.0,49.0,300,manual,1.0,0.0
649,COMPUTE,309.0,925.0,42.0,54.0,62.0,1283,manual,100.0,58.0
650,COMPUTE,240.0,912.0,41.0,53.0,50.0,1502,manual,99.0,12.0
651,COMPUTE,305.0,812.0,42.0,53.0,60.0,1363,manual,100.0,58.0
652,COMPUTE,244.0,912.0,42.0,55.0,60.0,1404,manual,100.0,10.0
653,COMPUTE,303.0,793.0,42.0,55.0,61.0,1283,manual,99.0,52.0
654,COMPUTE,246.0,912.0,43.0,56.0,60.0,1404,manual,100.0,13.0
655,COMPUTE,246.0,793.0,43.0,57.0,63.0,1319,manual,99.0,69.0
656,COMPUTE,253.0,912.0,43.0,57.0,56.0,1502,manual,100.0,13.0
657,COMPUTE,214.0,912.0,44.0,58.0,56.0,1472,manual,100.0,3.0
658,COMPUTE,355.0,906.0,44.0,57.0,56.0,1404,manual,100.0,19.0
659,COMPUTE,273.0,912.0,44.0,57.0,58.0,1363,manual,100.0,14.0
660,COMPUTE,252.0,912.0,44.0,57.0,59.0,1363,manual,100.0,11.0
661,COMPUTE,324.0,875.0,44.0,57.0,63.0,1283,manual,100.0,75.0
662,COMPUTE,320.0,843.0,44.0,57.0,62.0,1319,manual,100.0,71.0
663,COMPUTE,283.0,800.0,43.0,58.0,55.0,1363,manual,100.0,30.0
664,COMPUTE,313.0,793.0,43.0,57.0,54.0,1472,manual,99.0,32.0
665,COMPUTE,307.0,793.0,43.0,58.0,55.0,1502,manual,100.0,33.0
666,COMPUTE,261.0,825.0,43.0,57.0,55.0,1502,manual,100.0,24.0
667,COMPUTE,156.0,812.0,43.0,58.0,54.0,1502,manual,100.0,1.0
668,COMPUTE,210.0,812.0,44.0,57.0,54.0,1502,manual,100.0,4.0
669,COMPUTE,209.0,806.0,44.0,57.0,54.0,1502,manual,100.0,3.0
670,COMPUTE,210.0,793.0,44.0,57.0,54.0,1502,manual,100.0,4.0
671,COMPUTE,201.0,806.0,44.0,57.0,56.0,1502,manual,100.0,4.0
672,COMPUTE,258.0,912.0,44.0,57.0,54.0,1502,manual,99.0,39.0
673,COMPUTE,211.0,918.0,45.0,58.0,55.0,1502,manual,100.0,5.0
674,COMPUTE,208.0,912.0,44.0,58.0,55.0,1502,manual,100.0,10.0
675,COMPUTE,282.0,912.0,45.0,59.0,56.0,1502,manual,99.0,19.0
676,COMPUTE,252.0,906.0,45.0,59.0,55.0,1502,manual,98.0,15.0
677,COMPUTE,342.0,912.0,45.0,59.0,56.0,1404,manual,100.0,17.0
678,COMPUTE,219.0,912.0,45.0,59.0,58.0,1502,manual,100.0,9.0
679,COMPUTE,296.0,912.0,46.0,59.0,58.0,1363,manual,100.0,15.0
680,COMPUTE,208.0,912.0,45.0,59.0,58.0,1502,manual,100.0,10.0
681,COMPUTE,43.0,925.0,45.0,57.0,60.0,300,manual,0.0,0.0
682,COMPUTE,311.0,900.0,45.0,58.0,64.0,1283,manual,99.0,66.0
683,COMPUTE,311.0,850.0,45.0,58.0,63.0,1235,manual,99.0,67.0
684,COMPUTE,324.0,856.0,45.0,58.0,63.0,1319,manual,100.0,72.0
685,COMPUTE,309.0,893.0,45.0,58.0,61.0,1283,manual,99.0,75.0
686,COMPUTE,314.0,825.0,45.0,58.0,61.0,1283,manual,99.0,60.0
687,COMPUTE,155.0,812.0,45.0,59.0,59.0,1363,manual,98.0,52.0
688,COMPUTE,296.0,818.0,45.0,59.0,57.0,1319,manual,100.0,30.0
689,COMPUTE,172.0,806.0,45.0,59.0,56.0,1404,manual,100.0,49.0
690,COMPUTE,282.0,793.0,45.0,59.0,56.0,1319,manual,99.0,30.0
691,COMPUTE,264.0,812.0,45.0,59.0,55.0,1502,manual,100.0,27.0
692,COMPUTE,255.0,662.0,45.0,58.0,54.0,1502,manual,99.0,24.0
693,COMPUTE,258.0,806.0,45.0,59.0,53.0,1502,manual,100.0,27.0
694,COMPUTE,210.0,793.0,45.0,58.0,55.0,1502,manual,100.0,3.0
695,COMPUTE,203.0,843.0,45.0,58.0,56.0,1502,manual,100.0,4.0
696,COMPUTE,203.0,825.0,46.0,59.0,57.0,1502,manual,100.0,4.0
697,COMPUTE,256.0,912.0,45.0,59.0,55.0,1502,manual,100.0,38.0
698,COMPUTE,227.0,912.0,46.0,59.0,57.0,1502,manual,100.0,11.0
699,COMPUTE,239.0,912.0,46.0,59.0,56.0,1502,manual,100.0,12.0
700,COMPUTE,233.0,906.0,46.0,59.0,56.0,1502,manual,100.0,12.0
701,COMPUTE,217.0,918.0,46.0,59.0,56.0,1502,manual,100.0,8.0
702,COMPUTE,210.0,912.0,46.0,59.0,57.0,1502,manual,100.0,10.0
703,COMPUTE,278.0,912.0,46.0,60.0,57.0,1502,manual,100.0,21.0
704,COMPUTE,206.0,912.0,46.0,60.0,56.0,1502,manual,100.0,14.0
705,COMPUTE,278.0,912.0,46.0,60.0,58.0,1363,manual,100.0,17.0
706,COMPUTE,337.0,912.0,46.0,60.0,59.0,1363,manual,100.0,20.0
707,COMPUTE,247.0,912.0,46.0,61.0,58.0,1404,manual,100.0,10.0
708,COMPUTE,357.0,912.0,46.0,60.0,59.0,1430,manual,100.0,19.0
709,COMPUTE,360.0,906.0,46.0,59.0,58.0,1430,manual,99.0,22.0
710,COMPUTE,295.0,906.0,46.0,59.0,61.0,1363,manual,100.0,17.0
711,COMPUTE,377.0,906.0,46.0,59.0,65.0,1404,manual,100.0,26.0
712,COMPUTE,239.0,912.0,46.0,59.0,62.0,1502,manual,100.0,7.0
713,COMPUTE,249.0,850.0,46.0,60.0,66.0,1283,manual,99.0,53.0
714,COMPUTE,141.0,881.0,46.0,59.0,65.0,1319,manual,100.0,48.0
715,COMPUTE,314.0,843.0,46.0,59.0,63.0,1283,manual,100.0,60.0
716,COMPUTE,300.0,893.0,46.0,59.0,64.0,1283,manual,99.0,51.0
717,COMPUTE,303.0,850.0,46.0,59.0,62.0,1283,manual,99.0,60.0
718,COMPUTE,318.0,856.0,45.0,59.0,61.0,1319,manual,99.0,60.0
719,COMPUTE,303.0,856.0,46.0,60.0,62.0,1283,manual,99.0,59.0
720,COMPUTE,191.0,893.0,46.0,59.0,61.0,1363,manual,99.0,47.0
721,COMPUTE,314.0,881.0,46.0,59.0,62.0,1283,manual,99.0,60.0
722,COMPUTE,216.0,793.0,46.0,59.0,60.0,1319,manual,99.0,44.0
723,COMPUTE,293.0,806.0,45.0,60.0,57.0,1319,manual,100.0,30.0
724,COMPUTE,293.0,806.0,45.0,60.0,57.0,1363,manual,100.0,30.0
725,COMPUTE,343.0,800.0,45.0,60.0,56.0,1472,manual,99.0,31.0
726,COMPUTE,257.0,812.0,45.0,59.0,55.0,1502,manual,100.0,26.0
727,COMPUTE,257.0,793.0,45.0,59.0,56.0,1502,manual,100.0,25.0
728,COMPUTE,157.0,806.0,45.0,60.0,55.0,1502,manual,100.0,2.0
729,COMPUTE,210.0,787.0,46.0,59.0,55.0,1502,manual,100.0,3.0
730,COMPUTE,205.0,806.0,46.0,59.0,56.0,1502,manual,100.0,4.0
731,COMPUTE,205.0,812.0,46.0,59.0,56.0,1502,manual,93.0,3.0
732,COMPUTE,213.0,900.0,46.0,59.0,56.0,1502,manual,100.0,27.0
733,COMPUTE,220.0,912.0,46.0,60.0,56.0,1502,manual,100.0,4.0
734,COMPUTE,221.0,912.0,46.0,60.0,56.0,1502,manual,100.0,6.0
735,COMPUTE,216.0,912.0,46.0,60.0,56.0,1502,manual,100.0,10.0
736,COMPUTE,251.0,912.0,46.0,60.0,56.0,1502,manual,100.0,15.0
737,COMPUTE,214.0,912.0,47.0,61.0,57.0,1472,manual,100.0,4.0
738,COMPUTE,328.0,906.0,47.0,61.0,59.0,1363,manual,100.0,18.0
739,COMPUTE,358.0,912.0,47.0,60.0,59.0,1363,manual,100.0,20.0
740,COMPUTE,319.0,906.0,46.0,60.0,62.0,1363,manual,100.0,19.0
741,COMPUTE,288.0,918.0,46.0,59.0,65.0,1283,manual,100.0,51.0
742,COMPUTE,199.0,906.0,46.0,59.0,63.0,1430,manual,100.0,6.0
743,COMPUTE,382.0,912.0,46.0,59.0,65.0,1430,manual,100.0,16.0
744,COMPUTE,44.0,918.0,46.0,60.0,65.0,1502,manual,0.0,25.0
745,COMPUTE,314.0,925.0,46.0,60.0,66.0,1283,manual,99.0,63.0
746,COMPUTE,300.0,850.0,47.0,59.0,64.0,1283,manual,99.0,55.0
747,COMPUTE,317.0,881.0,46.0,60.0,63.0,1319,manual,99.0,60.0
748,COMPUTE,333.0,893.0,46.0,59.0,63.0,1319,manual,99.0,60.0
749,COMPUTE,314.0,812.0,46.0,60.0,61.0,1319,manual,99.0,60.0
750,COMPUTE,297.0,856.0,46.0,61.0,57.0,1319,manual,100.0,30.0
751,COMPUTE,322.0,762.0,46.0,60.0,57.0,1404,manual,99.0,54.0
752,COMPUTE,283.0,787.0,46.0,60.0,57.0,1363,manual,100.0,30.0
753,COMPUTE,259.0,806.0,46.0,59.0,56.0,1502,manual,99.0,25.0
754,COMPUTE,257.0,831.0,46.0,60.0,57.0,1502,manual,100.0,25.0
755,COMPUTE,232.0,787.0,46.0,60.0,56.0,1502,manual,100.0,33.0
756,COMPUTE,258.0,806.0,46.0,60.0,56.0,1502,manual,99.0,25.0
757,COMPUTE,234.0,912.0,46.0,59.0,54.0,1502,manual,100.0,12.0
758,COMPUTE,230.0,906.0,47.0,61.0,60.0,1404,manual,100.0,12.0
759,COMPUTE,260.0,906.0,47.0,61.0,58.0,1363,manual,100.0,13.0
760,COMPUTE,260.0,912.0,46.0,60.0,62.0,1363,manual,100.0,15.0
761,COMPUTE,312.0,918.0,46.0,60.0,65.0,1283,manual,99.0,62.0
762,COMPUTE,267.0,912.0,46.0,59.0,63.0,1363,manual,99.0,16.0
763,COMPUTE,324.0,862.0,46.0,60.0,65.0,1319,manual,99.0,74.0
764,COMPUTE,326.0,843.0,46.0,59.0,64.0,1319,manual,99.0,72.0
765,COMPUTE,314.0,825.0,47.0,60.0,64.0,1283,manual,99.0,60.0
766,COMPUTE,325.0,825.0,46.0,60.0,63.0,1319,manual,99.0,69.0
767,COMPUTE,304.0,893.0,46.0,60.0,62.0,1283,manual,99.0,60.0
768,COMPUTE,332.0,800.0,46.0,60.0,62.0,1319,manual,99.0,59.0
769,COMPUTE,315.0,800.0,47.0,60.0,58.0,1283,manual,99.0,60.0
770,COMPUTE,283.0,812.0,46.0,61.0,56.0,1363,manual,100.0,30.0
771,COMPUTE,285.0,812.0,46.0,61.0,57.0,1319,manual,100.0,30.0
772,COMPUTE,281.0,806.0,46.0,61.0,56.0,1363,manual,100.0,30.0
773,COMPUTE,216.0,793.0,46.0,60.0,56.0,1502,manual,99.0,32.0
774,COMPUTE,261.0,818.0,46.0,60.0,54.0,1502,manual,99.0,33.0
775,COMPUTE,211.0,806.0,46.0,60.0,56.0,1502,manual,99.0,4.0
776,COMPUTE,191.0,800.0,46.0,60.0,57.0,1502,manual,99.0,4.0
777,COMPUTE,237.0,668.0,46.0,60.0,58.0,1502,manual,100.0,27.0
778,COMPUTE,309.0,856.0,46.0,59.0,64.0,1363,manual,99.0,67.0
779,COMPUTE,324.0,875.0,46.0,59.0,62.0,1283,manual,99.0,61.0
780,COMPUTE,324.0,831.0,47.0,60.0,59.0,1283,manual,99.0,61.0
781,COMPUTE,338.0,831.0,46.0,60.0,60.0,1319,manual,99.0,60.0
782,COMPUTE,286.0,812.0,46.0,60.0,56.0,1319,manual,100.0,30.0
783,COMPUTE,230.0,775.0,45.0,60.0,56.0,1502,manual,100.0,34.0
784,COMPUTE,312.0,793.0,46.0,60.0,57.0,1472,manual,98.0,33.0
785,COMPUTE,210.0,775.0,46.0,60.0,55.0,1502,manual,100.0,1.0
786,COMPUTE,206.0,812.0,46.0,60.0,56.0,1502,manual,100.0,4.0
787,COMPUTE,210.0,762.0,46.0,60.0,55.0,1502,manual,99.0,3.0
788,COMPUTE,195.0,850.0,47.0,60.0,59.0,1502,manual,98.0,23.0
789,COMPUTE,216.0,912.0,47.0,60.0,56.0,1502,manual,100.0,5.0
790,COMPUTE,221.0,925.0,47.0,60.0,56.0,1502,manual,100.0,5.0
791,COMPUTE,224.0,912.0,47.0,60.0,57.0,1502,manual,100.0,4.0
792,COMPUTE,257.0,912.0,47.0,60.0,56.0,1502,manual,99.0,38.0
793,COMPUTE,222.0,912.0,47.0,60.0,57.0,1502,manual,100.0,4.0
794,COMPUTE,221.0,906.0,47.0,60.0,57.0,1502,manual,100.0,12.0
795,COMPUTE,225.0,912.0,47.0,60.0,57.0,1502,manual,100.0,10.0
796,COMPUTE,244.0,912.0,47.0,61.0,57.0,1502,manual,100.0,12.0
797,COMPUTE,252.0,912.0,47.0,60.0,57.0,1502,manual,100.0,10.0
798,COMPUTE,166.0,912.0,47.0,61.0,58.0,1502,manual,99.0,15.0
799,COMPUTE,287.0,912.0,47.0,60.0,60.0,1502,manual,100.0,17.0
800,COMPUTE,319.0,906.0,47.0,61.0,59.0,1363,manual,100.0,17.0
801,COMPUTE,239.0,906.0,47.0,60.0,60.0,1502,manual,100.0,16.0
802,COMPUTE,356.0,912.0,47.0,60.0,61.0,1363,manual,100.0,23.0
803,COMPUTE,210.0,912.0,47.0,60.0,61.0,1472,manual,100.0,5.0
804,COMPUTE,250.0,906.0,47.0,60.0,62.0,1363,manual,100.0,10.0
805,COMPUTE,315.0,881.0,47.0,60.0,66.0,1235,manual,99.0,59.0
806,COMPUTE,335.0,850.0,47.0,59.0,64.0,1319,manual,99.0,73.0
807,COMPUTE,228.0,862.0,46.0,60.0,62.0,1283,manual,99.0,57.0
808,COMPUTE,310.0,893.0,47.0,60.0,63.0,1283,manual,99.0,62.0
809,COMPUTE,323.0,868.0,47.0,60.0,62.0,1319,manual,99.0,62.0
810,COMPUTE,324.0,818.0,47.0,60.0,62.0,1283,manual,99.0,61.0
811,COMPUTE,364.0,787.0,46.0,61.0,58.0,1363,manual,99.0,62.0
812,COMPUTE,286.0,812.0,46.0,61.0,57.0,1319,manual,100.0,30.0
813,COMPUTE,290.0,806.0,46.0,61.0,57.0,1319,manual,100.0,31.0
814,COMPUTE,305.0,806.0,46.0,61.0,57.0,1363,manual,99.0,32.0
815,COMPUTE,265.0,806.0,46.0,60.0,55.0,1502,manual,99.0,46.0
816,COMPUTE,161.0,787.0,46.0,60.0,56.0,1502,manual,99.0,1.0
817,COMPUTE,210.0,806.0,46.0,60.0,56.0,1502,manual,100.0,2.0
818,COMPUTE,194.0,831.0,46.0,60.0,57.0,1502,manual,100.0,4.0
819,COMPUTE,206.0,825.0,47.0,60.0,58.0,1502,manual,100.0,4.0
820,COMPUTE,212.0,825.0,47.0,60.0,59.0,1502,manual,100.0,18.0
821,COMPUTE,213.0,912.0,47.0,60.0,57.0,1502,manual,100.0,4.0
822,COMPUTE,210.0,912.0,47.0,60.0,57.0,1502,manual,100.0,3.0
823,COMPUTE,230.0,912.0,46.0,60.0,57.0,1502,manual,100.0,10.0
824,COMPUTE,243.0,912.0,47.0,61.0,58.0,1502,manual,100.0,15.0
825,COMPUTE,243.0,912.0,47.0,60.0,57.0,1502,manual,100.0,13.0
826,COMPUTE,236.0,912.0,47.0,61.0,57.0,1502,manual,100.0,13.0
827,COMPUTE,261.0,912.0,47.0,61.0,57.0,1502,manual,99.0,16.0
828,COMPUTE,224.0,912.0,47.0,61.0,59.0,1430,manual,100.0,7.0
829,COMPUTE,304.0,912.0,47.0,60.0,61.0,1363,manual,100.0,16.0
830,COMPUTE,376.0,906.0,47.0,60.0,59.0,1430,manual,100.0,21.0
831,COMPUTE,366.0,912.0,47.0,61.0,60.0,1404,manual,100.0,20.0
832,COMPUTE,261.0,912.0,47.0,59.0,62.0,1363,manual,100.0,12.0
833,COMPUTE,314.0,912.0,47.0,60.0,60.0,1472,manual,100.0,20.0
834,COMPUTE,371.0,912.0,47.0,60.0,59.0,1430,manual,100.0,17.0
835,COMPUTE,197.0,906.0,47.0,60.0,62.0,1472,manual,100.0,10.0
836,COMPUTE,313.0,912.0,47.0,60.0,65.0,1404,manual,99.0,35.0
837,COMPUTE,246.0,912.0,47.0,61.0,66.0,1319,manual,99.0,20.0
838,COMPUTE,324.0,881.0,46.0,59.0,66.0,1319,manual,99.0,74.0
839,COMPUTE,328.0,831.0,46.0,60.0,63.0,1319,manual,99.0,61.0
840,COMPUTE,324.0,881.0,47.0,60.0,62.0,1283,manual,99.0,61.0
841,COMPUTE,324.0,856.0,47.0,60.0,63.0,1319,manual,99.0,74.0
842,COMPUTE,310.0,850.0,47.0,60.0,62.0,1283,manual,99.0,61.0
843,COMPUTE,139.0,900.0,47.0,60.0,62.0,1319,manual,99.0,54.0
844,COMPUTE,308.0,843.0,47.0,60.0,63.0,1235,manual,99.0,54.0
845,COMPUTE,327.0,881.0,46.0,59.0,63.0,1319,manual,99.0,60.0
846,COMPUTE,311.0,775.0,47.0,60.0,62.0,1283,manual,99.0,61.0
847,COMPUTE,361.0,793.0,47.0,60.0,58.0,1363,manual,99.0,61.0
848,COMPUTE,301.0,806.0,46.0,61.0,57.0,1319,manual,100.0,31.0
849,COMPUTE,286.0,793.0,47.0,61.0,56.0,1319,manual,100.0,31.0
850,COMPUTE,288.0,768.0,46.0,61.0,57.0,1319,manual,100.0,31.0
851,COMPUTE,294.0,768.0,46.0,60.0,56.0,1502,manual,100.0,34.0
852,COMPUTE,260.0,793.0,46.0,60.0,56.0,1502,manual,99.0,25.0
853,COMPUTE,210.0,806.0,47.0,60.0,56.0,1502,manual,99.0,4.0
854,COMPUTE,238.0,806.0,47.0,60.0,58.0,1502,manual,100.0,26.0
855,COMPUTE,263.0,912.0,47.0,60.0,55.0,1502,manual,99.0,39.0
856,COMPUTE,249.0,912.0,47.0,60.0,56.0,1502,manual,100.0,13.0
857,COMPUTE,216.0,912.0,47.0,61.0,56.0,1502,manual,100.0,10.0
858,COMPUTE,246.0,912.0,48.0,61.0,57.0,1502,manual,100.0,11.0
859,COMPUTE,241.0,912.0,48.0,60.0,56.0,1502,manual,100.0,11.0
860,COMPUTE,253.0,912.0,48.0,61.0,57.0,1502,manual,100.0,14.0
861,COMPUTE,252.0,918.0,47.0,61.0,55.0,1502,manual,100.0,5.0
862,COMPUTE,306.0,856.0,46.0,59.0,61.0,1235,manual,99.0,48.0
863,COMPUTE,330.0,856.0,47.0,60.0,62.0,1319,manual,99.0,59.0
864,COMPUTE,311.0,893.0,47.0,60.0,62.0,1283,manual,99.0,61.0
865,COMPUTE,311.0,850.0,47.0,60.0,61.0,1283,manual,99.0,61.0
866,COMPUTE,310.0,843.0,47.0,60.0,61.0,1283,manual,99.0,61.0
867,COMPUTE,251.0,818.0,47.0,61.0,60.0,1319,manual,100.0,58.0
868,COMPUTE,311.0,831.0,47.0,61.0,57.0,1283,manual,100.0,62.0
869,COMPUTE,292.0,806.0,47.0,60.0,60.0,1235,manual,99.0,41.0
870,COMPUTE,324.0,781.0,47.0,61.0,57.0,1283,manual,99.0,62.0
871,COMPUTE,286.0,768.0,46.0,61.0,57.0,1319,manual,100.0,31.0
872,COMPUTE,286.0,781.0,46.0,62.0,57.0,1319,manual,100.0,30.0
873,COMPUTE,305.0,787.0,46.0,61.0,58.0,1363,manual,100.0,31.0
874,COMPUTE,269.0,793.0,47.0,61.0,56.0,1502,manual,100.0,24.0
875,COMPUTE,264.0,825.0,46.0,61.0,55.0,1502,manual,99.0,37.0
876,COMPUTE,211.0,793.0,46.0,60.0,57.0,1502,manual,100.0,4.0
877,COMPUTE,210.0,812.0,46.0,60.0,57.0,1502,manual,99.0,3.0
878,COMPUTE,206.0,831.0,47.0,60.0,59.0,1502,manual,100.0,4.0
879,COMPUTE,211.0,825.0,47.0,61.0,58.0,1502,manual,99.0,21.0
880,COMPUTE,235.0,806.0,47.0,60.0,59.0,1502,manual,99.0,25.0
881,COMPUTE,214.0,862.0,47.0,60.0,58.0,1502,manual,100.0,21.0
882,COMPUTE,269.0,912.0,47.0,60.0,57.0,1502,manual,99.0,37.0
883,COMPUTE,231.0,918.0,47.0,61.0,56.0,1502,manual,100.0,11.0
884,COMPUTE,235.0,912.0,47.0,61.0,57.0,1502,manual,100.0,14.0
885,COMPUTE,196.0,912.0,48.0,61.0,57.0,1502,manual,100.0,14.0
886,COMPUTE,138.0,918.0,48.0,62.0,58.0,1502,manual,100.0,0.0
887,COMPUTE,220.0,906.0,48.0,62.0,58.0,1472,manual,100.0,8.0
888,COMPUTE,247.0,912.0,47.0,61.0,60.0,1404,manual,100.0,9.0
889,COMPUTE,367.0,912.0,47.0,61.0,62.0,1404,manual,100.0,20.0
890,COMPUTE,259.0,912.0,47.0,61.0,62.0,1363,manual,100.0,16.0
891,COMPUTE,347.0,906.0,47.0,61.0,67.0,1319,manual,99.0,32.0
892,COMPUTE,327.0,850.0,47.0,60.0,64.0,1319,manual,99.0,73.0
893,COMPUTE,311.0,831.0,47.0,60.0,63.0,1283,manual,99.0,61.0
894,COMPUTE,309.0,868.0,47.0,60.0,63.0,1283,manual,99.0,61.0
895,COMPUTE,324.0,856.0,47.0,60.0,62.0,1283,manual,99.0,61.0
896,COMPUTE,324.0,825.0,47.0,60.0,62.0,1319,manual,99.0,60.0
897,COMPUTE,307.0,831.0,47.0,60.0,62.0,1283,manual,99.0,61.0
898,COMPUTE,147.0,818.0,47.0,60.0,62.0,1363,manual,99.0,45.0
899,COMPUTE,323.0,812.0,47.0,61.0,58.0,1283,manual,100.0,61.0
900,COMPUTE,309.0,768.0,46.0,61.0,58.0,1363,manual,99.0,32.0
901,COMPUTE,368.0,812.0,46.0,61.0,57.0,1430,manual,100.0,33.0
902,COMPUTE,70.0,912.0,47.0,61.0,57.0,1502,manual,3.0,0.0
903,COMPUTE,249.0,893.0,48.0,60.0,59.0,1404,manual,100.0,11.0
904,COMPUTE,217.0,912.0,48.0,61.0,60.0,1502,manual,100.0,10.0
905,COMPUTE,216.0,912.0,47.0,61.0,60.0,1472,manual,100.0,10.0
906,COMPUTE,205.0,912.0,47.0,60.0,63.0,1472,manual,100.0,7.0
907,COMPUTE,375.0,906.0,47.0,60.0,67.0,1363,manual,99.0,35.0
908,COMPUTE,244.0,912.0,47.0,60.0,66.0,1319,manual,99.0,16.0
909,COMPUTE,363.0,912.0,47.0,60.0,67.0,1363,manual,99.0,33.0
910,COMPUTE,307.0,881.0,47.0,60.0,66.0,1235,manual,99.0,46.0
911,COMPUTE,310.0,881.0,47.0,60.0,65.0,1283,manual,99.0,74.0
912,COMPUTE,314.0,831.0,47.0,60.0,63.0,1283,manual,99.0,60.0
913,COMPUTE,146.0,881.0,47.0,61.0,60.0,1363,manual,99.0,51.0
914,COMPUTE,317.0,793.0,47.0,61.0,60.0,1319,manual,99.0,60.0
915,COMPUTE,285.0,787.0,46.0,61.0,57.0,1363,manual,100.0,30.0
916,COMPUTE,322.0,775.0,46.0,61.0,57.0,1472,manual,100.0,32.0
917,COMPUTE,297.0,787.0,46.0,61.0,58.0,1363,manual,100.0,30.0
918,COMPUTE,267.0,825.0,46.0,60.0,57.0,1502,manual,100.0,28.0
919,COMPUTE,260.0,800.0,47.0,60.0,57.0,1502,manual,99.0,25.0
920,COMPUTE,161.0,812.0,47.0,60.0,56.0,1502,manual,100.0,1.0
921,COMPUTE,204.0,806.0,47.0,60.0,57.0,1502,manual,100.0,4.0
922,COMPUTE,205.0,825.0,47.0,60.0,58.0,1502,manual,100.0,4.0
923,COMPUTE,239.0,812.0,47.0,60.0,59.0,1502,manual,99.0,27.0
924,COMPUTE,199.0,912.0,47.0,60.0,57.0,1502,manual,100.0,3.0
925,COMPUTE,235.0,912.0,47.0,61.0,58.0,1502,manual,100.0,10.0
926,COMPUTE,212.0,912.0,47.0,61.0,58.0,1502,manual,100.0,10.0
927,COMPUTE,256.0,912.0,47.0,61.0,58.0,1502,manual,100.0,15.0
928,COMPUTE,255.0,912.0,47.0,60.0,58.0,1502,manual,99.0,14.0
929,COMPUTE,285.0,912.0,47.0,62.0,60.0,1363,manual,100.0,14.0
930,COMPUTE,191.0,906.0,47.0,61.0,62.0,1502,manual,100.0,10.0
931,COMPUTE,377.0,912.0,47.0,60.0,64.0,1404,manual,100.0,26.0
932,COMPUTE,216.0,831.0,47.0,60.0,66.0,1283,manual,99.0,57.0
933,COMPUTE,315.0,881.0,47.0,60.0,65.0,1363,manual,99.0,57.0
934,COMPUTE,324.0,825.0,47.0,60.0,63.0,1319,manual,99.0,57.0
935,COMPUTE,278.0,825.0,47.0,60.0,62.0,1363,manual,99.0,57.0
936,COMPUTE,166.0,831.0,47.0,61.0,57.0,1404,manual,100.0,49.0
937,COMPUTE,146.0,793.0,47.0,61.0,59.0,1319,manual,99.0,52.0
938,COMPUTE,297.0,806.0,47.0,61.0,58.0,1363,manual,99.0,30.0
939,COMPUTE,186.0,806.0,47.0,60.0,56.0,1502,manual,100.0,35.0
940,COMPUTE,256.0,793.0,46.0,60.0,56.0,1502,manual,99.0,44.0
941,COMPUTE,161.0,787.0,46.0,61.0,56.0,1502,manual,99.0,1.0
942,COMPUTE,171.0,812.0,47.0,60.0,56.0,1502,manual,100.0,2.0
943,COMPUTE,210.0,793.0,47.0,60.0,57.0,1502,manual,100.0,3.0
944,COMPUTE,205.0,812.0,47.0,60.0,57.0,1502,manual,100.0,4.0
945,COMPUTE,237.0,825.0,47.0,60.0,59.0,1502,manual,100.0,27.0
946,COMPUTE,135.0,912.0,47.0,61.0,57.0,1502,manual,100.0,1.0
947,COMPUTE,260.0,906.0,47.0,60.0,56.0,1502,manual,100.0,39.0
948,COMPUTE,221.0,912.0,48.0,61.0,57.0,1502,manual,100.0,11.0
949,COMPUTE,205.0,912.0,47.0,61.0,58.0,1502,manual,100.0,11.0
950,COMPUTE,220.0,906.0,47.0,61.0,57.0,1502,manual,100.0,9.0
951,COMPUTE,276.0,912.0,47.0,62.0,58.0,1502,manual,99.0,21.0
952,COMPUTE,263.0,912.0,48.0,62.0,58.0,1502,manual,100.0,18.0
953,COMPUTE,311.0,906.0,48.0,61.0,59.0,1404,manual,100.0,15.0
954,COMPUTE,259.0,906.0,48.0,61.0,61.0,1363,manual,100.0,16.0
955,COMPUTE,216.0,906.0,48.0,62.0,59.0,1430,manual,100.0,7.0
956,COMPUTE,311.0,906.0,48.0,60.0,62.0,1363,manual,100.0,18.0
957,COMPUTE,360.0,918.0,47.0,61.0,68.0,1363,manual,99.0,32.0
958,COMPUTE,231.0,906.0,47.0,60.0,66.0,1363,manual,100.0,11.0
959,COMPUTE,323.0,900.0,47.0,60.0,65.0,1283,manual,100.0,73.0
960,COMPUTE,314.0,893.0,47.0,60.0,64.0,1283,manual,99.0,70.0
961,COMPUTE,304.0,837.0,47.0,61.0,61.0,1283,manual,99.0,59.0
962,COMPUTE,314.0,881.0,46.0,60.0,60.0,1319,manual,99.0,60.0
963,COMPUTE,318.0,881.0,47.0,61.0,61.0,1319,manual,99.0,56.0
964,COMPUTE,300.0,793.0,47.0,60.0,61.0,1283,manual,99.0,59.0
965,COMPUTE,237.0,793.0,47.0,61.0,58.0,1363,manual,100.0,41.0
966,COMPUTE,260.0,925.0,46.0,60.0,55.0,1502,manual,100.0,39.0
967,COMPUTE,48.0,662.0,44.0,48.0,51.0,300,manual,0.0,2.0
968,COMPUTE,49.0,662.0,43.0,47.0,50.0,300,manual,0.0,2.0
969,COMPUTE,39.0,662.0,42.0,46.0,49.0,300,manual,0.0,0.0
970,COMPUTE,86.0,887.0,42.0,45.0,48.0,1502,manual,50.0,0.0
971,COMPUTE,188.0,906.0,45.0,60.0,48.0,1472,manual,100.0,0.0
972,COMPUTE,289.0,825.0,45.0,61.0,48.0,1404,manual,99.0,0.0
973,COMPUTE,216.0,893.0,46.0,62.0,48.0,1502,manual,99.0,1.0
974,COMPUTE,276.0,843.0,46.0,63.0,48.0,1404,manual,100.0,0.0
975,COMPUTE,307.0,856.0,46.0,62.0,48.0,1404,manual,99.0,0.0
976,COMPUTE,218.0,856.0,46.0,63.0,48.0,1430,manual,100.0,0.0
977,COMPUTE,297.0,843.0,46.0,62.0,48.0,1404,manual,100.0,0.0
978,COMPUTE,210.0,906.0,46.0,62.0,48.0,1502,manual,100.0,0.0
979,COMPUTE,294.0,850.0,46.0,62.0,48.0,1404,manual,99.0,0.0
980,COMPUTE,294.0,850.0,46.0,63.0,48.0,1363,manual,100.0,0.0
981,COMPUTE,349.0,912.0,46.0,62.0,48.0,1472,manual,99.0,1.0
982,COMPUTE,297.0,850.0,46.0,62.0,49.0,1404,manual,99.0,0.0
983,COMPUTE,224.0,912.0,46.0,63.0,48.0,1502,manual,100.0,0.0
984,COMPUTE,306.0,856.0,46.0,62.0,48.0,1430,manual,99.0,0.0
985,COMPUTE,225.0,906.0,47.0,63.0,49.0,1502,manual,100.0,0.0
986,COMPUTE,347.0,893.0,46.0,62.0,49.0,1472,manual,95.0,1.0
987,COMPUTE,207.0,825.0,46.0,63.0,50.0,1430,manual,100.0,0.0
988,COMPUTE,294.0,843.0,46.0,63.0,50.0,1404,manual,99.0,0.0
989,COMPUTE,218.0,925.0,46.0,63.0,50.0,1502,manual,99.0,1.0
990,COMPUTE,294.0,843.0,46.0,63.0,50.0,1404,manual,99.0,0.0
991,COMPUTE,166.0,906.0,47.0,64.0,49.0,1502,manual,99.0,0.0
992,COMPUTE,276.0,825.0,47.0,63.0,50.0,1404,manual,100.0,0.0
993,COMPUTE,262.0,925.0,47.0,64.0,50.0,1502,manual,99.0,2.0
994,COMPUTE,294.0,843.0,47.0,63.0,50.0,1404,manual,99.0,0.0
995,COMPUTE,350.0,881.0,47.0,64.0,50.0,1472,manual,99.0,0.0
996,COMPUTE,189.0,862.0,47.0,63.0,50.0,1430,manual,100.0,0.0
997,COMPUTE,306.0,856.0,47.0,63.0,50.0,1430,manual,99.0,0.0
998,COMPUTE,198.0,881.0,47.0,63.0,50.0,1502,manual,100.0,0.0
999,COMPUTE,300.0,912.0,47.0,63.0,50.0,1502,manual,99.0,1.0
1000,COMPUTE,276.0,843.0,47.0,63.0,50.0,1404,manual,100.0,0.0
1001,COMPUTE,334.0,881.0,47.0,64.0,50.0,1430,manual,99.0,0.0
1002,COMPUTE,259.0,850.0,47.0,64.0,50.0,1404,manual,100.0,0.0
1003,COMPUTE,40.0,668.0,43.0,47.0,49.0,300,manual,0.0,0.0
1004,COMPUTE,40.0,662.0,42.0,46.0,49.0,300,manual,0.0,0.0
