index,power_profile,power_usage,voltage,edge_temperature,junction_temperature,memory_temperature,sclk,performance,gpu_usage,memory_usage
0,VIDEO,44.0,656.0,51.0,53.0,53.0,300,manual,0.0,0.0
1,VIDEO,273.0,893.0,51.0,64.0,65.0,1502,manual,100.0,82.0
2,VIDEO,277.0,893.0,53.0,68.0,73.0,1502,manual,99.0,82.0
3,VIDEO,277.0,893.0,54.0,69.0,75.0,1502,manual,100.0,82.0
4,VIDEO,277.0,893.0,54.0,69.0,75.0,1502,manual,100.0,81.0
5,VIDEO,277.0,893.0,55.0,70.0,76.0,1502,manual,100.0,82.0
6,VIDEO,278.0,893.0,55.0,70.0,76.0,1502,manual,100.0,82.0
7,VIDEO,277.0,893.0,55.0,70.0,75.0,1502,manual,100.0,82.0
8,VIDEO,277.0,893.0,55.0,71.0,77.0,1502,manual,99.0,82.0
9,VIDEO,277.0,893.0,55.0,71.0,77.0,1502,manual,100.0,82.0
10,VIDEO,277.0,893.0,55.0,71.0,77.0,1502,manual,100.0,82.0
11,VIDEO,277.0,893.0,55.0,71.0,77.0,1502,manual,100.0,82.0
12,VIDEO,277.0,893.0,55.0,70.0,77.0,1502,manual,100.0,82.0
13,VIDEO,280.0,893.0,55.0,71.0,77.0,1502,manual,100.0,82.0
14,VIDEO,278.0,893.0,56.0,71.0,77.0,1502,manual,100.0,82.0
15,VIDEO,278.0,893.0,56.0,72.0,77.0,1502,manual,99.0,82.0
16,VIDEO,277.0,900.0,56.0,72.0,77.0,1502,manual,100.0,82.0
17,VIDEO,277.0,893.0,56.0,72.0,78.0,1502,manual,100.0,82.0
18,VIDEO,279.0,900.0,56.0,72.0,78.0,1502,manual,100.0,82.0
19,VIDEO,279.0,900.0,56.0,72.0,78.0,1502,manual,100.0,82.0
20,VIDEO,276.0,893.0,56.0,72.0,78.0,1502,manual,100.0,82.0
21,VIDEO,278.0,893.0,56.0,72.0,78.0,1502,manual,100.0,81.0
22,VIDEO,281.0,893.0,56.0,72.0,78.0,1502,manual,100.0,82.0
23,VIDEO,279.0,893.0,56.0,72.0,78.0,1502,manual,100.0,81.0
24,VIDEO,279.0,900.0,56.0,72.0,78.0,1502,manual,100.0,81.0
25,VIDEO,278.0,893.0,57.0,72.0,78.0,1502,manual,100.0,82.0
26,VIDEO,281.0,893.0,57.0,72.0,78.0,1502,manual,100.0,82.0
27,VIDEO,281.0,893.0,57.0,72.0,78.0,1502,manual,100.0,82.0
28,VIDEO,281.0,893.0,57.0,72.0,78.0,1502,manual,100.0,82.0
29,VIDEO,281.0,893.0,57.0,73.0,79.0,1502,manual,100.0,82.0
30,VIDEO,282.0,893.0,57.0,72.0,79.0,1502,manual,100.0,82.0
31,VIDEO,279.0,893.0,57.0,72.0,79.0,1502,manual,100.0,82.0
32,VIDEO,279.0,893.0,57.0,72.0,79.0,1502,manual,100.0,81.0
33,VIDEO,281.0,893.0,57.0,73.0,79.0,1502,manual,100.0,82.0
34,VIDEO,280.0,893.0,58.0,72.0,79.0,1502,manual,100.0,82.0
35,VIDEO,278.0,900.0,57.0,73.0,79.0,1502,manual,100.0,82.0
36,VIDEO,282.0,893.0,57.0,73.0,79.0,1502,manual,100.0,81.0
37,VIDEO,282.0,893.0,57.0,73.0,79.0,1502,manual,100.0,82.0
38,VIDEO,282.0,893.0,58.0,73.0,79.0,1502,manual,100.0,81.0
39,VIDEO,281.0,893.0,57.0,73.0,79.0,1502,manual,100.0,82.0
40,VIDEO,282.0,893.0,58.0,73.0,79.0,1502,manual,100.0,82.0
41,VIDEO,281.0,893.0,58.0,73.0,79.0,1502,manual,100.0,82.0
42,VIDEO,282.0,893.0,58.0,74.0,79.0,1502,manual,100.0,82.0
43,VIDEO,283.0,893.0,57.0,73.0,79.0,1502,manual,100.0,82.0
44,VIDEO,283.0,893.0,58.0,73.0,80.0,1502,manual,100.0,82.0
45,VIDEO,283.0,906.0,58.0,73.0,80.0,1502,manual,100.0,82.0
46,VIDEO,282.0,900.0,58.0,73.0,80.0,1502,manual,100.0,82.0
47,VIDEO,283.0,906.0,58.0,74.0,80.0,1502,manual,100.0,82.0
48,VIDEO,284.0,900.0,58.0,73.0,80.0,1502,manual,100.0,82.0
49,VIDEO,280.0,900.0,58.0,74.0,80.0,1502,manual,100.0,81.0
50,VIDEO,285.0,900.0,58.0,74.0,80.0,1502,manual,100.0,82.0
51,VIDEO,284.0,906.0,59.0,73.0,80.0,1502,manual,100.0,82.0
52,VIDEO,282.0,900.0,58.0,74.0,80.0,1502,manual,99.0,82.0
53,VIDEO,285.0,893.0,58.0,74.0,80.0,1502,manual,100.0,82.0
54,VIDEO,285.0,906.0,59.0,74.0,80.0,1502,manual,100.0,82.0
55,VIDEO,286.0,900.0,58.0,74.0,80.0,1502,manual,100.0,82.0
56,VIDEO,282.0,906.0,58.0,74.0,80.0,1502,manual,100.0,81.0
57,VIDEO,283.0,906.0,58.0,74.0,80.0,1502,manual,100.0,82.0
58,VIDEO,284.0,906.0,58.0,74.0,80.0,1502,manual,100.0,82.0
59,VIDEO,284.0,900.0,59.0,74.0,80.0,1502,manual,100.0,81.0
60,VIDEO,283.0,900.0,58.0,74.0,80.0,1502,manual,100.0,82.0
61,VIDEO,284.0,906.0,59.0,74.0,80.0,1502,manual,100.0,82.0
62,VIDEO,284.0,906.0,59.0,74.0,80.0,1502,manual,100.0,82.0
63,VIDEO,283.0,906.0,58.0,73.0,80.0,1502,manual,100.0,82.0
64,VIDEO,285.0,906.0,58.0,74.0,80.0,1502,manual,100.0,82.0
65,VIDEO,283.0,906.0,58.0,74.0,80.0,1502,manual,100.0,82.0
66,VIDEO,284.0,906.0,59.0,74.0,80.0,1502,manual,100.0,81.0
67,VIDEO,285.0,900.0,58.0,74.0,80.0,1502,manual,100.0,82.0
68,VIDEO,283.0,906.0,58.0,74.0,80.0,1502,manual,100.0,82.0
69,VIDEO,283.0,900.0,58.0,74.0,80.0,1502,manual,100.0,81.0
70,VIDEO,283.0,906.0,58.0,74.0,80.0,1502,manual,100.0,82.0
71,VIDEO,286.0,900.0,59.0,74.0,80.0,1502,manual,100.0,82.0
72,VIDEO,284.0,900.0,59.0,74.0,80.0,1502,manual,100.0,82.0
73,VIDEO,282.0,906.0,59.0,74.0,80.0,1502,manual,100.0,82.0
74,VIDEO,285.0,900.0,58.0,74.0,80.0,1502,manual,100.0,82.0
75,VIDEO,285.0,900.0,59.0,74.0,80.0,1502,manual,100.0,82.0
76,VIDEO,285.0,893.0,58.0,74.0,80.0,1502,manual,100.0,82.0
77,VIDEO,286.0,906.0,59.0,74.0,80.0,1502,manual,100.0,81.0
78,VIDEO,285.0,906.0,58.0,74.0,80.0,1502,manual,100.0,82.0
79,VIDEO,284.0,900.0,59.0,74.0,80.0,1502,manual,100.0,82.0
80,VIDEO,287.0,906.0,59.0,74.0,80.0,1502,manual,100.0,82.0
81,VIDEO,284.0,906.0,58.0,74.0,80.0,1502,manual,100.0,82.0
82,VIDEO,285.0,900.0,59.0,74.0,80.0,1502,manual,100.0,82.0
83,VIDEO,284.0,900.0,58.0,74.0,80.0,1502,manual,100.0,82.0
84,VIDEO,285.0,900.0,59.0,74.0,80.0,1502,manual,100.0,82.0
85,VIDEO,285.0,906.0,58.0,74.0,80.0,1502,manual,100.0,81.0
86,VIDEO,285.0,900.0,59.0,74.0,80.0,1502,manual,100.0,82.0
87,VIDEO,286.0,906.0,59.0,74.0,80.0,1502,manual,100.0,82.0
88,VIDEO,286.0,906.0,59.0,75.0,80.0,1502,manual,100.0,82.0
89,VIDEO,286.0,900.0,59.0,74.0,80.0,1502,manual,100.0,82.0
90,VIDEO,285.0,906.0,59.0,74.0,80.0,1502,manual,100.0,82.0
91,VIDEO,283.0,906.0,58.0,75.0,80.0,1502,manual,100.0,82.0
92,VIDEO,284.0,906.0,59.0,74.0,80.0,1502,manual,100.0,82.0
93,VIDEO,286.0,900.0,59.0,74.0,80.0,1502,manual,100.0,82.0
94,VIDEO,287.0,900.0,58.0,74.0,80.0,1502,manual,100.0,82.0
95,VIDEO,286.0,906.0,58.0,74.0,80.0,1502,manual,100.0,82.0
96,VIDEO,284.0,906.0,59.0,74.0,80.0,1502,manual,100.0,82.0
97,VIDEO,285.0,906.0,59.0,75.0,80.0,1502,manual,100.0,81.0
98,VIDEO,286.0,906.0,59.0,74.0,80.0,1502,manual,100.0,82.0
99,VIDEO,284.0,906.0,59.0,74.0,80.0,1502,manual,100.0,82.0
100,VIDEO,283.0,900.0,59.0,74.0,80.0,1502,manual,100.0,82.0
101,VIDEO,285.0,900.0,59.0,74.0,80.0,1502,manual,100.0,82.0
102,VIDEO,286.0,906.0,59.0,74.0,80.0,1502,manual,100.0,82.0
103,VIDEO,283.0,900.0,59.0,74.0,80.0,1502,manual,100.0,82.0
104,VIDEO,283.0,900.0,59.0,74.0,80.0,1502,manual,100.0,82.0
105,VIDEO,285.0,900.0,58.0,74.0,80.0,1502,manual,100.0,82.0
106,VIDEO,284.0,906.0,59.0,74.0,80.0,1502,manual,100.0,82.0
107,VIDEO,284.0,906.0,59.0,74.0,80.0,1502,manual,100.0,82.0
108,VIDEO,284.0,925.0,59.0,74.0,80.0,1502,manual,100.0,82.0
109,VIDEO,284.0,900.0,58.0,74.0,80.0,1502,manual,100.0,81.0
110,VIDEO,284.0,906.0,59.0,74.0,80.0,1502,manual,100.0,82.0
111,VIDEO,285.0,893.0,58.0,74.0,80.0,1502,manual,100.0,82.0
112,VIDEO,282.0,900.0,58.0,74.0,80.0,1502,manual,100.0,82.0
113,VIDEO,283.0,900.0,58.0,74.0,80.0,1502,manual,100.0,81.0
114,VIDEO,284.0,900.0,59.0,74.0,80.0,1502,manual,100.0,82.0
115,VIDEO,284.0,906.0,58.0,74.0,80.0,1502,manual,100.0,82.0
116,VIDEO,284.0,900.0,59.0,74.0,80.0,1502,manual,100.0,82.0
117,VIDEO,286.0,906.0,58.0,74.0,80.0,1502,manual,100.0,82.0
118,VIDEO,283.0,900.0,59.0,74.0,80.0,1502,manual,100.0,82.0
119,VIDEO,285.0,906.0,59.0,74.0,80.0,1502,manual,100.0,82.0
120,VIDEO,285.0,906.0,58.0,74.0,80.0,1502,manual,100.0,82.0
121,VIDEO,283.0,906.0,58.0,74.0,80.0,1502,manual,100.0,82.0
122,VIDEO,282.0,900.0,59.0,73.0,80.0,1502,manual,100.0,82.0
123,VIDEO,284.0,900.0,59.0,74.0,80.0,1502,manual,100.0,82.0
124,VIDEO,286.0,900.0,58.0,74.0,80.0,1502,manual,100.0,82.0
125,VIDEO,282.0,906.0,58.0,74.0,80.0,1502,manual,100.0,82.0
126,VIDEO,286.0,900.0,58.0,74.0,80.0,1502,manual,100.0,82.0
127,VIDEO,283.0,906.0,58.0,74.0,80.0,1502,manual,100.0,82.0
128,VIDEO,285.0,900.0,58.0,74.0,80.0,1502,manual,100.0,82.0
129,VIDEO,284.0,906.0,58.0,74.0,80.0,1502,manual,100.0,82.0
130,VIDEO,285.0,906.0,58.0,74.0,80.0,1502,manual,100.0,82.0
131,VIDEO,282.0,906.0,58.0,73.0,80.0,1502,manual,100.0,82.0
132,VIDEO,282.0,900.0,58.0,74.0,80.0,1502,manual,100.0,82.0
133,VIDEO,282.0,900.0,58.0,74.0,80.0,1502,manual,100.0,81.0
134,VIDEO,283.0,900.0,58.0,74.0,80.0,1502,manual,100.0,81.0
135,VIDEO,282.0,900.0,58.0,74.0,80.0,1502,manual,100.0,81.0
136,VIDEO,282.0,893.0,58.0,74.0,80.0,1502,manual,100.0,81.0
137,VIDEO,282.0,906.0,58.0,73.0,80.0,1502,manual,100.0,81.0
138,VIDEO,282.0,900.0,58.0,73.0,80.0,1502,manual,100.0,82.0
139,VIDEO,282.0,900.0,58.0,73.0,80.0,1502,manual,100.0,82.0
140,VIDEO,281.0,893.0,57.0,74.0,80.0,1502,manual,100.0,82.0
141,VIDEO,283.0,906.0,58.0,73.0,80.0,1502,manual,100.0,82.0
142,VIDEO,282.0,906.0,58.0,74.0,80.0,1502,manual,100.0,81.0
143,VIDEO,284.0,906.0,58.0,73.0,80.0,1502,manual,100.0,82.0
144,VIDEO,281.0,900.0,58.0,73.0,79.0,1502,manual,100.0,82.0
145,VIDEO,282.0,893.0,58.0,73.0,79.0,1502,manual,100.0,82.0
146,VIDEO,278.0,900.0,57.0,73.0,80.0,1502,manual,100.0,82.0
147,VIDEO,281.0,906.0,57.0,73.0,80.0,1502,manual,100.0,82.0
148,VIDEO,281.0,893.0,58.0,73.0,79.0,1502,manual,100.0,82.0
149,VIDEO,282.0,893.0,58.0,73.0,79.0,1502,manual,100.0,82.0
150,VIDEO,281.0,893.0,58.0,73.0,79.0,1502,manual,100.0,82.0
151,VIDEO,283.0,900.0,58.0,74.0,79.0,1502,manual,100.0,82.0
152,VIDEO,282.0,893.0,58.0,73.0,79.0,1502,manual,100.0,82.0
153,VIDEO,282.0,893.0,57.0,73.0,79.0,1502,manual,100.0,82.0
154,VIDEO,272.0,900.0,57.0,73.0,79.0,1502,manual,100.0,80.0
155,VIDEO,281.0,893.0,57.0,73.0,79.0,1502,manual,100.0,82.0
156,VIDEO,281.0,893.0,57.0,73.0,79.0,1502,manual,100.0,82.0
157,VIDEO,282.0,893.0,58.0,73.0,79.0,1502,manual,100.0,82.0
158,VIDEO,282.0,893.0,58.0,72.0,79.0,1502,manual,100.0,82.0
159,VIDEO,282.0,893.0,58.0,73.0,79.0,1502,manual,100.0,82.0
160,VIDEO,282.0,893.0,57.0,73.0,79.0,1502,manual,100.0,82.0
161,VIDEO,282.0,893.0,57.0,73.0,79.0,1502,manual,100.0,82.0
162,VIDEO,281.0,893.0,57.0,73.0,79.0,1502,manual,100.0,82.0
163,VIDEO,281.0,893.0,57.0,72.0,79.0,1502,manual,100.0,79.0
164,VIDEO,281.0,900.0,57.0,73.0,79.0,1502,manual,100.0,82.0
165,VIDEO,281.0,893.0,57.0,73.0,79.0,1502,manual,100.0,82.0
166,VIDEO,282.0,900.0,57.0,73.0,79.0,1502,manual,100.0,82.0
167,VIDEO,280.0,893.0,57.0,73.0,79.0,1502,manual,100.0,82.0
168,VIDEO,281.0,900.0,57.0,73.0,79.0,1502,manual,100.0,82.0
169,VIDEO,280.0,900.0,57.0,72.0,79.0,1502,manual,100.0,80.0
170,VIDEO,280.0,893.0,58.0,72.0,79.0,1502,manual,100.0,82.0
171,VIDEO,281.0,893.0,57.0,73.0,79.0,1502,manual,100.0,82.0
172,VIDEO,280.0,893.0,57.0,72.0,79.0,1502,manual,100.0,82.0
173,VIDEO,282.0,893.0,57.0,73.0,79.0,1502,manual,100.0,82.0
174,VIDEO,281.0,900.0,57.0,73.0,79.0,1502,manual,100.0,82.0
175,VIDEO,279.0,900.0,57.0,72.0,79.0,1502,manual,99.0,82.0
176,VIDEO,281.0,893.0,57.0,72.0,78.0,1502,manual,100.0,81.0
177,VIDEO,279.0,893.0,57.0,73.0,79.0,1502,manual,100.0,82.0
178,VIDEO,279.0,893.0,57.0,72.0,79.0,1502,manual,100.0,82.0
179,VIDEO,277.0,900.0,57.0,72.0,78.0,1502,manual,100.0,82.0
180,VIDEO,281.0,900.0,57.0,72.0,79.0,1502,manual,100.0,82.0
181,VIDEO,280.0,893.0,57.0,73.0,78.0,1502,manual,100.0,82.0
182,VIDEO,280.0,912.0,57.0,72.0,78.0,1502,manual,100.0,82.0
183,VIDEO,280.0,893.0,57.0,72.0,78.0,1502,manual,100.0,82.0
184,VIDEO,281.0,900.0,57.0,72.0,78.0,1502,manual,100.0,82.0
185,VIDEO,281.0,900.0,57.0,72.0,78.0,1502,manual,100.0,82.0
186,VIDEO,281.0,893.0,57.0,72.0,79.0,1502,manual,100.0,82.0
187,VIDEO,279.0,893.0,57.0,72.0,79.0,1502,manual,100.0,82.0
188,VIDEO,282.0,893.0,57.0,72.0,79.0,1502,manual,100.0,82.0
189,VIDEO,281.0,893.0,57.0,72.0,79.0,1502,manual,100.0,82.0
190,VIDEO,281.0,893.0,57.0,72.0,79.0,1502,manual,100.0,82.0
191,VIDEO,280.0,900.0,57.0,72.0,79.0,1502,manual,100.0,82.0
192,VIDEO,278.0,900.0,57.0,72.0,79.0,1502,manual,100.0,82.0
193,VIDEO,280.0,893.0,56.0,72.0,79.0,1502,manual,100.0,82.0
194,VIDEO,279.0,900.0,57.0,72.0,79.0,1502,manual,100.0,82.0
195,VIDEO,277.0,893.0,56.0,72.0,78.0,1502,manual,100.0,82.0
196,VIDEO,280.0,893.0,57.0,72.0,77.0,1502,manual,100.0,82.0
197,VIDEO,281.0,893.0,57.0,72.0,78.0,1502,manual,100.0,82.0
198,VIDEO,279.0,893.0,56.0,72.0,78.0,1502,manual,100.0,82.0
199,VIDEO,278.0,900.0,57.0,72.0,78.0,1502,manual,100.0,82.0
200,VIDEO,276.0,900.0,56.0,72.0,78.0,1502,manual,100.0,82.0
201,VIDEO,281.0,893.0,56.0,72.0,78.0,1502,manual,100.0,82.0
202,VIDEO,281.0,893.0,57.0,72.0,78.0,1502,manual,100.0,82.0
203,VIDEO,275.0,893.0,56.0,72.0,78.0,1502,manual,100.0,81.0
204,VIDEO,279.0,893.0,57.0,72.0,78.0,1502,manual,100.0,81.0
205,VIDEO,281.0,893.0,57.0,71.0,78.0,1502,manual,100.0,82.0
206,VIDEO,281.0,893.0,56.0,71.0,78.0,1502,manual,100.0,82.0
207,VIDEO,279.0,893.0,56.0,71.0,78.0,1502,manual,100.0,82.0
208,VIDEO,279.0,893.0,56.0,72.0,78.0,1502,manual,100.0,82.0
209,VIDEO,276.0,893.0,56.0,72.0,78.0,1502,manual,100.0,82.0
210,VIDEO,278.0,893.0,56.0,71.0,78.0,1502,manual,100.0,81.0
211,VIDEO,279.0,900.0,56.0,72.0,78.0,1502,manual,100.0,81.0
212,VIDEO,278.0,893.0,56.0,72.0,78.0,1502,manual,100.0,82.0
213,VIDEO,279.0,893.0,56.0,71.0,78.0,1502,manual,100.0,82.0
214,VIDEO,279.0,893.0,56.0,72.0,78.0,1502,manual,100.0,82.0
215,VIDEO,279.0,893.0,56.0,72.0,78.0,1502,manual,100.0,82.0
216,VIDEO,281.0,893.0,56.0,71.0,77.0,1502,manual,100.0,82.0
217,VIDEO,279.0,893.0,56.0,71.0,78.0,1502,manual,100.0,82.0
218,VIDEO,278.0,893.0,56.0,71.0,78.0,1502,manual,100.0,82.0
219,VIDEO,279.0,893.0,56.0,71.0,78.0,1502,manual,100.0,82.0
220,VIDEO,278.0,893.0,56.0,71.0,78.0,1502,manual,100.0,82.0
221,VIDEO,280.0,900.0,56.0,71.0,78.0,1502,manual,100.0,82.0
222,VIDEO,282.0,893.0,56.0,72.0,78.0,1502,manual,100.0,82.0
223,VIDEO,278.0,900.0,56.0,71.0,78.0,1502,manual,100.0,82.0
224,VIDEO,278.0,893.0,56.0,71.0,78.0,1502,manual,100.0,82.0
225,VIDEO,278.0,893.0,56.0,71.0,78.0,1502,manual,100.0,82.0
226,VIDEO,280.0,900.0,56.0,71.0,78.0,1502,manual,100.0,82.0
227,VIDEO,281.0,906.0,56.0,71.0,78.0,1502,manual,100.0,82.0
228,VIDEO,281.0,893.0,56.0,71.0,78.0,1502,manual,100.0,82.0
229,VIDEO,279.0,893.0,56.0,72.0,78.0,1502,manual,100.0,82.0
230,VIDEO,278.0,893.0,56.0,71.0,78.0,1502,manual,100.0,82.0
231,VIDEO,281.0,900.0,56.0,71.0,78.0,1502,manual,100.0,81.0
232,VIDEO,279.0,893.0,56.0,71.0,78.0,1502,manual,100.0,82.0
233,VIDEO,277.0,900.0,56.0,71.0,78.0,1502,manual,100.0,82.0
234,VIDEO,281.0,893.0,56.0,71.0,78.0,1502,manual,100.0,82.0
235,VIDEO,280.0,900.0,56.0,71.0,78.0,1502,manual,100.0,82.0
236,VIDEO,279.0,893.0,56.0,71.0,78.0,1502,manual,100.0,81.0
237,VIDEO,278.0,893.0,56.0,71.0,78.0,1502,manual,100.0,82.0
238,VIDEO,277.0,893.0,56.0,71.0,78.0,1502,manual,100.0,82.0
239,VIDEO,279.0,893.0,56.0,70.0,78.0,1502,manual,100.0,82.0
240,VIDEO,278.0,893.0,56.0,71.0,78.0,1502,manual,100.0,82.0
241,VIDEO,279.0,893.0,56.0,71.0,78.0,1502,manual,100.0,82.0
242,VIDEO,281.0,893.0,56.0,71.0,77.0,1502,manual,100.0,82.0
243,VIDEO,277.0,893.0,55.0,71.0,78.0,1502,manual,100.0,82.0
244,VIDEO,278.0,900.0,56.0,71.0,77.0,1502,manual,100.0,80.0
245,VIDEO,277.0,893.0,56.0,71.0,77.0,1502,manual,100.0,82.0
246,VIDEO,278.0,893.0,56.0,71.0,78.0,1502,manual,100.0,82.0
247,VIDEO,278.0,893.0,56.0,71.0,77.0,1502,manual,100.0,82.0
248,VIDEO,277.0,893.0,56.0,71.0,77.0,1502,manual,100.0,82.0
249,VIDEO,277.0,893.0,55.0,70.0,77.0,1502,manual,100.0,82.0
250,VIDEO,277.0,893.0,56.0,71.0,77.0,1502,manual,100.0,82.0
251,VIDEO,277.0,900.0,56.0,70.0,77.0,1502,manual,100.0,82.0
252,VIDEO,278.0,893.0,55.0,71.0,77.0,1502,manual,100.0,82.0
253,VIDEO,277.0,900.0,55.0,71.0,78.0,1502,manual,100.0,82.0
254,VIDEO,278.0,893.0,56.0,71.0,77.0,1502,manual,100.0,82.0
255,VIDEO,278.0,900.0,56.0,71.0,77.0,1502,manual,100.0,82.0
256,VIDEO,278.0,893.0,55.0,71.0,77.0,1502,manual,100.0,82.0
257,VIDEO,277.0,893.0,56.0,71.0,77.0,1502,manual,100.0,82.0
258,VIDEO,280.0,893.0,55.0,70.0,77.0,1502,manual,100.0,82.0
259,VIDEO,277.0,893.0,56.0,70.0,77.0,1502,manual,100.0,82.0
260,VIDEO,277.0,893.0,56.0,70.0,77.0,1502,manual,100.0,82.0
261,VIDEO,279.0,893.0,55.0,70.0,77.0,1502,manual,100.0,82.0
262,VIDEO,277.0,900.0,56.0,71.0,77.0,1502,manual,100.0,82.0
263,VIDEO,279.0,893.0,55.0,70.0,77.0,1502,manual,100.0,82.0
264,VIDEO,277.0,900.0,55.0,70.0,77.0,1502,manual,100.0,82.0
265,VIDEO,277.0,893.0,55.0,70.0,77.0,1502,manual,100.0,82.0
266,VIDEO,277.0,893.0,55.0,71.0,77.0,1502,manual,100.0,82.0
267,VIDEO,281.0,900.0,55.0,70.0,77.0,1502,manual,100.0,82.0
268,VIDEO,278.0,893.0,55.0,70.0,77.0,1502,manual,100.0,82.0
269,VIDEO,277.0,900.0,55.0,70.0,77.0,1502,manual,100.0,81.0
270,VIDEO,277.0,893.0,55.0,70.0,77.0,1502,manual,100.0,82.0
271,VIDEO,277.0,893.0,55.0,70.0,77.0,1502,manual,100.0,81.0
272,VIDEO,278.0,900.0,55.0,70.0,77.0,1502,manual,100.0,82.0
273,VIDEO,277.0,893.0,55.0,70.0,77.0,1502,manual,100.0,82.0
274,VIDEO,277.0,900.0,55.0,70.0,77.0,1502,manual,100.0,82.0
275,VIDEO,277.0,900.0,55.0,70.0,77.0,1502,manual,100.0,81.0
276,VIDEO,277.0,900.0,55.0,70.0,77.0,1502,manual,100.0,82.0
277,VIDEO,277.0,893.0,55.0,70.0,77.0,1502,manual,100.0,82.0
278,VIDEO,277.0,893.0,55.0,70.0,77.0,1502,manual,100.0,82.0
279,VIDEO,277.0,893.0,55.0,70.0,77.0,1502,manual,100.0,82.0
280,VIDEO,277.0,893.0,55.0,70.0,77.0,1502,manual,100.0,82.0
281,VIDEO,277.0,900.0,55.0,70.0,77.0,1502,manual,100.0,82.0
282,VIDEO,278.0,900.0,55.0,70.0,77.0,1502,manual,100.0,82.0
283,VIDEO,277.0,893.0,55.0,70.0,77.0,1502,manual,100.0,82.0
284,VIDEO,277.0,893.0,55.0,70.0,77.0,1502,manual,100.0,82.0
285,VIDEO,277.0,893.0,55.0,70.0,77.0,1502,manual,100.0,82.0
286,VIDEO,277.0,893.0,55.0,71.0,77.0,1502,manual,100.0,82.0
287,VIDEO,276.0,893.0,55.0,70.0,77.0,1502,manual,100.0,81.0
288,VIDEO,277.0,893.0,55.0,70.0,77.0,1502,manual,100.0,82.0
289,VIDEO,277.0,893.0,55.0,70.0,77.0,1502,manual,100.0,82.0
290,VIDEO,277.0,893.0,55.0,70.0,77.0,1502,manual,100.0,82.0
291,VIDEO,277.0,893.0,55.0,70.0,77.0,1502,manual,100.0,82.0
292,VIDEO,277.0,893.0,54.0,70.0,77.0,1502,manual,100.0,82.0
293,VIDEO,277.0,900.0,55.0,70.0,77.0,1502,manual,100.0,82.0
294,VIDEO,274.0,893.0,54.0,70.0,76.0,1502,manual,100.0,81.0
295,VIDEO,277.0,893.0,55.0,70.0,76.0,1502,manual,100.0,82.0
296,VIDEO,277.0,900.0,55.0,70.0,76.0,1502,manual,100.0,82.0
297,VIDEO,277.0,893.0,55.0,70.0,76.0,1502,manual,100.0,81.0
298,VIDEO,277.0,893.0,55.0,70.0,76.0,1502,manual,100.0,82.0
299,VIDEO,277.0,893.0,55.0,70.0,76.0,1502,manual,100.0,82.0
300,VIDEO,276.0,893.0,55.0,69.0,76.0,1502,manual,100.0,81.0
301,VIDEO,277.0,893.0,54.0,70.0,77.0,1502,manual,100.0,82.0
302,VIDEO,277.0,893.0,54.0,70.0,76.0,1502,manual,100.0,82.0
303,VIDEO,277.0,893.0,54.0,70.0,76.0,1502,manual,100.0,82.0
304,VIDEO,277.0,893.0,54.0,70.0,76.0,1502,manual,100.0,82.0
305,VIDEO,277.0,893.0,54.0,70.0,76.0,1502,manual,100.0,82.0
306,VIDEO,277.0,893.0,55.0,69.0,76.0,1502,manual,100.0,82.0
307,VIDEO,277.0,893.0,54.0,69.0,76.0,1502,manual,100.0,82.0
308,VIDEO,277.0,893.0,54.0,69.0,76.0,1502,manual,100.0,82.0
309,VIDEO,277.0,893.0,54.0,69.0,76.0,1502,manual,100.0,82.0
310,VIDEO,277.0,893.0,54.0,69.0,76.0,1502,manual,100.0,82.0
311,VIDEO,277.0,893.0,55.0,69.0,76.0,1502,manual,100.0,82.0
312,VIDEO,277.0,900.0,55.0,69.0,75.0,1502,manual,100.0,82.0
313,VIDEO,277.0,893.0,54.0,69.0,75.0,1502,manual,100.0,82.0
314,VIDEO,277.0,893.0,54.0,69.0,75.0,1502,manual,100.0,82.0
315,VIDEO,277.0,893.0,54.0,69.0,75.0,1502,manual,100.0,82.0
316,VIDEO,277.0,893.0,54.0,70.0,75.0,1502,manual,100.0,82.0
317,VIDEO,277.0,900.0,54.0,69.0,75.0,1502,manual,100.0,82.0
318,VIDEO,277.0,900.0,55.0,70.0,75.0,1502,manual,100.0,82.0
319,VIDEO,277.0,900.0,54.0,69.0,75.0,1502,manual,100.0,82.0
320,VIDEO,277.0,893.0,54.0,69.0,75.0,1502,manual,100.0,81.0
321,VIDEO,277.0,900.0,54.0,69.0,75.0,1502,manual,100.0,81.0
322,VIDEO,277.0,893.0,54.0,69.0,75.0,1502,manual,100.0,82.0
323,VIDEO,277.0,900.0,54.0,69.0,75.0,1502,manual,100.0,82.0
324,VIDEO,277.0,893.0,54.0,69.0,75.0,1502,manual,100.0,82.0
325,VIDEO,277.0,893.0,54.0,69.0,75.0,1502,manual,100.0,81.0
326,VIDEO,277.0,893.0,54.0,69.0,75.0,1502,manual,100.0,82.0
327,VIDEO,277.0,900.0,54.0,70.0,75.0,1502,manual,100.0,82.0
328,VIDEO,277.0,893.0,54.0,69.0,75.0,1502,manual,100.0,82.0
329,VIDEO,270.0,893.0,54.0,69.0,75.0,1502,manual,100.0,81.0
330,VIDEO,277.0,900.0,54.0,69.0,75.0,1502,manual,100.0,82.0
331,VIDEO,277.0,900.0,54.0,69.0,75.0,1502,manual,100.0,82.0
332,VIDEO,277.0,893.0,54.0,69.0,76.0,1502,manual,100.0,81.0
333,VIDEO,277.0,893.0,54.0,69.0,75.0,1502,manual,100.0,82.0
334,VIDEO,277.0,900.0,54.0,69.0,75.0,1502,manual,100.0,82.0
335,VIDEO,277.0,893.0,54.0,70.0,75.0,1502,manual,100.0,82.0
336,VIDEO,277.0,900.0,54.0,69.0,76.0,1502,manual,100.0,82.0
337,VIDEO,277.0,900.0,54.0,69.0,76.0,1502,manual,100.0,82.0
338,VIDEO,277.0,893.0,54.0,69.0,75.0,1502,manual,100.0,82.0
339,VIDEO,277.0,900.0,54.0,69.0,75.0,1502,manual,100.0,82.0
340,VIDEO,277.0,893.0,54.0,69.0,76.0,1502,manual,100.0,82.0
341,VIDEO,277.0,893.0,54.0,69.0,75.0,1502,manual,100.0,82.0
342,VIDEO,277.0,900.0,54.0,69.0,75.0,1502,manual,100.0,82.0
343,VIDEO,277.0,893.0,54.0,69.0,75.0,1502,manual,100.0,82.0
344,VIDEO,277.0,893.0,54.0,69.0,75.0,1502,manual,100.0,82.0
345,VIDEO,277.0,893.0,54.0,69.0,75.0,1502,manual,100.0,82.0
346,VIDEO,277.0,893.0,54.0,69.0,76.0,1502,manual,100.0,81.0
347,VIDEO,277.0,893.0,54.0,69.0,75.0,1502,manual,100.0,82.0
348,VIDEO,277.0,893.0,54.0,69.0,75.0,1502,manual,100.0,82.0
349,VIDEO,277.0,900.0,54.0,69.0,76.0,1502,manual,100.0,82.0
350,VIDEO,277.0,893.0,54.0,69.0,76.0,1502,manual,100.0,82.0
351,VIDEO,277.0,893.0,54.0,69.0,75.0,1502,manual,100.0,82.0
352,VIDEO,277.0,900.0,53.0,69.0,75.0,1502,manual,100.0,82.0
353,VIDEO,277.0,893.0,54.0,69.0,76.0,1502,manual,100.0,82.0
354,VIDEO,277.0,893.0,54.0,69.0,76.0,1502,manual,100.0,82.0
355,VIDEO,277.0,900.0,54.0,69.0,76.0,1502,manual,100.0,81.0
356,VIDEO,277.0,893.0,54.0,69.0,76.0,1502,manual,100.0,82.0
357,VIDEO,277.0,900.0,53.0,69.0,76.0,1502,manual,100.0,82.0
358,VIDEO,275.0,893.0,54.0,68.0,76.0,1502,manual,100.0,81.0
359,VIDEO,266.0,893.0,54.0,69.0,76.0,1502,manual,100.0,81.0
360,VIDEO,277.0,893.0,54.0,69.0,76.0,1502,manual,100.0,82.0
361,VIDEO,277.0,893.0,54.0,69.0,76.0,1502,manual,100.0,82.0
362,VIDEO,273.0,900.0,54.0,69.0,75.0,1502,manual,100.0,82.0
363,VIDEO,277.0,900.0,54.0,68.0,76.0,1502,manual,100.0,82.0
364,VIDEO,277.0,900.0,53.0,69.0,75.0,1502,manual,100.0,82.0
365,VIDEO,277.0,893.0,53.0,69.0,74.0,1502,manual,100.0,81.0
366,VIDEO,277.0,893.0,53.0,69.0,74.0,1502,manual,100.0,82.0
367,VIDEO,277.0,893.0,53.0,68.0,74.0,1502,manual,100.0,82.0
368,VIDEO,277.0,893.0,53.0,68.0,74.0,1502,manual,100.0,82.0
369,VIDEO,277.0,893.0,53.0,69.0,74.0,1502,manual,100.0,81.0
370,VIDEO,277.0,893.0,53.0,68.0,74.0,1502,manual,100.0,81.0
371,VIDEO,277.0,893.0,53.0,69.0,74.0,1502,manual,100.0,82.0
372,VIDEO,277.0,893.0,54.0,69.0,74.0,1502,manual,100.0,82.0
373,VIDEO,277.0,893.0,54.0,68.0,75.0,1502,manual,100.0,82.0
374,VIDEO,277.0,893.0,54.0,69.0,74.0,1502,manual,100.0,82.0
375,VIDEO,277.0,893.0,53.0,68.0,74.0,1502,manual,100.0,82.0
376,VIDEO,277.0,893.0,53.0,68.0,76.0,1502,manual,100.0,82.0
377,VIDEO,266.0,900.0,54.0,69.0,74.0,1502,manual,100.0,81.0
378,VIDEO,277.0,893.0,54.0,68.0,75.0,1502,manual,100.0,82.0
379,VIDEO,277.0,893.0,53.0,68.0,75.0,1502,manual,100.0,82.0
380,VIDEO,277.0,893.0,53.0,69.0,75.0,1502,manual,100.0,82.0
381,VIDEO,273.0,893.0,53.0,69.0,76.0,1502,manual,100.0,82.0
382,VIDEO,277.0,893.0,53.0,68.0,75.0,1502,manual,100.0,82.0
383,VIDEO,277.0,893.0,54.0,69.0,75.0,1502,manual,100.0,82.0
384,VIDEO,274.0,893.0,53.0,68.0,75.0,1502,manual,100.0,82.0
385,VIDEO,277.0,893.0,53.0,68.0,75.0,1502,manual,100.0,82.0
386,VIDEO,277.0,900.0,54.0,68.0,75.0,1502,manual,100.0,82.0
387,VIDEO,277.0,900.0,53.0,69.0,75.0,1502,manual,100.0,82.0
388,VIDEO,277.0,900.0,54.0,68.0,75.0,1502,manual,100.0,82.0
389,VIDEO,277.0,893.0,53.0,68.0,75.0,1502,manual,100.0,82.0
390,VIDEO,274.0,893.0,54.0,68.0,75.0,1502,manual,100.0,81.0
391,VIDEO,277.0,893.0,53.0,68.0,75.0,1502,manual,100.0,82.0
392,VIDEO,277.0,900.0,54.0,68.0,75.0,1502,manual,100.0,82.0
393,VIDEO,274.0,893.0,53.0,68.0,75.0,1502,manual,100.0,81.0
394,VIDEO,277.0,900.0,53.0,68.0,75.0,1502,manual,100.0,82.0
395,VIDEO,277.0,900.0,54.0,68.0,75.0,1502,manual,100.0,82.0
396,VIDEO,277.0,900.0,53.0,68.0,75.0,1502,manual,100.0,81.0
397,VIDEO,277.0,900.0,53.0,68.0,75.0,1502,manual,100.0,82.0
398,VIDEO,277.0,893.0,53.0,68.0,75.0,1502,manual,100.0,82.0
399,VIDEO,277.0,900.0,53.0,68.0,75.0,1502,manual,100.0,82.0
400,VIDEO,277.0,893.0,53.0,68.0,75.0,1502,manual,100.0,82.0
401,VIDEO,277.0,893.0,53.0,68.0,75.0,1502,manual,100.0,82.0
402,VIDEO,277.0,893.0,53.0,68.0,75.0,1502,manual,100.0,82.0
403,VIDEO,277.0,893.0,53.0,68.0,75.0,1502,manual,100.0,82.0
404,VIDEO,277.0,893.0,53.0,68.0,75.0,1502,manual,100.0,82.0
405,VIDEO,277.0,893.0,53.0,68.0,75.0,1502,manual,100.0,82.0
406,VIDEO,277.0,893.0,53.0,68.0,75.0,1502,manual,100.0,81.0
407,VIDEO,277.0,893.0,53.0,68.0,75.0,1502,manual,100.0,82.0
408,VIDEO,277.0,893.0,53.0,68.0,75.0,1502,manual,100.0,82.0
409,VIDEO,277.0,893.0,53.0,68.0,75.0,1502,manual,100.0,82.0
410,VIDEO,277.0,893.0,53.0,68.0,75.0,1502,manual,100.0,82.0
411,VIDEO,276.0,893.0,53.0,68.0,75.0,1502,manual,100.0,82.0
412,VIDEO,277.0,893.0,53.0,68.0,75.0,1502,manual,100.0,82.0
413,VIDEO,277.0,893.0,53.0,68.0,75.0,1502,manual,100.0,82.0
414,VIDEO,277.0,893.0,53.0,68.0,75.0,1502,manual,100.0,82.0
415,VIDEO,277.0,900.0,53.0,68.0,75.0,1502,manual,100.0,82.0
416,VIDEO,276.0,893.0,53.0,68.0,75.0,1502,manual,100.0,82.0
417,VIDEO,277.0,893.0,53.0,68.0,75.0,1502,manual,100.0,82.0
418,VIDEO,277.0,893.0,53.0,67.0,75.0,1502,manual,100.0,81.0
419,VIDEO,277.0,893.0,53.0,68.0,75.0,1502,manual,100.0,82.0
420,VIDEO,277.0,893.0,53.0,68.0,75.0,1502,manual,100.0,82.0
421,VIDEO,276.0,893.0,53.0,68.0,75.0,1502,manual,100.0,82.0
422,VIDEO,277.0,893.0,53.0,68.0,75.0,1502,manual,100.0,82.0
423,VIDEO,277.0,893.0,53.0,68.0,75.0,1502,manual,100.0,82.0
424,VIDEO,266.0,893.0,53.0,68.0,75.0,1502,manual,100.0,79.0
425,VIDEO,277.0,893.0,53.0,67.0,75.0,1502,manual,100.0,82.0
426,VIDEO,276.0,893.0,53.0,68.0,75.0,1502,manual,100.0,82.0
427,VIDEO,276.0,893.0,53.0,68.0,75.0,1502,manual,100.0,82.0
428,VIDEO,277.0,893.0,53.0,68.0,75.0,1502,manual,100.0,82.0
429,VIDEO,277.0,893.0,53.0,68.0,75.0,1502,manual,100.0,82.0
430,VIDEO,277.0,900.0,53.0,67.0,75.0,1502,manual,100.0,82.0
431,VIDEO,277.0,893.0,53.0,68.0,75.0,1502,manual,100.0,82.0
432,VIDEO,267.0,893.0,53.0,68.0,75.0,1502,manual,100.0,81.0
433,VIDEO,277.0,893.0,53.0,68.0,75.0,1502,manual,100.0,82.0
434,VIDEO,277.0,893.0,53.0,67.0,75.0,1502,manual,100.0,82.0
435,VIDEO,277.0,893.0,53.0,68.0,75.0,1502,manual,100.0,81.0
436,VIDEO,277.0,893.0,53.0,67.0,75.0,1502,manual,100.0,82.0
437,VIDEO,277.0,900.0,53.0,68.0,75.0,1502,manual,100.0,82.0
438,VIDEO,277.0,893.0,53.0,68.0,75.0,1502,manual,100.0,82.0
439,VIDEO,277.0,900.0,53.0,68.0,75.0,1502,manual,100.0,82.0
440,VIDEO,277.0,893.0,53.0,67.0,75.0,1502,manual,100.0,82.0
441,VIDEO,277.0,893.0,53.0,67.0,75.0,1502,manual,100.0,82.0
442,VIDEO,277.0,893.0,53.0,68.0,75.0,1502,manual,100.0,82.0
443,VIDEO,276.0,893.0,53.0,68.0,75.0,1502,manual,100.0,82.0
444,VIDEO,277.0,900.0,53.0,68.0,75.0,1502,manual,100.0,82.0
445,VIDEO,276.0,893.0,53.0,68.0,75.0,1502,manual,100.0,82.0
446,VIDEO,276.0,893.0,53.0,68.0,75.0,1502,manual,100.0,82.0
447,VIDEO,277.0,893.0,53.0,67.0,75.0,1502,manual,100.0,82.0
448,VIDEO,277.0,893.0,52.0,68.0,75.0,1502,manual,100.0,82.0
449,VIDEO,276.0,893.0,53.0,68.0,75.0,1502,manual,100.0,82.0
450,VIDEO,276.0,900.0,52.0,67.0,75.0,1502,manual,100.0,82.0
451,VIDEO,277.0,893.0,53.0,68.0,75.0,1502,manual,100.0,82.0
452,VIDEO,273.0,893.0,53.0,67.0,75.0,1502,manual,100.0,81.0
453,VIDEO,277.0,893.0,53.0,67.0,74.0,1502,manual,100.0,82.0
454,VIDEO,277.0,893.0,53.0,67.0,74.0,1502,manual,100.0,82.0
455,VIDEO,275.0,893.0,53.0,67.0,75.0,1502,manual,100.0,81.0
456,VIDEO,277.0,893.0,53.0,67.0,74.0,1502,manual,100.0,82.0
457,VIDEO,272.0,900.0,53.0,67.0,75.0,1502,manual,100.0,82.0
458,VIDEO,276.0,893.0,52.0,68.0,73.0,1502,manual,100.0,82.0
459,VIDEO,276.0,900.0,53.0,67.0,74.0,1502,manual,100.0,81.0
460,VIDEO,277.0,893.0,53.0,67.0,74.0,1502,manual,100.0,82.0
461,VIDEO,276.0,893.0,53.0,67.0,74.0,1502,manual,100.0,82.0
462,VIDEO,277.0,893.0,52.0,68.0,74.0,1502,manual,100.0,82.0
463,VIDEO,277.0,893.0,53.0,68.0,74.0,1502,manual,100.0,82.0
464,VIDEO,277.0,893.0,53.0,68.0,74.0,1502,manual,100.0,82.0
465,VIDEO,277.0,893.0,52.0,68.0,74.0,1502,manual,100.0,82.0
466,VIDEO,276.0,893.0,52.0,68.0,74.0,1502,manual,100.0,82.0
467,VIDEO,276.0,893.0,52.0,67.0,74.0,1502,manual,100.0,82.0
468,VIDEO,277.0,893.0,53.0,67.0,74.0,1502,manual,100.0,82.0
469,VIDEO,277.0,893.0,53.0,67.0,74.0,1502,manual,100.0,82.0
470,VIDEO,275.0,893.0,52.0,67.0,74.0,1502,manual,100.0,82.0
471,VIDEO,277.0,900.0,53.0,67.0,74.0,1502,manual,100.0,82.0
472,VIDEO,276.0,893.0,52.0,67.0,74.0,1502,manual,100.0,82.0
473,VIDEO,276.0,893.0,53.0,67.0,74.0,1502,manual,100.0,82.0
474,VIDEO,277.0,893.0,52.0,67.0,74.0,1502,manual,100.0,82.0
475,VIDEO,275.0,893.0,52.0,67.0,74.0,1502,manual,100.0,82.0
476,VIDEO,276.0,893.0,53.0,67.0,74.0,1502,manual,100.0,82.0
477,VIDEO,277.0,900.0,52.0,67.0,74.0,1502,manual,100.0,82.0
478,VIDEO,266.0,893.0,52.0,67.0,74.0,1502,manual,100.0,80.0
479,VIDEO,276.0,900.0,53.0,67.0,74.0,1502,manual,100.0,82.0
480,VIDEO,275.0,893.0,52.0,67.0,74.0,1502,manual,100.0,82.0
481,VIDEO,277.0,893.0,52.0,67.0,74.0,1502,manual,100.0,82.0
482,VIDEO,277.0,900.0,52.0,67.0,74.0,1502,manual,100.0,82.0
483,VIDEO,275.0,900.0,52.0,67.0,74.0,1502,manual,100.0,82.0
484,VIDEO,277.0,900.0,52.0,67.0,74.0,1502,manual,100.0,82.0
485,VIDEO,277.0,893.0,52.0,67.0,74.0,1502,manual,100.0,82.0
486,VIDEO,276.0,893.0,52.0,67.0,74.0,1502,manual,100.0,82.0
487,VIDEO,277.0,900.0,52.0,67.0,74.0,1502,manual,100.0,82.0
488,VIDEO,276.0,893.0,52.0,67.0,74.0,1502,manual,100.0,82.0
489,VIDEO,275.0,893.0,52.0,67.0,74.0,1502,manual,100.0,82.0
490,VIDEO,277.0,893.0,52.0,67.0,74.0,1502,manual,100.0,82.0
491,VIDEO,276.0,900.0,52.0,67.0,74.0,1502,manual,100.0,82.0
492,VIDEO,277.0,900.0,52.0,67.0,74.0,1502,manual,100.0,79.0
493,VIDEO,277.0,893.0,52.0,67.0,74.0,1502,manual,100.0,82.0
494,VIDEO,275.0,893.0,52.0,67.0,74.0,1502,manual,100.0,82.0
495,VIDEO,277.0,893.0,52.0,67.0,74.0,1502,manual,100.0,82.0
496,VIDEO,276.0,900.0,52.0,67.0,74.0,1502,manual,100.0,82.0
497,VIDEO,276.0,900.0,52.0,67.0,74.0,1502,manual,100.0,82.0
498,VIDEO,275.0,893.0,52.0,67.0,74.0,1502,manual,100.0,82.0
499,VIDEO,277.0,893.0,52.0,67.0,74.0,1502,manual,100.0,82.0
500,VIDEO,277.0,893.0,52.0,66.0,74.0,1502,manual,100.0,81.0
501,VIDEO,277.0,900.0,52.0,66.0,74.0,1502,manual,100.0,82.0
502,VIDEO,277.0,893.0,52.0,67.0,74.0,1502,manual,100.0,82.0
503,VIDEO,277.0,893.0,52.0,67.0,74.0,1502,manual,100.0,82.0
504,VIDEO,276.0,893.0,52.0,67.0,74.0,1502,manual,100.0,82.0
505,VIDEO,276.0,893.0,52.0,67.0,74.0,1502,manual,100.0,82.0
506,VIDEO,273.0,893.0,52.0,67.0,74.0,1502,manual,100.0,82.0
507,VIDEO,277.0,893.0,52.0,67.0,74.0,1502,manual,100.0,82.0
508,VIDEO,276.0,893.0,52.0,67.0,74.0,1502,manual,100.0,82.0
509,VIDEO,276.0,893.0,52.0,66.0,74.0,1502,manual,100.0,82.0
510,VIDEO,277.0,893.0,52.0,66.0,74.0,1502,manual,100.0,82.0
511,VIDEO,277.0,900.0,52.0,66.0,74.0,1502,manual,100.0,82.0
512,VIDEO,275.0,893.0,52.0,67.0,74.0,1502,manual,100.0,82.0
513,VIDEO,272.0,893.0,52.0,67.0,74.0,1502,manual,100.0,81.0
514,VIDEO,275.0,900.0,52.0,67.0,74.0,1502,manual,100.0,82.0
515,VIDEO,274.0,900.0,52.0,67.0,74.0,1502,manual,100.0,82.0
516,VIDEO,276.0,893.0,52.0,67.0,74.0,1502,manual,100.0,82.0
517,VIDEO,273.0,900.0,52.0,66.0,74.0,1502,manual,100.0,82.0
518,VIDEO,276.0,893.0,52.0,66.0,74.0,1502,manual,100.0,82.0
519,VIDEO,274.0,893.0,51.0,67.0,72.0,1502,manual,100.0,82.0
520,VIDEO,275.0,893.0,52.0,67.0,74.0,1502,manual,100.0,81.0
521,VIDEO,276.0,900.0,52.0,66.0,74.0,1502,manual,100.0,82.0
522,VIDEO,277.0,893.0,52.0,67.0,73.0,1502,manual,100.0,82.0
523,VIDEO,277.0,893.0,52.0,66.0,74.0,1502,manual,100.0,82.0
524,VIDEO,277.0,900.0,52.0,67.0,74.0,1502,manual,100.0,82.0
525,VIDEO,276.0,906.0,52.0,66.0,74.0,1502,manual,100.0,82.0
526,VIDEO,276.0,893.0,52.0,66.0,73.0,1502,manual,100.0,82.0
527,VIDEO,275.0,900.0,52.0,66.0,74.0,1502,manual,100.0,82.0
528,VIDEO,264.0,900.0,51.0,66.0,73.0,1502,manual,100.0,80.0
529,VIDEO,277.0,893.0,51.0,66.0,74.0,1502,manual,100.0,82.0
530,VIDEO,277.0,900.0,52.0,66.0,73.0,1502,manual,100.0,82.0
531,VIDEO,275.0,893.0,52.0,66.0,74.0,1502,manual,100.0,82.0
532,VIDEO,274.0,900.0,52.0,66.0,73.0,1502,manual,100.0,81.0
533,VIDEO,275.0,893.0,52.0,66.0,73.0,1502,manual,100.0,82.0
534,VIDEO,276.0,893.0,51.0,67.0,73.0,1502,manual,100.0,82.0
535,VIDEO,277.0,893.0,52.0,66.0,72.0,1502,manual,100.0,82.0
536,VIDEO,274.0,900.0,51.0,66.0,73.0,1502,manual,100.0,82.0
537,VIDEO,276.0,893.0,51.0,66.0,72.0,1502,manual,100.0,82.0
538,VIDEO,275.0,893.0,52.0,66.0,73.0,1502,manual,100.0,82.0
539,VIDEO,275.0,893.0,52.0,66.0,72.0,1502,manual,100.0,82.0
540,VIDEO,275.0,900.0,51.0,66.0,72.0,1502,manual,100.0,82.0
541,VIDEO,277.0,893.0,51.0,66.0,72.0,1502,manual,100.0,82.0
542,VIDEO,275.0,893.0,51.0,66.0,74.0,1502,manual,100.0,82.0
543,VIDEO,277.0,893.0,51.0,66.0,72.0,1502,manual,100.0,82.0
544,VIDEO,275.0,893.0,51.0,66.0,72.0,1502,manual,100.0,81.0
545,VIDEO,275.0,893.0,51.0,67.0,72.0,1502,manual,100.0,82.0
546,VIDEO,275.0,893.0,51.0,66.0,72.0,1502,manual,100.0,82.0
547,VIDEO,276.0,893.0,51.0,66.0,72.0,1502,manual,100.0,82.0
548,VIDEO,276.0,900.0,52.0,66.0,72.0,1502,manual,100.0,82.0
549,VIDEO,275.0,900.0,52.0,66.0,72.0,1502,manual,100.0,82.0
550,VIDEO,275.0,893.0,52.0,66.0,72.0,1502,manual,100.0,82.0
551,VIDEO,274.0,893.0,51.0,66.0,72.0,1502,manual,100.0,82.0
552,VIDEO,273.0,893.0,52.0,66.0,72.0,1502,manual,100.0,81.0
553,VIDEO,275.0,893.0,51.0,66.0,72.0,1502,manual,100.0,82.0
554,VIDEO,276.0,893.0,51.0,66.0,72.0,1502,manual,100.0,82.0
555,VIDEO,276.0,893.0,51.0,65.0,72.0,1502,manual,100.0,81.0
556,VIDEO,277.0,893.0,51.0,66.0,72.0,1502,manual,100.0,82.0
557,VIDEO,274.0,893.0,51.0,65.0,72.0,1502,manual,100.0,81.0
558,VIDEO,274.0,893.0,51.0,66.0,72.0,1502,manual,100.0,82.0
559,VIDEO,273.0,893.0,51.0,66.0,72.0,1502,manual,100.0,81.0
560,VIDEO,275.0,893.0,51.0,66.0,72.0,1502,manual,100.0,82.0
561,VIDEO,276.0,893.0,51.0,65.0,72.0,1502,manual,100.0,82.0
562,VIDEO,274.0,900.0,51.0,66.0,72.0,1502,manual,100.0,82.0
563,VIDEO,274.0,900.0,51.0,66.0,72.0,1502,manual,100.0,82.0
564,VIDEO,273.0,893.0,51.0,66.0,72.0,1502,manual,100.0,82.0
565,VIDEO,276.0,893.0,51.0,66.0,72.0,1502,manual,100.0,82.0
566,VIDEO,276.0,893.0,51.0,66.0,72.0,1502,manual,100.0,82.0
567,VIDEO,277.0,893.0,51.0,66.0,72.0,1502,manual,100.0,82.0
568,VIDEO,273.0,893.0,51.0,66.0,72.0,1502,manual,100.0,81.0
569,VIDEO,273.0,893.0,51.0,66.0,72.0,1502,manual,100.0,82.0
570,VIDEO,274.0,893.0,51.0,66.0,72.0,1502,manual,100.0,82.0
571,VIDEO,275.0,893.0,51.0,66.0,72.0,1502,manual,100.0,82.0
572,VIDEO,274.0,893.0,51.0,65.0,72.0,1502,manual,100.0,82.0
573,VIDEO,273.0,893.0,51.0,66.0,72.0,1502,manual,100.0,82.0
574,VIDEO,275.0,900.0,51.0,66.0,72.0,1502,manual,100.0,82.0
575,VIDEO,277.0,893.0,51.0,66.0,72.0,1502,manual,100.0,82.0
576,VIDEO,273.0,893.0,51.0,65.0,72.0,1502,manual,100.0,81.0
577,VIDEO,275.0,900.0,51.0,66.0,72.0,1502,manual,100.0,82.0
578,VIDEO,273.0,893.0,51.0,65.0,73.0,1502,manual,100.0,82.0
579,VIDEO,272.0,893.0,51.0,65.0,72.0,1502,manual,100.0,81.0
580,VIDEO,273.0,893.0,51.0,65.0,73.0,1502,manual,100.0,82.0
581,VIDEO,274.0,893.0,51.0,66.0,72.0,1502,manual,100.0,81.0
582,VIDEO,273.0,893.0,51.0,66.0,72.0,1502,manual,100.0,81.0
583,VIDEO,275.0,893.0,51.0,66.0,73.0,1502,manual,100.0,82.0
584,VIDEO,275.0,893.0,50.0,66.0,72.0,1502,manual,100.0,82.0
585,VIDEO,276.0,893.0,51.0,66.0,72.0,1502,manual,100.0,82.0
586,VIDEO,275.0,900.0,51.0,66.0,72.0,1502,manual,100.0,82.0
587,VIDEO,273.0,893.0,51.0,66.0,73.0,1502,manual,100.0,82.0
588,VIDEO,273.0,893.0,51.0,65.0,73.0,1502,manual,100.0,81.0
589,VIDEO,275.0,893.0,51.0,65.0,72.0,1502,manual,100.0,81.0
590,VIDEO,274.0,900.0,51.0,65.0,72.0,1502,manual,100.0,82.0
591,VIDEO,273.0,893.0,51.0,66.0,72.0,1502,manual,100.0,82.0
592,VIDEO,275.0,900.0,51.0,65.0,72.0,1502,manual,100.0,82.0
593,VIDEO,273.0,893.0,51.0,65.0,73.0,1502,manual,100.0,82.0
594,VIDEO,275.0,900.0,51.0,65.0,72.0,1502,manual,100.0,82.0
595,VIDEO,276.0,900.0,51.0,65.0,72.0,1502,manual,100.0,82.0
596,VIDEO,274.0,893.0,50.0,66.0,72.0,1502,manual,100.0,82.0
597,VIDEO,272.0,900.0,51.0,65.0,72.0,1502,manual,100.0,82.0
598,VIDEO,276.0,893.0,51.0,65.0,73.0,1502,manual,100.0,82.0
599,VIDEO,275.0,893.0,51.0,66.0,72.0,1502,manual,100.0,82.0
600,VIDEO,273.0,900.0,51.0,66.0,72.0,1502,manual,100.0,82.0
601,VIDEO,275.0,900.0,51.0,65.0,72.0,1502,manual,100.0,82.0
602,VIDEO,276.0,893.0,51.0,66.0,72.0,1502,manual,100.0,82.0
603,VIDEO,276.0,893.0,50.0,65.0,72.0,1502,manual,100.0,82.0
604,VIDEO,276.0,893.0,51.0,65.0,73.0,1502,manual,100.0,82.0
605,VIDEO,274.0,893.0,51.0,65.0,72.0,1502,manual,100.0,82.0
606,VIDEO,273.0,900.0,51.0,65.0,72.0,1502,manual,100.0,81.0
607,VIDEO,275.0,893.0,50.0,66.0,72.0,1502,manual,100.0,82.0
608,VIDEO,275.0,893.0,50.0,66.0,73.0,1502,manual,100.0,82.0
609,VIDEO,275.0,893.0,51.0,65.0,72.0,1502,manual,100.0,82.0
610,VIDEO,275.0,893.0,51.0,65.0,72.0,1502,manual,100.0,82.0
611,VIDEO,275.0,900.0,51.0,65.0,72.0,1502,manual,100.0,82.0
612,VIDEO,274.0,893.0,51.0,65.0,72.0,1502,manual,100.0,81.0
613,VIDEO,273.0,893.0,51.0,65.0,72.0,1502,manual,100.0,82.0
614,VIDEO,274.0,893.0,51.0,66.0,72.0,1502,manual,100.0,82.0
615,VIDEO,276.0,893.0,51.0,65.0,73.0,1502,manual,100.0,82.0
616,VIDEO,274.0,893.0,50.0,65.0,73.0,1502,manual,100.0,82.0
617,VIDEO,274.0,893.0,51.0,65.0,72.0,1502,manual,100.0,82.0
618,VIDEO,273.0,900.0,50.0,65.0,72.0,1502,manual,100.0,82.0
619,VIDEO,275.0,893.0,50.0,65.0,73.0,1502,manual,100.0,82.0
620,VIDEO,276.0,900.0,51.0,65.0,72.0,1502,manual,100.0,81.0
621,VIDEO,275.0,893.0,50.0,65.0,72.0,1502,manual,100.0,82.0
622,VIDEO,274.0,893.0,50.0,65.0,72.0,1502,manual,100.0,82.0
623,VIDEO,274.0,900.0,51.0,65.0,73.0,1502,manual,100.0,82.0
624,VIDEO,275.0,900.0,50.0,65.0,73.0,1502,manual,100.0,82.0
625,VIDEO,273.0,900.0,51.0,65.0,73.0,1502,manual,99.0,82.0
626,VIDEO,273.0,893.0,51.0,65.0,73.0,1502,manual,100.0,82.0
627,VIDEO,272.0,893.0,50.0,65.0,73.0,1502,manual,100.0,82.0
628,VIDEO,272.0,893.0,51.0,65.0,72.0,1502,manual,100.0,82.0
629,VIDEO,275.0,893.0,51.0,65.0,72.0,1502,manual,100.0,82.0
630,VIDEO,273.0,893.0,50.0,65.0,72.0,1502,manual,100.0,82.0
631,VIDEO,272.0,893.0,51.0,65.0,72.0,1502,manual,100.0,82.0
632,VIDEO,270.0,893.0,50.0,65.0,72.0,1502,manual,100.0,82.0
633,VIDEO,274.0,900.0,50.0,65.0,72.0,1502,manual,100.0,82.0
634,VIDEO,272.0,893.0,50.0,65.0,72.0,1502,manual,100.0,82.0
635,VIDEO,274.0,900.0,50.0,65.0,72.0,1502,manual,100.0,82.0
636,VIDEO,275.0,893.0,51.0,65.0,72.0,1502,manual,100.0,82.0
637,VIDEO,273.0,893.0,50.0,65.0,72.0,1502,manual,100.0,81.0
638,VIDEO,275.0,900.0,50.0,65.0,72.0,1502,manual,100.0,82.0
639,VIDEO,275.0,893.0,50.0,65.0,72.0,1502,manual,100.0,82.0
640,VIDEO,274.0,900.0,50.0,65.0,72.0,1502,manual,100.0,82.0
641,VIDEO,273.0,893.0,50.0,65.0,72.0,1502,manual,100.0,82.0
642,VIDEO,273.0,893.0,50.0,65.0,72.0,1502,manual,100.0,82.0
643,VIDEO,272.0,893.0,50.0,65.0,72.0,1502,manual,100.0,82.0
644,VIDEO,274.0,893.0,51.0,65.0,72.0,1502,manual,100.0,82.0
645,VIDEO,273.0,893.0,50.0,65.0,72.0,1502,manual,100.0,82.0
646,VIDEO,274.0,893.0,50.0,65.0,72.0,1502,manual,100.0,82.0
647,VIDEO,272.0,893.0,50.0,65.0,72.0,1502,manual,100.0,82.0
648,VIDEO,275.0,900.0,50.0,65.0,72.0,1502,manual,100.0,82.0
649,VIDEO,274.0,893.0,50.0,65.0,72.0,1502,manual,100.0,82.0
650,VIDEO,273.0,893.0,50.0,65.0,72.0,1502,manual,100.0,81.0
651,VIDEO,272.0,900.0,50.0,65.0,72.0,1502,manual,100.0,82.0
652,VIDEO,271.0,893.0,50.0,65.0,72.0,1502,manual,100.0,81.0
653,VIDEO,273.0,893.0,50.0,65.0,72.0,1502,manual,100.0,82.0
654,VIDEO,272.0,893.0,50.0,65.0,72.0,1502,manual,100.0,82.0
655,VIDEO,271.0,893.0,50.0,65.0,72.0,1502,manual,100.0,82.0
656,VIDEO,273.0,893.0,50.0,65.0,72.0,1502,manual,100.0,82.0
657,VIDEO,272.0,893.0,50.0,65.0,72.0,1502,manual,100.0,82.0
658,VIDEO,273.0,900.0,50.0,65.0,72.0,1502,manual,100.0,82.0
659,VIDEO,273.0,900.0,50.0,65.0,72.0,1502,manual,100.0,81.0
660,VIDEO,272.0,893.0,50.0,65.0,72.0,1502,manual,100.0,82.0
661,VIDEO,272.0,893.0,50.0,64.0,72.0,1502,manual,100.0,82.0
662,VIDEO,276.0,893.0,50.0,65.0,72.0,1502,manual,100.0,82.0
663,VIDEO,273.0,893.0,50.0,65.0,72.0,1502,manual,100.0,82.0
664,VIDEO,272.0,893.0,50.0,65.0,72.0,1502,manual,100.0,82.0
665,VIDEO,272.0,900.0,50.0,65.0,72.0,1502,manual,100.0,82.0
666,VIDEO,272.0,893.0,50.0,65.0,72.0,1502,manual,100.0,82.0
667,VIDEO,273.0,893.0,50.0,65.0,72.0,1502,manual,100.0,82.0
668,VIDEO,272.0,893.0,50.0,65.0,72.0,1502,manual,100.0,82.0
669,VIDEO,273.0,893.0,50.0,64.0,72.0,1502,manual,100.0,82.0
670,VIDEO,274.0,893.0,50.0,65.0,72.0,1502,manual,100.0,82.0
671,VIDEO,273.0,893.0,50.0,65.0,72.0,1502,manual,100.0,82.0
672,VIDEO,275.0,893.0,50.0,65.0,72.0,1502,manual,100.0,82.0
673,VIDEO,275.0,893.0,50.0,65.0,72.0,1502,manual,100.0,82.0
674,VIDEO,272.0,893.0,50.0,65.0,72.0,1502,manual,99.0,82.0
675,VIDEO,273.0,900.0,50.0,65.0,72.0,1502,manual,100.0,82.0
676,VIDEO,275.0,893.0,50.0,65.0,72.0,1502,manual,100.0,82.0
677,VIDEO,274.0,893.0,50.0,65.0,72.0,1502,manual,100.0,82.0
678,VIDEO,274.0,893.0,50.0,65.0,72.0,1502,manual,100.0,82.0
679,VIDEO,275.0,900.0,50.0,65.0,72.0,1502,manual,100.0,81.0
680,VIDEO,272.0,893.0,50.0,65.0,72.0,1502,manual,100.0,82.0
681,VIDEO,273.0,893.0,50.0,65.0,72.0,1502,manual,100.0,82.0
682,VIDEO,272.0,900.0,50.0,65.0,72.0,1502,manual,100.0,82.0
683,VIDEO,273.0,900.0,50.0,65.0,72.0,1502,manual,100.0,82.0
684,VIDEO,273.0,893.0,50.0,65.0,72.0,1502,manual,100.0,82.0
685,VIDEO,275.0,900.0,50.0,65.0,72.0,1502,manual,100.0,82.0
686,VIDEO,274.0,900.0,50.0,65.0,72.0,1502,manual,100.0,82.0
687,VIDEO,272.0,893.0,50.0,65.0,72.0,1502,manual,100.0,81.0
688,VIDEO,276.0,893.0,50.0,65.0,72.0,1502,manual,100.0,82.0
689,VIDEO,271.0,893.0,50.0,65.0,72.0,1502,manual,100.0,81.0
690,VIDEO,273.0,893.0,50.0,65.0,72.0,1502,manual,100.0,82.0
691,VIDEO,274.0,893.0,50.0,64.0,72.0,1502,manual,100.0,82.0
692,VIDEO,272.0,893.0,50.0,65.0,72.0,1502,manual,100.0,82.0
693,VIDEO,270.0,893.0,50.0,65.0,71.0,1502,manual,100.0,81.0
694,VIDEO,275.0,893.0,50.0,65.0,72.0,1502,manual,100.0,82.0
695,VIDEO,272.0,893.0,50.0,64.0,72.0,1502,manual,100.0,82.0
696,VIDEO,273.0,893.0,50.0,64.0,72.0,1502,manual,100.0,82.0
697,VIDEO,272.0,893.0,49.0,65.0,72.0,1502,manual,100.0,82.0
698,VIDEO,272.0,900.0,50.0,64.0,72.0,1502,manual,100.0,82.0
699,VIDEO,273.0,893.0,50.0,64.0,72.0,1502,manual,100.0,82.0
700,VIDEO,272.0,893.0,50.0,64.0,71.0,1502,manual,100.0,81.0
701,VIDEO,273.0,900.0,50.0,64.0,71.0,1502,manual,100.0,82.0
702,VIDEO,273.0,893.0,50.0,64.0,71.0,1502,manual,100.0,82.0
703,VIDEO,272.0,893.0,50.0,64.0,71.0,1502,manual,100.0,82.0
704,VIDEO,272.0,893.0,50.0,64.0,72.0,1502,manual,100.0,82.0
705,VIDEO,274.0,893.0,49.0,64.0,72.0,1502,manual,100.0,82.0
706,VIDEO,273.0,893.0,50.0,64.0,71.0,1502,manual,100.0,82.0
707,VIDEO,272.0,893.0,50.0,65.0,72.0,1502,manual,100.0,82.0
708,VIDEO,273.0,893.0,49.0,65.0,72.0,1502,manual,100.0,82.0
709,VIDEO,272.0,893.0,50.0,64.0,71.0,1502,manual,100.0,82.0
710,VIDEO,273.0,900.0,50.0,64.0,72.0,1502,manual,100.0,82.0
711,VIDEO,273.0,893.0,50.0,65.0,71.0,1502,manual,100.0,82.0
712,VIDEO,274.0,893.0,49.0,64.0,71.0,1502,manual,100.0,82.0
713,VIDEO,272.0,893.0,49.0,65.0,71.0,1502,manual,100.0,82.0
714,VIDEO,276.0,900.0,50.0,64.0,72.0,1502,manual,100.0,81.0
715,VIDEO,276.0,893.0,50.0,64.0,72.0,1502,manual,100.0,82.0
716,VIDEO,273.0,893.0,50.0,65.0,72.0,1502,manual,100.0,82.0
717,VIDEO,272.0,893.0,50.0,64.0,72.0,1502,manual,100.0,82.0
718,VIDEO,273.0,893.0,50.0,64.0,72.0,1502,manual,100.0,82.0
719,VIDEO,273.0,900.0,50.0,64.0,72.0,1502,manual,100.0,82.0
720,VIDEO,273.0,893.0,50.0,64.0,72.0,1502,manual,100.0,82.0
721,VIDEO,272.0,900.0,49.0,64.0,72.0,1502,manual,100.0,81.0
722,VIDEO,276.0,900.0,50.0,64.0,72.0,1502,manual,100.0,82.0
723,VIDEO,274.0,893.0,49.0,64.0,72.0,1502,manual,100.0,82.0
724,VIDEO,273.0,893.0,49.0,64.0,72.0,1502,manual,100.0,82.0
725,VIDEO,272.0,893.0,49.0,64.0,72.0,1502,manual,100.0,82.0
726,VIDEO,272.0,893.0,49.0,64.0,71.0,1502,manual,100.0,82.0
727,VIDEO,272.0,893.0,50.0,64.0,72.0,1502,manual,100.0,82.0
728,VIDEO,272.0,900.0,50.0,64.0,72.0,1502,manual,100.0,82.0
729,VIDEO,273.0,893.0,50.0,64.0,72.0,1502,manual,100.0,82.0
730,VIDEO,273.0,893.0,50.0,64.0,72.0,1502,manual,100.0,82.0
731,VIDEO,272.0,900.0,50.0,64.0,71.0,1502,manual,100.0,82.0
732,VIDEO,272.0,900.0,49.0,64.0,72.0,1502,manual,100.0,82.0
733,VIDEO,272.0,893.0,50.0,64.0,72.0,1502,manual,100.0,82.0
734,VIDEO,272.0,893.0,50.0,64.0,72.0,1502,manual,100.0,81.0
735,VIDEO,272.0,900.0,49.0,64.0,72.0,1502,manual,100.0,82.0
736,VIDEO,273.0,893.0,50.0,64.0,72.0,1502,manual,100.0,82.0
737,VIDEO,272.0,893.0,50.0,64.0,72.0,1502,manual,100.0,82.0
738,VIDEO,272.0,893.0,50.0,64.0,72.0,1502,manual,100.0,82.0
739,VIDEO,274.0,900.0,49.0,64.0,72.0,1502,manual,100.0,81.0
740,VIDEO,273.0,893.0,50.0,64.0,72.0,1502,manual,100.0,82.0
741,VIDEO,274.0,900.0,49.0,64.0,72.0,1502,manual,100.0,82.0
742,VIDEO,272.0,893.0,49.0,64.0,72.0,1502,manual,100.0,82.0
743,VIDEO,272.0,893.0,50.0,64.0,72.0,1502,manual,100.0,82.0
744,VIDEO,272.0,893.0,49.0,65.0,72.0,1502,manual,100.0,82.0
745,VIDEO,273.0,893.0,50.0,64.0,72.0,1502,manual,100.0,82.0
746,VIDEO,275.0,900.0,50.0,64.0,71.0,1502,manual,100.0,82.0
747,VIDEO,274.0,900.0,50.0,64.0,71.0,1502,manual,100.0,82.0
748,VIDEO,271.0,893.0,50.0,64.0,71.0,1502,manual,100.0,81.0
749,VIDEO,272.0,893.0,50.0,64.0,71.0,1502,manual,100.0,82.0
750,VIDEO,272.0,893.0,49.0,64.0,71.0,1502,manual,100.0,81.0
751,VIDEO,275.0,893.0,50.0,64.0,72.0,1502,manual,100.0,82.0
752,VIDEO,274.0,893.0,50.0,65.0,71.0,1502,manual,100.0,82.0
753,VIDEO,273.0,893.0,50.0,64.0,71.0,1502,manual,100.0,82.0
754,VIDEO,272.0,900.0,50.0,64.0,71.0,1502,manual,100.0,82.0
755,VIDEO,273.0,893.0,50.0,64.0,72.0,1502,manual,100.0,81.0
756,VIDEO,272.0,893.0,49.0,64.0,71.0,1502,manual,100.0,82.0
757,VIDEO,272.0,893.0,49.0,64.0,72.0,1502,manual,100.0,82.0
758,VIDEO,273.0,893.0,50.0,64.0,72.0,1502,manual,100.0,81.0
759,VIDEO,269.0,893.0,50.0,64.0,72.0,1502,manual,100.0,81.0
760,VIDEO,272.0,893.0,50.0,64.0,72.0,1502,manual,100.0,81.0
761,VIDEO,267.0,893.0,49.0,64.0,72.0,1502,manual,100.0,80.0
762,VIDEO,273.0,900.0,50.0,64.0,72.0,1502,manual,100.0,82.0
763,VIDEO,272.0,893.0,50.0,64.0,71.0,1502,manual,100.0,82.0
764,VIDEO,272.0,893.0,50.0,64.0,72.0,1502,manual,100.0,82.0
765,VIDEO,273.0,893.0,50.0,64.0,72.0,1502,manual,100.0,82.0
766,VIDEO,273.0,893.0,50.0,64.0,72.0,1502,manual,100.0,82.0
767,VIDEO,273.0,893.0,50.0,64.0,71.0,1502,manual,100.0,82.0
768,VIDEO,273.0,893.0,50.0,64.0,72.0,1502,manual,100.0,82.0
769,VIDEO,271.0,893.0,49.0,64.0,71.0,1502,manual,100.0,81.0
770,VIDEO,272.0,893.0,49.0,64.0,71.0,1502,manual,100.0,82.0
771,VIDEO,273.0,900.0,49.0,64.0,71.0,1502,manual,100.0,82.0
772,VIDEO,273.0,893.0,50.0,64.0,71.0,1502,manual,100.0,82.0
773,VIDEO,270.0,893.0,49.0,64.0,71.0,1502,manual,100.0,82.0
774,VIDEO,272.0,893.0,50.0,64.0,71.0,1502,manual,100.0,81.0
775,VIDEO,273.0,893.0,50.0,64.0,71.0,1502,manual,100.0,82.0
776,VIDEO,273.0,893.0,49.0,64.0,71.0,1502,manual,100.0,82.0
777,VIDEO,274.0,893.0,50.0,64.0,71.0,1502,manual,100.0,81.0
778,VIDEO,272.0,900.0,49.0,64.0,71.0,1502,manual,100.0,82.0
779,VIDEO,272.0,893.0,50.0,64.0,72.0,1502,manual,100.0,82.0
780,VIDEO,272.0,893.0,49.0,64.0,71.0,1502,manual,100.0,82.0
781,VIDEO,272.0,893.0,50.0,64.0,71.0,1502,manual,100.0,82.0
782,VIDEO,273.0,893.0,49.0,65.0,71.0,1502,manual,100.0,82.0
783,VIDEO,272.0,893.0,49.0,64.0,72.0,1502,manual,100.0,81.0
784,VIDEO,272.0,893.0,49.0,64.0,71.0,1502,manual,100.0,82.0
785,VIDEO,272.0,893.0,49.0,64.0,71.0,1502,manual,100.0,82.0
786,VIDEO,274.0,893.0,50.0,64.0,71.0,1502,manual,100.0,82.0
787,VIDEO,273.0,893.0,50.0,64.0,71.0,1502,manual,100.0,82.0
788,VIDEO,274.0,900.0,49.0,64.0,71.0,1502,manual,100.0,82.0
789,VIDEO,272.0,900.0,49.0,64.0,71.0,1502,manual,100.0,82.0
790,VIDEO,272.0,893.0,49.0,65.0,71.0,1502,manual,100.0,82.0
791,VIDEO,272.0,900.0,49.0,64.0,71.0,1502,manual,100.0,82.0
792,VIDEO,272.0,893.0,49.0,64.0,71.0,1502,manual,100.0,82.0
793,VIDEO,272.0,893.0,49.0,64.0,71.0,1502,manual,100.0,81.0
794,VIDEO,273.0,893.0,49.0,64.0,71.0,1502,manual,100.0,82.0
795,VIDEO,273.0,893.0,49.0,64.0,71.0,1502,manual,100.0,82.0
796,VIDEO,274.0,893.0,49.0,64.0,71.0,1502,manual,100.0,82.0
797,VIDEO,272.0,900.0,49.0,64.0,71.0,1502,manual,100.0,82.0
798,VIDEO,272.0,900.0,49.0,64.0,71.0,1502,manual,100.0,82.0
799,VIDEO,273.0,893.0,49.0,64.0,71.0,1502,manual,100.0,82.0
800,VIDEO,272.0,893.0,49.0,64.0,71.0,1502,manual,100.0,82.0
801,VIDEO,272.0,893.0,49.0,64.0,71.0,1502,manual,100.0,81.0
802,VIDEO,272.0,893.0,49.0,64.0,71.0,1502,manual,100.0,82.0
803,VIDEO,272.0,893.0,49.0,64.0,71.0,1502,manual,100.0,82.0
804,VIDEO,272.0,893.0,49.0,64.0,71.0,1502,manual,100.0,82.0
805,VIDEO,272.0,893.0,50.0,64.0,71.0,1502,manual,100.0,82.0
806,VIDEO,270.0,900.0,49.0,64.0,71.0,1502,manual,100.0,82.0
807,VIDEO,273.0,900.0,49.0,64.0,71.0,1502,manual,100.0,82.0
808,VIDEO,272.0,893.0,49.0,64.0,71.0,1502,manual,100.0,82.0
809,VIDEO,272.0,893.0,49.0,64.0,71.0,1502,manual,100.0,82.0
810,VIDEO,272.0,893.0,50.0,64.0,71.0,1502,manual,100.0,82.0
811,VIDEO,272.0,893.0,49.0,64.0,71.0,1502,manual,100.0,82.0
812,VIDEO,272.0,900.0,49.0,64.0,71.0,1502,manual,100.0,82.0
813,VIDEO,272.0,893.0,49.0,64.0,71.0,1502,manual,100.0,82.0
814,VIDEO,272.0,900.0,49.0,64.0,71.0,1502,manual,100.0,82.0
815,VIDEO,272.0,893.0,49.0,64.0,71.0,1502,manual,100.0,81.0
816,VIDEO,272.0,893.0,49.0,64.0,71.0,1502,manual,100.0,82.0
817,VIDEO,272.0,893.0,50.0,64.0,71.0,1502,manual,100.0,82.0
818,VIDEO,273.0,893.0,50.0,64.0,71.0,1502,manual,100.0,82.0
819,VIDEO,272.0,893.0,49.0,64.0,71.0,1502,manual,100.0,82.0
820,VIDEO,272.0,893.0,49.0,64.0,71.0,1502,manual,100.0,82.0
821,VIDEO,272.0,900.0,49.0,64.0,71.0,1502,manual,100.0,82.0
822,VIDEO,272.0,893.0,49.0,64.0,71.0,1502,manual,100.0,82.0
823,VIDEO,272.0,893.0,49.0,64.0,71.0,1502,manual,99.0,81.0
824,VIDEO,272.0,900.0,49.0,64.0,71.0,1502,manual,100.0,82.0
825,VIDEO,272.0,900.0,49.0,64.0,71.0,1502,manual,100.0,82.0
826,VIDEO,272.0,893.0,49.0,64.0,71.0,1502,manual,100.0,82.0
827,VIDEO,272.0,900.0,49.0,64.0,71.0,1502,manual,100.0,82.0
828,VIDEO,272.0,893.0,49.0,64.0,71.0,1502,manual,100.0,82.0
829,VIDEO,272.0,893.0,49.0,64.0,71.0,1502,manual,100.0,82.0
830,VIDEO,272.0,893.0,49.0,64.0,71.0,1502,manual,100.0,82.0
831,VIDEO,272.0,893.0,49.0,64.0,71.0,1502,manual,100.0,82.0
832,VIDEO,273.0,893.0,49.0,64.0,71.0,1502,manual,100.0,82.0
833,VIDEO,272.0,893.0,49.0,64.0,71.0,1502,manual,100.0,82.0
834,VIDEO,272.0,906.0,49.0,64.0,71.0,1502,manual,100.0,82.0
835,VIDEO,272.0,893.0,49.0,64.0,71.0,1502,manual,100.0,82.0
836,VIDEO,272.0,893.0,49.0,64.0,71.0,1502,manual,100.0,82.0
837,VIDEO,273.0,893.0,49.0,64.0,71.0,1502,manual,100.0,81.0
838,VIDEO,272.0,893.0,49.0,64.0,71.0,1502,manual,100.0,82.0
839,VIDEO,272.0,893.0,49.0,64.0,71.0,1502,manual,100.0,82.0
840,VIDEO,272.0,893.0,49.0,64.0,71.0,1502,manual,100.0,82.0
841,VIDEO,272.0,900.0,49.0,64.0,71.0,1502,manual,100.0,82.0
842,VIDEO,272.0,900.0,49.0,64.0,71.0,1502,manual,100.0,82.0
843,VIDEO,272.0,893.0,49.0,64.0,71.0,1502,manual,100.0,82.0
844,VIDEO,269.0,900.0,49.0,64.0,71.0,1502,manual,100.0,81.0
845,VIDEO,272.0,900.0,49.0,64.0,71.0,1502,manual,100.0,81.0
846,VIDEO,272.0,900.0,49.0,64.0,71.0,1502,manual,100.0,82.0
847,VIDEO,272.0,900.0,49.0,64.0,71.0,1502,manual,100.0,82.0
848,VIDEO,268.0,893.0,49.0,64.0,71.0,1502,manual,100.0,81.0
849,VIDEO,272.0,900.0,49.0,64.0,71.0,1502,manual,100.0,82.0
850,VIDEO,272.0,893.0,49.0,64.0,71.0,1502,manual,100.0,82.0
851,VIDEO,272.0,893.0,49.0,64.0,71.0,1502,manual,100.0,81.0
852,VIDEO,272.0,900.0,49.0,64.0,71.0,1502,manual,100.0,82.0
853,VIDEO,272.0,893.0,49.0,64.0,71.0,1502,manual,100.0,82.0
854,VIDEO,272.0,893.0,49.0,64.0,71.0,1502,manual,100.0,81.0
855,VIDEO,272.0,893.0,49.0,63.0,70.0,1502,manual,100.0,82.0
856,VIDEO,273.0,893.0,49.0,64.0,71.0,1502,manual,100.0,82.0
857,VIDEO,272.0,893.0,49.0,64.0,70.0,1502,manual,100.0,82.0
858,VIDEO,272.0,893.0,49.0,64.0,71.0,1502,manual,100.0,82.0
859,VIDEO,272.0,900.0,49.0,64.0,71.0,1502,manual,100.0,82.0
860,VIDEO,272.0,893.0,49.0,63.0,71.0,1502,manual,100.0,82.0
861,VIDEO,272.0,893.0,48.0,64.0,71.0,1502,manual,100.0,82.0
862,VIDEO,272.0,893.0,49.0,64.0,71.0,1502,manual,100.0,82.0
863,VIDEO,272.0,893.0,49.0,64.0,71.0,1502,manual,100.0,82.0
864,VIDEO,272.0,893.0,49.0,63.0,70.0,1502,manual,100.0,82.0
865,VIDEO,272.0,900.0,49.0,64.0,70.0,1502,manual,100.0,81.0
866,VIDEO,272.0,893.0,49.0,64.0,70.0,1502,manual,100.0,82.0
867,VIDEO,272.0,893.0,49.0,64.0,70.0,1502,manual,100.0,82.0
868,VIDEO,272.0,893.0,49.0,64.0,71.0,1502,manual,100.0,82.0
869,VIDEO,270.0,893.0,49.0,64.0,71.0,1502,manual,100.0,82.0
870,VIDEO,272.0,893.0,49.0,64.0,71.0,1502,manual,100.0,82.0
871,VIDEO,270.0,893.0,49.0,64.0,71.0,1502,manual,100.0,82.0
872,VIDEO,272.0,893.0,48.0,64.0,70.0,1502,manual,100.0,81.0
873,VIDEO,272.0,893.0,49.0,64.0,71.0,1502,manual,100.0,81.0
874,VIDEO,272.0,893.0,49.0,64.0,71.0,1502,manual,100.0,82.0
875,VIDEO,273.0,900.0,49.0,63.0,70.0,1502,manual,100.0,82.0
876,VIDEO,273.0,900.0,49.0,64.0,70.0,1502,manual,100.0,82.0
877,VIDEO,272.0,900.0,49.0,64.0,70.0,1502,manual,100.0,82.0
878,VIDEO,269.0,893.0,49.0,64.0,70.0,1502,manual,100.0,82.0
879,VIDEO,272.0,893.0,49.0,63.0,70.0,1502,manual,100.0,82.0
880,VIDEO,272.0,893.0,49.0,64.0,70.0,1502,manual,100.0,82.0
881,VIDEO,272.0,893.0,49.0,64.0,70.0,1502,manual,100.0,79.0
882,VIDEO,272.0,893.0,49.0,63.0,70.0,1502,manual,100.0,82.0
883,VIDEO,273.0,893.0,49.0,64.0,71.0,1502,manual,100.0,82.0
884,VIDEO,272.0,893.0,49.0,64.0,70.0,1502,manual,100.0,81.0
885,VIDEO,272.0,893.0,49.0,64.0,70.0,1502,manual,100.0,82.0
886,VIDEO,272.0,900.0,49.0,64.0,71.0,1502,manual,100.0,82.0
887,VIDEO,272.0,900.0,49.0,64.0,71.0,1502,manual,100.0,82.0
888,VIDEO,272.0,893.0,49.0,64.0,70.0,1502,manual,100.0,82.0
889,VIDEO,272.0,893.0,49.0,64.0,70.0,1502,manual,100.0,82.0
890,VIDEO,272.0,900.0,49.0,64.0,70.0,1502,manual,100.0,82.0
891,VIDEO,271.0,900.0,48.0,64.0,70.0,1502,manual,100.0,81.0
892,VIDEO,272.0,893.0,49.0,64.0,70.0,1502,manual,100.0,82.0
893,VIDEO,272.0,900.0,49.0,64.0,70.0,1502,manual,100.0,82.0
894,VIDEO,272.0,900.0,48.0,64.0,71.0,1502,manual,100.0,82.0
895,VIDEO,272.0,893.0,49.0,64.0,70.0,1502,manual,100.0,82.0
896,VIDEO,272.0,893.0,49.0,63.0,70.0,1502,manual,100.0,82.0
897,VIDEO,272.0,893.0,49.0,64.0,70.0,1502,manual,100.0,81.0
898,VIDEO,272.0,893.0,48.0,64.0,70.0,1502,manual,100.0,82.0
899,VIDEO,273.0,893.0,49.0,64.0,70.0,1502,manual,100.0,82.0
900,VIDEO,272.0,900.0,49.0,64.0,71.0,1502,manual,100.0,82.0
901,VIDEO,272.0,893.0,49.0,63.0,70.0,1502,manual,100.0,82.0
902,VIDEO,270.0,893.0,48.0,64.0,70.0,1502,manual,100.0,81.0
903,VIDEO,272.0,893.0,49.0,64.0,70.0,1502,manual,100.0,82.0
904,VIDEO,272.0,893.0,49.0,63.0,70.0,1502,manual,100.0,82.0
905,VIDEO,262.0,893.0,49.0,63.0,71.0,1502,manual,100.0,80.0
906,VIDEO,272.0,893.0,49.0,63.0,70.0,1502,manual,100.0,82.0
907,VIDEO,272.0,893.0,49.0,63.0,70.0,1502,manual,100.0,82.0
908,VIDEO,272.0,893.0,49.0,64.0,70.0,1502,manual,100.0,82.0
909,VIDEO,272.0,893.0,49.0,63.0,70.0,1502,manual,100.0,82.0
910,VIDEO,272.0,893.0,49.0,64.0,70.0,1502,manual,100.0,82.0
911,VIDEO,274.0,893.0,48.0,63.0,70.0,1502,manual,100.0,82.0
912,VIDEO,272.0,893.0,48.0,63.0,70.0,1502,manual,100.0,82.0
913,VIDEO,272.0,900.0,48.0,64.0,70.0,1502,manual,100.0,82.0
914,VIDEO,272.0,900.0,48.0,63.0,71.0,1502,manual,100.0,82.0
915,VIDEO,272.0,900.0,48.0,64.0,70.0,1502,manual,100.0,82.0
916,VIDEO,272.0,893.0,49.0,64.0,71.0,1502,manual,100.0,81.0
917,VIDEO,272.0,893.0,49.0,64.0,71.0,1502,manual,100.0,82.0
918,VIDEO,272.0,900.0,48.0,63.0,70.0,1502,manual,100.0,82.0
919,VIDEO,272.0,893.0,49.0,64.0,71.0,1502,manual,100.0,81.0
920,VIDEO,272.0,900.0,49.0,63.0,70.0,1502,manual,100.0,82.0
921,VIDEO,272.0,900.0,49.0,63.0,70.0,1502,manual,100.0,82.0
922,VIDEO,271.0,893.0,48.0,63.0,71.0,1502,manual,100.0,81.0
923,VIDEO,268.0,893.0,49.0,63.0,70.0,1502,manual,100.0,81.0
924,VIDEO,272.0,893.0,49.0,63.0,70.0,1502,manual,100.0,81.0
925,VIDEO,272.0,900.0,49.0,63.0,70.0,1502,manual,100.0,81.0
926,VIDEO,272.0,893.0,48.0,63.0,70.0,1502,manual,100.0,82.0
927,VIDEO,273.0,893.0,49.0,64.0,70.0,1502,manual,100.0,82.0
928,VIDEO,269.0,893.0,49.0,63.0,71.0,1502,manual,100.0,81.0
929,VIDEO,272.0,893.0,49.0,63.0,70.0,1502,manual,100.0,82.0
930,VIDEO,272.0,900.0,48.0,63.0,71.0,1502,manual,100.0,82.0
931,VIDEO,272.0,893.0,49.0,63.0,71.0,1502,manual,100.0,82.0
932,VIDEO,272.0,893.0,49.0,63.0,70.0,1502,manual,100.0,82.0
933,VIDEO,273.0,893.0,48.0,63.0,71.0,1502,manual,100.0,82.0
934,VIDEO,273.0,893.0,48.0,63.0,70.0,1502,manual,100.0,82.0
935,VIDEO,272.0,900.0,48.0,63.0,71.0,1502,manual,100.0,81.0
936,VIDEO,272.0,893.0,49.0,63.0,71.0,1502,manual,100.0,82.0
937,VIDEO,272.0,893.0,48.0,64.0,70.0,1502,manual,100.0,82.0
938,VIDEO,272.0,893.0,49.0,63.0,71.0,1502,manual,100.0,81.0
939,VIDEO,272.0,900.0,48.0,64.0,71.0,1502,manual,100.0,82.0
940,VIDEO,272.0,900.0,49.0,63.0,71.0,1502,manual,100.0,82.0
941,VIDEO,272.0,893.0,49.0,63.0,71.0,1502,manual,100.0,82.0
942,VIDEO,272.0,893.0,48.0,63.0,70.0,1502,manual,100.0,82.0
943,VIDEO,272.0,893.0,48.0,63.0,70.0,1502,manual,99.0,82.0
944,VIDEO,272.0,893.0,48.0,63.0,71.0,1502,manual,100.0,82.0
945,VIDEO,272.0,893.0,49.0,63.0,70.0,1502,manual,100.0,82.0
946,VIDEO,272.0,900.0,48.0,64.0,71.0,1502,manual,100.0,82.0
947,VIDEO,272.0,893.0,49.0,64.0,71.0,1502,manual,100.0,82.0
948,VIDEO,270.0,893.0,49.0,63.0,71.0,1502,manual,100.0,81.0
949,VIDEO,272.0,893.0,48.0,63.0,71.0,1502,manual,100.0,82.0
950,VIDEO,272.0,893.0,49.0,64.0,71.0,1502,manual,100.0,82.0
951,VIDEO,272.0,893.0,49.0,63.0,70.0,1502,manual,100.0,82.0
952,VIDEO,272.0,900.0,49.0,64.0,71.0,1502,manual,100.0,82.0
953,VIDEO,272.0,893.0,49.0,63.0,70.0,1502,manual,100.0,81.0
954,VIDEO,273.0,900.0,49.0,63.0,71.0,1502,manual,100.0,82.0
955,VIDEO,272.0,893.0,49.0,63.0,71.0,1502,manual,100.0,82.0
956,VIDEO,272.0,893.0,49.0,63.0,71.0,1502,manual,100.0,81.0
957,VIDEO,272.0,893.0,49.0,63.0,71.0,1502,manual,100.0,82.0
958,VIDEO,272.0,893.0,49.0,63.0,70.0,1502,manual,100.0,82.0
959,VIDEO,272.0,893.0,48.0,63.0,71.0,1502,manual,100.0,81.0
960,VIDEO,272.0,893.0,48.0,63.0,70.0,1502,manual,100.0,82.0
961,VIDEO,272.0,900.0,48.0,63.0,70.0,1502,manual,100.0,82.0
962,VIDEO,272.0,893.0,48.0,63.0,70.0,1502,manual,100.0,81.0
963,VIDEO,272.0,893.0,48.0,64.0,71.0,1502,manual,100.0,82.0
964,VIDEO,272.0,893.0,48.0,64.0,71.0,1502,manual,100.0,82.0
965,VIDEO,272.0,893.0,48.0,63.0,70.0,1502,manual,100.0,82.0
966,VIDEO,272.0,893.0,49.0,64.0,70.0,1502,manual,100.0,82.0
967,VIDEO,273.0,893.0,49.0,63.0,71.0,1502,manual,100.0,82.0
968,VIDEO,272.0,900.0,49.0,63.0,70.0,1502,manual,100.0,82.0
969,VIDEO,272.0,893.0,48.0,64.0,70.0,1502,manual,100.0,82.0
970,VIDEO,272.0,893.0,48.0,63.0,71.0,1502,manual,100.0,82.0
971,VIDEO,272.0,900.0,49.0,63.0,71.0,1502,manual,100.0,82.0
972,VIDEO,272.0,900.0,49.0,63.0,70.0,1502,manual,100.0,82.0
973,VIDEO,272.0,893.0,48.0,63.0,70.0,1502,manual,100.0,82.0
974,VIDEO,272.0,893.0,49.0,63.0,71.0,1502,manual,100.0,82.0
975,VIDEO,272.0,893.0,48.0,63.0,70.0,1502,manual,100.0,82.0
976,VIDEO,272.0,893.0,48.0,63.0,70.0,1502,manual,100.0,82.0
977,VIDEO,272.0,900.0,49.0,63.0,70.0,1502,manual,100.0,82.0
978,VIDEO,272.0,900.0,48.0,63.0,70.0,1502,manual,100.0,82.0
979,VIDEO,262.0,893.0,49.0,63.0,70.0,1502,manual,100.0,80.0
980,VIDEO,272.0,893.0,48.0,64.0,71.0,1502,manual,100.0,82.0
981,VIDEO,272.0,900.0,49.0,63.0,70.0,1502,manual,100.0,82.0
982,VIDEO,272.0,900.0,48.0,63.0,70.0,1502,manual,100.0,82.0
983,VIDEO,272.0,893.0,49.0,64.0,70.0,1502,manual,100.0,82.0
984,VIDEO,272.0,900.0,48.0,63.0,70.0,1502,manual,100.0,82.0
985,VIDEO,272.0,893.0,48.0,63.0,70.0,1502,manual,100.0,82.0
986,VIDEO,272.0,900.0,48.0,63.0,71.0,1502,manual,100.0,82.0
987,VIDEO,272.0,893.0,49.0,63.0,70.0,1502,manual,100.0,82.0
988,VIDEO,272.0,893.0,48.0,63.0,70.0,1502,manual,100.0,82.0
989,VIDEO,272.0,893.0,48.0,63.0,71.0,1502,manual,100.0,82.0
990,VIDEO,272.0,893.0,48.0,63.0,70.0,1502,manual,100.0,82.0
991,VIDEO,272.0,893.0,48.0,63.0,70.0,1502,manual,100.0,82.0
992,VIDEO,272.0,893.0,48.0,63.0,70.0,1502,manual,100.0,82.0
993,VIDEO,272.0,893.0,48.0,63.0,70.0,1502,manual,100.0,82.0
994,VIDEO,272.0,900.0,48.0,63.0,70.0,1502,manual,100.0,82.0
995,VIDEO,272.0,906.0,48.0,63.0,70.0,1502,manual,100.0,82.0
996,VIDEO,272.0,893.0,49.0,63.0,70.0,1502,manual,100.0,81.0
997,VIDEO,272.0,893.0,48.0,63.0,71.0,1502,manual,100.0,81.0
998,VIDEO,272.0,893.0,49.0,63.0,70.0,1502,manual,100.0,82.0
999,VIDEO,272.0,893.0,48.0,64.0,70.0,1502,manual,100.0,82.0
1000,VIDEO,272.0,900.0,48.0,63.0,70.0,1502,manual,100.0,82.0
1001,VIDEO,272.0,900.0,48.0,63.0,70.0,1502,manual,100.0,81.0
1002,VIDEO,272.0,893.0,48.0,63.0,70.0,1502,manual,100.0,82.0
1003,VIDEO,272.0,893.0,49.0,63.0,70.0,1502,manual,100.0,81.0
1004,VIDEO,272.0,893.0,48.0,63.0,70.0,1502,manual,100.0,82.0
1005,VIDEO,272.0,893.0,48.0,63.0,71.0,1502,manual,100.0,82.0
1006,VIDEO,272.0,893.0,48.0,63.0,70.0,1502,manual,100.0,82.0
1007,VIDEO,262.0,900.0,48.0,63.0,70.0,1502,manual,100.0,80.0
1008,VIDEO,272.0,893.0,49.0,63.0,70.0,1502,manual,100.0,82.0
1009,VIDEO,272.0,893.0,48.0,63.0,70.0,1502,manual,100.0,82.0
1010,VIDEO,272.0,893.0,48.0,63.0,70.0,1502,manual,100.0,82.0
1011,VIDEO,269.0,893.0,48.0,62.0,70.0,1502,manual,100.0,81.0
1012,VIDEO,272.0,900.0,48.0,63.0,70.0,1502,manual,100.0,82.0
1013,VIDEO,272.0,900.0,48.0,63.0,70.0,1502,manual,100.0,82.0
1014,VIDEO,269.0,893.0,49.0,63.0,71.0,1502,manual,100.0,81.0
1015,VIDEO,272.0,893.0,48.0,63.0,70.0,1502,manual,100.0,82.0
1016,VIDEO,272.0,893.0,48.0,63.0,70.0,1502,manual,100.0,82.0
1017,VIDEO,272.0,900.0,48.0,63.0,70.0,1502,manual,100.0,82.0
1018,VIDEO,269.0,893.0,48.0,63.0,70.0,1502,manual,100.0,81.0
1019,VIDEO,272.0,893.0,48.0,63.0,70.0,1502,manual,100.0,82.0
1020,VIDEO,272.0,893.0,48.0,63.0,70.0,1502,manual,100.0,82.0
1021,VIDEO,269.0,900.0,48.0,63.0,70.0,1502,manual,100.0,82.0
1022,VIDEO,272.0,893.0,48.0,63.0,70.0,1502,manual,100.0,82.0
1023,VIDEO,272.0,893.0,48.0,63.0,70.0,1502,manual,100.0,82.0
1024,VIDEO,272.0,893.0,48.0,63.0,70.0,1502,manual,100.0,82.0
1025,VIDEO,272.0,900.0,49.0,63.0,70.0,1502,manual,99.0,82.0
1026,VIDEO,269.0,893.0,48.0,63.0,70.0,1502,manual,100.0,82.0
1027,VIDEO,272.0,900.0,48.0,63.0,70.0,1502,manual,100.0,82.0
1028,VIDEO,272.0,893.0,48.0,63.0,70.0,1502,manual,100.0,82.0
1029,VIDEO,272.0,900.0,48.0,63.0,70.0,1502,manual,100.0,82.0
1030,VIDEO,272.0,900.0,49.0,63.0,70.0,1502,manual,100.0,82.0
1031,VIDEO,272.0,893.0,48.0,63.0,70.0,1502,manual,100.0,82.0
1032,VIDEO,272.0,893.0,48.0,63.0,70.0,1502,manual,100.0,82.0
1033,VIDEO,272.0,900.0,48.0,63.0,70.0,1502,manual,100.0,82.0
1034,VIDEO,272.0,893.0,48.0,63.0,70.0,1502,manual,100.0,82.0
1035,VIDEO,272.0,893.0,48.0,63.0,70.0,1502,manual,100.0,82.0
1036,VIDEO,272.0,893.0,48.0,63.0,70.0,1502,manual,100.0,82.0
1037,VIDEO,272.0,893.0,48.0,63.0,70.0,1502,manual,100.0,82.0
1038,VIDEO,272.0,893.0,48.0,63.0,70.0,1502,manual,100.0,81.0
1039,VIDEO,272.0,893.0,48.0,63.0,70.0,1502,manual,100.0,82.0
1040,VIDEO,274.0,893.0,48.0,63.0,70.0,1502,manual,100.0,82.0
1041,VIDEO,272.0,900.0,48.0,63.0,70.0,1502,manual,100.0,82.0
1042,VIDEO,273.0,893.0,48.0,63.0,70.0,1502,manual,100.0,82.0
1043,VIDEO,272.0,893.0,48.0,63.0,70.0,1502,manual,100.0,82.0
1044,VIDEO,272.0,893.0,48.0,64.0,70.0,1502,manual,100.0,82.0
1045,VIDEO,272.0,893.0,48.0,63.0,70.0,1502,manual,100.0,82.0
1046,VIDEO,272.0,900.0,48.0,63.0,70.0,1502,manual,100.0,82.0
1047,VIDEO,272.0,893.0,48.0,63.0,70.0,1502,manual,100.0,82.0
1048,VIDEO,272.0,900.0,48.0,63.0,70.0,1502,manual,100.0,82.0
1049,VIDEO,272.0,900.0,48.0,63.0,70.0,1502,manual,100.0,82.0
1050,VIDEO,272.0,893.0,48.0,63.0,70.0,1502,manual,100.0,82.0
1051,VIDEO,272.0,893.0,48.0,63.0,70.0,1502,manual,100.0,82.0
1052,VIDEO,272.0,893.0,48.0,63.0,70.0,1502,manual,100.0,82.0
1053,VIDEO,272.0,893.0,48.0,63.0,70.0,1502,manual,100.0,81.0
1054,VIDEO,273.0,893.0,48.0,63.0,70.0,1502,manual,100.0,82.0
1055,VIDEO,272.0,893.0,48.0,63.0,70.0,1502,manual,100.0,82.0
1056,VIDEO,272.0,893.0,48.0,63.0,70.0,1502,manual,100.0,82.0
1057,VIDEO,272.0,893.0,48.0,63.0,70.0,1502,manual,100.0,82.0
1058,VIDEO,272.0,893.0,48.0,63.0,70.0,1502,manual,100.0,82.0
1059,VIDEO,272.0,893.0,48.0,63.0,70.0,1502,manual,100.0,82.0
1060,VIDEO,272.0,893.0,48.0,64.0,70.0,1502,manual,100.0,82.0
1061,VIDEO,272.0,900.0,49.0,63.0,70.0,1502,manual,100.0,82.0
1062,VIDEO,272.0,900.0,48.0,64.0,70.0,1502,manual,100.0,81.0
1063,VIDEO,272.0,900.0,48.0,63.0,70.0,1502,manual,100.0,82.0
1064,VIDEO,272.0,893.0,48.0,64.0,70.0,1502,manual,100.0,82.0
1065,VIDEO,272.0,900.0,48.0,63.0,70.0,1502,manual,100.0,81.0
1066,VIDEO,272.0,900.0,48.0,63.0,70.0,1502,manual,100.0,82.0
1067,VIDEO,272.0,893.0,48.0,63.0,70.0,1502,manual,100.0,82.0
1068,VIDEO,272.0,893.0,48.0,63.0,70.0,1502,manual,100.0,82.0
1069,VIDEO,272.0,893.0,48.0,63.0,70.0,1502,manual,100.0,82.0
1070,VIDEO,271.0,900.0,48.0,63.0,70.0,1502,manual,100.0,81.0
1071,VIDEO,272.0,893.0,48.0,63.0,70.0,1502,manual,100.0,82.0
1072,VIDEO,272.0,900.0,49.0,62.0,70.0,1502,manual,100.0,81.0
1073,VIDEO,272.0,900.0,49.0,63.0,70.0,1502,manual,100.0,82.0
1074,VIDEO,272.0,893.0,48.0,63.0,70.0,1502,manual,100.0,82.0
1075,VIDEO,272.0,893.0,49.0,63.0,70.0,1502,manual,100.0,82.0
1076,VIDEO,272.0,900.0,48.0,63.0,70.0,1502,manual,100.0,82.0
1077,VIDEO,272.0,893.0,49.0,63.0,70.0,1502,manual,100.0,81.0
1078,VIDEO,273.0,893.0,48.0,63.0,70.0,1502,manual,100.0,82.0
1079,VIDEO,272.0,893.0,48.0,63.0,70.0,1502,manual,100.0,82.0
1080,VIDEO,272.0,900.0,48.0,63.0,70.0,1502,manual,100.0,82.0
1081,VIDEO,272.0,900.0,49.0,63.0,70.0,1502,manual,100.0,82.0
1082,VIDEO,272.0,893.0,49.0,64.0,70.0,1502,manual,100.0,82.0
1083,VIDEO,272.0,900.0,49.0,63.0,70.0,1502,manual,100.0,82.0
1084,VIDEO,272.0,893.0,48.0,63.0,70.0,1502,manual,100.0,81.0
1085,VIDEO,273.0,893.0,48.0,63.0,70.0,1502,manual,100.0,82.0
1086,VIDEO,272.0,893.0,49.0,63.0,70.0,1502,manual,100.0,82.0
1087,VIDEO,273.0,893.0,48.0,63.0,70.0,1502,manual,100.0,82.0
1088,VIDEO,272.0,900.0,48.0,63.0,70.0,1502,manual,100.0,82.0
1089,VIDEO,272.0,893.0,48.0,63.0,70.0,1502,manual,100.0,82.0
1090,VIDEO,272.0,893.0,48.0,63.0,70.0,1502,manual,100.0,82.0
1091,VIDEO,272.0,900.0,48.0,63.0,70.0,1502,manual,100.0,82.0
1092,VIDEO,272.0,893.0,49.0,63.0,70.0,1502,manual,100.0,82.0
1093,VIDEO,272.0,900.0,48.0,63.0,70.0,1502,manual,100.0,82.0
1094,VIDEO,272.0,893.0,48.0,63.0,70.0,1502,manual,99.0,82.0
1095,VIDEO,272.0,893.0,48.0,63.0,70.0,1502,manual,100.0,82.0
1096,VIDEO,272.0,893.0,48.0,63.0,70.0,1502,manual,100.0,81.0
1097,VIDEO,273.0,893.0,49.0,63.0,70.0,1502,manual,100.0,82.0
1098,VIDEO,272.0,893.0,49.0,63.0,70.0,1502,manual,100.0,82.0
1099,VIDEO,272.0,893.0,48.0,63.0,70.0,1502,manual,100.0,82.0
1100,VIDEO,272.0,900.0,48.0,63.0,70.0,1502,manual,100.0,82.0
1101,VIDEO,272.0,893.0,48.0,63.0,70.0,1502,manual,100.0,81.0
1102,VIDEO,272.0,893.0,48.0,63.0,70.0,1502,manual,100.0,82.0
1103,VIDEO,272.0,893.0,48.0,63.0,70.0,1502,manual,100.0,82.0
1104,VIDEO,272.0,893.0,48.0,63.0,70.0,1502,manual,100.0,82.0
1105,VIDEO,272.0,893.0,48.0,63.0,70.0,1502,manual,100.0,82.0
1106,VIDEO,272.0,893.0,48.0,63.0,70.0,1502,manual,100.0,82.0
1107,VIDEO,271.0,893.0,48.0,63.0,70.0,1502,manual,100.0,81.0
1108,VIDEO,272.0,900.0,48.0,63.0,70.0,1502,manual,100.0,82.0
1109,VIDEO,272.0,893.0,48.0,63.0,70.0,1502,manual,100.0,82.0
1110,VIDEO,272.0,900.0,48.0,62.0,70.0,1502,manual,100.0,81.0
1111,VIDEO,272.0,900.0,48.0,63.0,70.0,1502,manual,100.0,82.0
1112,VIDEO,272.0,893.0,48.0,63.0,70.0,1502,manual,100.0,82.0
1113,VIDEO,272.0,893.0,48.0,63.0,70.0,1502,manual,100.0,82.0
1114,VIDEO,270.0,900.0,48.0,63.0,70.0,1502,manual,100.0,82.0
1115,VIDEO,272.0,893.0,48.0,63.0,70.0,1502,manual,100.0,82.0
1116,VIDEO,272.0,893.0,49.0,63.0,70.0,1502,manual,100.0,82.0
1117,VIDEO,272.0,893.0,48.0,63.0,70.0,1502,manual,100.0,82.0
1118,VIDEO,272.0,893.0,48.0,63.0,70.0,1502,manual,100.0,81.0
1119,VIDEO,272.0,893.0,48.0,63.0,70.0,1502,manual,100.0,82.0
1120,VIDEO,269.0,900.0,48.0,63.0,70.0,1502,manual,100.0,82.0
1121,VIDEO,272.0,893.0,48.0,63.0,70.0,1502,manual,100.0,82.0
1122,VIDEO,272.0,893.0,48.0,63.0,70.0,1502,manual,100.0,82.0
1123,VIDEO,272.0,893.0,48.0,62.0,70.0,1502,manual,100.0,81.0
1124,VIDEO,272.0,900.0,48.0,63.0,70.0,1502,manual,100.0,82.0
1125,VIDEO,272.0,893.0,48.0,63.0,70.0,1502,manual,100.0,82.0
1126,VIDEO,272.0,893.0,48.0,63.0,70.0,1502,manual,100.0,82.0
1127,VIDEO,272.0,900.0,48.0,63.0,70.0,1502,manual,100.0,82.0
1128,VIDEO,271.0,893.0,48.0,63.0,70.0,1502,manual,100.0,82.0
1129,VIDEO,273.0,893.0,48.0,62.0,70.0,1502,manual,100.0,82.0
1130,VIDEO,272.0,893.0,48.0,63.0,70.0,1502,manual,100.0,82.0
1131,VIDEO,269.0,893.0,48.0,63.0,70.0,1502,manual,100.0,82.0
1132,VIDEO,272.0,900.0,48.0,64.0,70.0,1502,manual,100.0,82.0
1133,VIDEO,272.0,893.0,48.0,63.0,70.0,1502,manual,100.0,82.0
1134,VIDEO,272.0,893.0,48.0,63.0,70.0,1502,manual,100.0,82.0
1135,VIDEO,272.0,893.0,48.0,63.0,70.0,1502,manual,100.0,82.0
1136,VIDEO,272.0,893.0,48.0,63.0,70.0,1502,manual,100.0,82.0
1137,VIDEO,272.0,900.0,48.0,63.0,70.0,1502,manual,100.0,82.0
1138,VIDEO,272.0,893.0,48.0,63.0,70.0,1502,manual,100.0,82.0
1139,VIDEO,272.0,900.0,49.0,63.0,70.0,1502,manual,100.0,82.0
1140,VIDEO,272.0,893.0,48.0,63.0,70.0,1502,manual,100.0,81.0
1141,VIDEO,272.0,893.0,48.0,63.0,70.0,1502,manual,100.0,82.0
1142,VIDEO,272.0,893.0,48.0,63.0,70.0,1502,manual,100.0,82.0
1143,VIDEO,272.0,900.0,48.0,63.0,70.0,1502,manual,100.0,82.0
1144,VIDEO,272.0,893.0,48.0,63.0,70.0,1502,manual,100.0,82.0
1145,VIDEO,272.0,900.0,48.0,63.0,70.0,1502,manual,100.0,82.0
1146,VIDEO,270.0,900.0,48.0,63.0,70.0,1502,manual,100.0,81.0
1147,VIDEO,272.0,900.0,48.0,63.0,70.0,1502,manual,100.0,82.0
1148,VIDEO,272.0,893.0,48.0,63.0,70.0,1502,manual,100.0,81.0
1149,VIDEO,269.0,893.0,48.0,63.0,70.0,1502,manual,100.0,82.0
1150,VIDEO,272.0,893.0,48.0,63.0,70.0,1502,manual,100.0,81.0
1151,VIDEO,272.0,893.0,48.0,63.0,70.0,1502,manual,100.0,82.0
1152,VIDEO,272.0,893.0,48.0,63.0,70.0,1502,manual,100.0,82.0
1153,VIDEO,272.0,893.0,48.0,63.0,70.0,1502,manual,100.0,82.0
1154,VIDEO,272.0,893.0,48.0,63.0,70.0,1502,manual,100.0,81.0
1155,VIDEO,272.0,893.0,48.0,63.0,70.0,1502,manual,100.0,82.0
1156,VIDEO,272.0,893.0,48.0,63.0,70.0,1502,manual,100.0,82.0
1157,VIDEO,272.0,893.0,48.0,63.0,70.0,1502,manual,100.0,82.0
1158,VIDEO,272.0,893.0,48.0,63.0,70.0,1502,manual,100.0,82.0
1159,VIDEO,272.0,893.0,48.0,63.0,70.0,1502,manual,100.0,82.0
1160,VIDEO,272.0,900.0,48.0,63.0,70.0,1502,manual,100.0,82.0
1161,VIDEO,269.0,893.0,48.0,63.0,70.0,1502,manual,100.0,82.0
1162,VIDEO,272.0,900.0,49.0,63.0,70.0,1502,manual,100.0,82.0
1163,VIDEO,272.0,900.0,48.0,63.0,70.0,1502,manual,100.0,82.0
1164,VIDEO,272.0,893.0,48.0,63.0,70.0,1502,manual,100.0,82.0
1165,VIDEO,272.0,893.0,48.0,63.0,70.0,1502,manual,100.0,82.0
1166,VIDEO,272.0,893.0,49.0,63.0,70.0,1502,manual,100.0,82.0
1167,VIDEO,272.0,893.0,49.0,63.0,70.0,1502,manual,100.0,82.0
1168,VIDEO,272.0,893.0,49.0,63.0,70.0,1502,manual,100.0,82.0
1169,VIDEO,272.0,893.0,48.0,63.0,70.0,1502,manual,100.0,82.0
1170,VIDEO,272.0,893.0,49.0,63.0,70.0,1502,manual,100.0,82.0
1171,VIDEO,272.0,900.0,48.0,63.0,70.0,1502,manual,100.0,82.0
1172,VIDEO,272.0,893.0,48.0,63.0,70.0,1502,manual,100.0,79.0
1173,VIDEO,272.0,893.0,48.0,62.0,70.0,1502,manual,100.0,82.0
1174,VIDEO,272.0,893.0,48.0,63.0,70.0,1502,manual,100.0,82.0
1175,VIDEO,272.0,893.0,48.0,63.0,70.0,1502,manual,100.0,82.0
1176,VIDEO,269.0,893.0,48.0,63.0,70.0,1502,manual,100.0,81.0
1177,VIDEO,272.0,893.0,48.0,63.0,70.0,1502,manual,100.0,82.0
1178,VIDEO,272.0,893.0,48.0,63.0,70.0,1502,manual,100.0,81.0
1179,VIDEO,272.0,893.0,48.0,63.0,70.0,1502,manual,100.0,82.0
1180,VIDEO,272.0,900.0,48.0,63.0,70.0,1502,manual,100.0,82.0
1181,VIDEO,272.0,900.0,48.0,63.0,70.0,1502,manual,100.0,82.0
1182,VIDEO,272.0,893.0,48.0,63.0,70.0,1502,manual,100.0,81.0
1183,VIDEO,272.0,893.0,48.0,63.0,70.0,1502,manual,100.0,82.0
1184,VIDEO,272.0,893.0,48.0,63.0,70.0,1502,manual,100.0,82.0
1185,VIDEO,272.0,893.0,48.0,63.0,70.0,1502,manual,100.0,82.0
1186,VIDEO,272.0,893.0,48.0,63.0,70.0,1502,manual,100.0,82.0
1187,VIDEO,272.0,900.0,48.0,63.0,70.0,1502,manual,100.0,82.0
1188,VIDEO,272.0,893.0,48.0,63.0,70.0,1502,manual,100.0,82.0
1189,VIDEO,272.0,893.0,48.0,63.0,70.0,1502,manual,100.0,82.0
1190,VIDEO,272.0,893.0,48.0,63.0,70.0,1502,manual,100.0,81.0
1191,VIDEO,272.0,900.0,48.0,63.0,70.0,1502,manual,100.0,82.0
1192,VIDEO,272.0,893.0,48.0,63.0,70.0,1502,manual,100.0,82.0
1193,VIDEO,272.0,893.0,48.0,63.0,70.0,1502,manual,100.0,81.0
1194,VIDEO,272.0,900.0,48.0,63.0,70.0,1502,manual,100.0,82.0
1195,VIDEO,272.0,893.0,48.0,63.0,70.0,1502,manual,100.0,82.0
1196,VIDEO,272.0,893.0,48.0,63.0,70.0,1502,manual,100.0,82.0
1197,VIDEO,272.0,893.0,48.0,63.0,70.0,1502,manual,100.0,82.0
1198,VIDEO,272.0,900.0,48.0,63.0,70.0,1502,manual,100.0,81.0
1199,VIDEO,272.0,893.0,48.0,63.0,70.0,1502,manual,100.0,82.0
1200,VIDEO,269.0,893.0,48.0,63.0,70.0,1502,manual,100.0,81.0
1201,VIDEO,272.0,893.0,48.0,63.0,70.0,1502,manual,100.0,82.0
1202,VIDEO,272.0,900.0,48.0,63.0,70.0,1502,manual,100.0,82.0
1203,VIDEO,272.0,893.0,48.0,63.0,70.0,1502,manual,100.0,81.0
1204,VIDEO,272.0,893.0,48.0,63.0,70.0,1502,manual,100.0,82.0
1205,VIDEO,272.0,893.0,48.0,63.0,70.0,1502,manual,100.0,82.0
1206,VIDEO,273.0,893.0,48.0,63.0,70.0,1502,manual,100.0,81.0
1207,VIDEO,272.0,893.0,48.0,63.0,70.0,1502,manual,100.0,82.0
1208,VIDEO,273.0,893.0,49.0,63.0,70.0,1502,manual,100.0,82.0
1209,VIDEO,270.0,900.0,48.0,63.0,70.0,1502,manual,100.0,82.0
1210,VIDEO,272.0,893.0,48.0,63.0,70.0,1502,manual,100.0,82.0
1211,VIDEO,272.0,893.0,48.0,63.0,70.0,1502,manual,100.0,82.0
1212,VIDEO,272.0,893.0,48.0,63.0,70.0,1502,manual,100.0,82.0
1213,VIDEO,59.0,656.0,48.0,63.0,70.0,300,manual,31.0,8.0
1214,VIDEO,41.0,656.0,45.0,48.0,51.0,300,manual,0.0,0.0
1215,VIDEO,40.0,656.0,44.0,46.0,48.0,300,manual,0.0,0.0
1216,VIDEO,40.0,656.0,43.0,46.0,47.0,300,manual,0.0,0.0
1217,VIDEO,39.0,656.0,43.0,45.0,47.0,300,manual,0.0,0.0
1218,VIDEO,39.0,656.0,42.0,45.0,46.0,300,manual,0.0,0.0
1219,VIDEO,39.0,656.0,42.0,44.0,46.0,300,manual,0.0,0.0
1220,VIDEO,40.0,656.0,42.0,44.0,45.0,300,manual,0.0,0.0
1221,VIDEO,49.0,912.0,41.0,44.0,45.0,1502,manual,5.0,1.0
1222,VIDEO,67.0,906.0,41.0,44.0,45.0,1502,manual,2.0,0.0
1223,VIDEO,57.0,656.0,41.0,44.0,44.0,1502,manual,1.0,1.0
1224,VIDEO,39.0,656.0,40.0,43.0,44.0,300,manual,0.0,0.0
1225,VIDEO,39.0,656.0,40.0,43.0,44.0,300,manual,0.0,0.0
1226,VIDEO,39.0,656.0,39.0,42.0,43.0,300,manual,0.0,0.0
1227,VIDEO,39.0,656.0,39.0,42.0,43.0,300,manual,0.0,0.0
1228,VIDEO,39.0,656.0,39.0,42.0,42.0,300,manual,0.0,0.0
1229,VIDEO,45.0,656.0,39.0,41.0,43.0,300,manual,0.0,2.0
