index,power_profile,power_usage,voltage,edge_temperature,junction_temperature,memory_temperature,sclk,performance,gpu_usage,memory_usage
0,VIDEO,34.0,668.0,20.0,24.0,29.0,300,manual,0.0,0.0
1,VIDEO,34.0,668.0,20.0,24.0,29.0,300,manual,0.0,0.0
2,VIDEO,34.0,662.0,20.0,24.0,29.0,300,manual,0.0,0.0
3,VIDEO,34.0,662.0,20.0,25.0,29.0,300,manual,0.0,0.0
4,VIDEO,34.0,668.0,20.0,24.0,29.0,300,manual,0.0,0.0
5,VIDEO,34.0,668.0,20.0,24.0,29.0,300,manual,0.0,0.0
6,VIDEO,34.0,668.0,20.0,25.0,28.0,300,manual,0.0,0.0
7,VIDEO,34.0,668.0,20.0,24.0,28.0,300,manual,0.0,0.0
8,VIDEO,34.0,662.0,20.0,24.0,29.0,300,manual,0.0,0.0
9,VIDEO,34.0,662.0,20.0,24.0,28.0,300,manual,0.0,0.0
10,VIDEO,34.0,662.0,20.0,24.0,28.0,300,manual,0.0,0.0
11,VIDEO,34.0,668.0,20.0,24.0,29.0,300,manual,0.0,0.0
12,VIDEO,42.0,668.0,20.0,25.0,28.0,1502,manual,7.0,0.0
13,VIDEO,34.0,662.0,20.0,24.0,29.0,300,manual,0.0,0.0
14,VIDEO,34.0,668.0,20.0,24.0,28.0,300,manual,0.0,0.0
15,VIDEO,34.0,662.0,20.0,24.0,29.0,300,manual,0.0,0.0
16,VIDEO,34.0,662.0,20.0,24.0,29.0,300,manual,0.0,0.0
17,VIDEO,34.0,668.0,20.0,24.0,28.0,300,manual,0.0,0.0
18,VIDEO,34.0,662.0,20.0,24.0,28.0,300,manual,0.0,0.0
19,VIDEO,34.0,668.0,20.0,24.0,29.0,300,manual,0.0,0.0
20,VIDEO,34.0,662.0,20.0,24.0,28.0,300,manual,0.0,0.0
21,VIDEO,34.0,668.0,20.0,24.0,28.0,300,manual,0.0,0.0
22,VIDEO,34.0,662.0,20.0,24.0,28.0,300,manual,0.0,0.0
23,VIDEO,34.0,662.0,20.0,24.0,28.0,300,manual,0.0,0.0
24,VIDEO,34.0,668.0,20.0,24.0,29.0,300,manual,0.0,0.0
25,VIDEO,34.0,662.0,20.0,24.0,28.0,300,manual,0.0,0.0
26,VIDEO,34.0,662.0,20.0,24.0,28.0,300,manual,0.0,0.0
27,VIDEO,34.0,668.0,20.0,24.0,28.0,300,manual,0.0,0.0
28,VIDEO,34.0,662.0,20.0,24.0,29.0,300,manual,0.0,0.0
29,VIDEO,34.0,668.0,20.0,24.0,29.0,300,manual,0.0,0.0
30,VIDEO,34.0,668.0,20.0,24.0,29.0,300,manual,0.0,0.0
31,VIDEO,34.0,662.0,20.0,24.0,28.0,300,manual,0.0,0.0
32,VIDEO,34.0,662.0,20.0,24.0,28.0,300,manual,0.0,0.0
33,VIDEO,34.0,662.0,20.0,24.0,29.0,300,manual,0.0,0.0
34,VIDEO,34.0,662.0,20.0,24.0,28.0,300,manual,0.0,0.0
35,VIDEO,34.0,662.0,20.0,24.0,28.0,300,manual,0.0,0.0
36,VIDEO,34.0,662.0,20.0,24.0,30.0,300,manual,0.0,0.0
37,VIDEO,34.0,662.0,20.0,24.0,29.0,300,manual,0.0,0.0
38,VIDEO,34.0,662.0,20.0,24.0,28.0,300,manual,0.0,0.0
39,VIDEO,34.0,668.0,20.0,24.0,29.0,300,manual,0.0,0.0
40,VIDEO,34.0,662.0,20.0,24.0,28.0,300,manual,0.0,0.0
41,VIDEO,34.0,662.0,20.0,24.0,29.0,300,manual,0.0,0.0
42,VIDEO,34.0,662.0,20.0,24.0,28.0,300,manual,0.0,0.0
43,VIDEO,34.0,662.0,20.0,24.0,29.0,300,manual,0.0,0.0
44,VIDEO,34.0,662.0,20.0,25.0,28.0,300,manual,0.0,0.0
45,VIDEO,34.0,668.0,20.0,24.0,28.0,300,manual,0.0,0.0
46,VIDEO,34.0,662.0,20.0,24.0,28.0,300,manual,0.0,0.0
47,VIDEO,34.0,662.0,20.0,25.0,28.0,300,manual,0.0,0.0
48,VIDEO,34.0,662.0,20.0,24.0,28.0,300,manual,0.0,0.0
49,VIDEO,34.0,662.0,20.0,24.0,28.0,300,manual,0.0,0.0
50,VIDEO,34.0,662.0,20.0,25.0,28.0,300,manual,0.0,0.0
51,VIDEO,34.0,668.0,20.0,24.0,28.0,300,manual,0.0,0.0
52,VIDEO,34.0,662.0,20.0,25.0,28.0,300,manual,0.0,0.0
53,VIDEO,34.0,662.0,20.0,24.0,29.0,300,manual,0.0,0.0
54,VIDEO,34.0,662.0,20.0,24.0,29.0,300,manual,0.0,0.0
55,VIDEO,34.0,662.0,20.0,24.0,28.0,300,manual,0.0,0.0
56,VIDEO,34.0,662.0,20.0,24.0,28.0,300,manual,0.0,0.0
57,VIDEO,34.0,662.0,20.0,25.0,28.0,300,manual,0.0,0.0
58,VIDEO,34.0,675.0,20.0,24.0,29.0,300,manual,0.0,0.0
59,VIDEO,34.0,662.0,20.0,24.0,29.0,300,manual,0.0,0.0
60,VIDEO,34.0,662.0,20.0,24.0,28.0,300,manual,0.0,0.0
61,VIDEO,34.0,662.0,20.0,24.0,29.0,300,manual,0.0,0.0
62,VIDEO,34.0,662.0,20.0,24.0,28.0,300,manual,0.0,0.0
63,VIDEO,34.0,668.0,20.0,24.0,28.0,300,manual,0.0,0.0
64,VIDEO,34.0,668.0,20.0,24.0,28.0,300,manual,0.0,0.0
65,VIDEO,34.0,662.0,20.0,24.0,28.0,300,manual,0.0,0.0
66,VIDEO,34.0,675.0,20.0,25.0,28.0,300,manual,0.0,0.0
67,VIDEO,34.0,668.0,20.0,24.0,28.0,300,manual,0.0,0.0
68,VIDEO,34.0,675.0,20.0,24.0,29.0,300,manual,0.0,0.0
69,VIDEO,34.0,662.0,21.0,25.0,28.0,300,manual,0.0,0.0
70,VIDEO,34.0,668.0,20.0,24.0,29.0,300,manual,0.0,0.0
71,VIDEO,258.0,893.0,25.0,38.0,32.0,1502,manual,100.0,12.0
72,VIDEO,338.0,925.0,26.0,41.0,34.0,1472,manual,100.0,12.0
73,VIDEO,334.0,893.0,26.0,36.0,34.0,1472,manual,99.0,13.0
74,VIDEO,321.0,662.0,28.0,43.0,35.0,1472,manual,100.0,12.0
75,VIDEO,280.0,881.0,28.0,44.0,36.0,1502,manual,100.0,11.0
76,VIDEO,281.0,893.0,29.0,45.0,37.0,1502,manual,100.0,14.0
77,VIDEO,300.0,887.0,29.0,44.0,37.0,1472,manual,100.0,12.0
78,VIDEO,274.0,893.0,30.0,46.0,36.0,1472,manual,100.0,13.0
79,VIDEO,319.0,881.0,30.0,46.0,37.0,1472,manual,100.0,13.0
80,VIDEO,321.0,893.0,31.0,46.0,37.0,1472,manual,100.0,13.0
81,VIDEO,38.0,900.0,31.0,44.0,38.0,300,manual,0.0,0.0
82,VIDEO,268.0,881.0,31.0,47.0,38.0,1502,manual,100.0,11.0
83,VIDEO,316.0,893.0,31.0,46.0,38.0,1472,manual,100.0,14.0
84,VIDEO,271.0,881.0,32.0,48.0,39.0,1472,manual,100.0,9.0
85,VIDEO,283.0,881.0,32.0,49.0,40.0,1472,manual,99.0,12.0
86,VIDEO,286.0,893.0,32.0,47.0,39.0,1472,manual,100.0,13.0
87,VIDEO,280.0,906.0,32.0,49.0,39.0,1472,manual,100.0,12.0
88,VIDEO,312.0,893.0,32.0,47.0,39.0,1472,manual,100.0,13.0
89,VIDEO,339.0,918.0,33.0,49.0,41.0,1472,manual,100.0,12.0
90,VIDEO,286.0,881.0,33.0,48.0,40.0,1472,manual,100.0,12.0
91,VIDEO,275.0,906.0,33.0,49.0,41.0,1472,manual,100.0,10.0
92,VIDEO,315.0,881.0,34.0,50.0,41.0,1472,manual,99.0,11.0
93,VIDEO,303.0,887.0,34.0,50.0,41.0,1472,manual,99.0,11.0
94,VIDEO,287.0,875.0,34.0,50.0,40.0,1472,manual,99.0,10.0
95,VIDEO,292.0,881.0,34.0,51.0,42.0,1502,manual,100.0,14.0
96,VIDEO,291.0,881.0,34.0,51.0,42.0,1472,manual,100.0,14.0
97,VIDEO,311.0,900.0,35.0,51.0,42.0,1472,manual,100.0,11.0
98,VIDEO,324.0,881.0,35.0,50.0,42.0,1472,manual,99.0,11.0
99,VIDEO,324.0,906.0,36.0,51.0,43.0,1472,manual,99.0,13.0
100,VIDEO,319.0,881.0,35.0,51.0,42.0,1430,manual,99.0,13.0
101,VIDEO,39.0,900.0,36.0,52.0,43.0,300,manual,2.0,0.0
102,VIDEO,303.0,881.0,36.0,52.0,42.0,1472,manual,100.0,11.0
103,VIDEO,249.0,900.0,36.0,52.0,42.0,1502,manual,100.0,11.0
104,VIDEO,288.0,906.0,36.0,52.0,43.0,1472,manual,100.0,14.0
105,VIDEO,285.0,875.0,35.0,47.0,43.0,1472,manual,99.0,12.0
106,VIDEO,278.0,881.0,37.0,53.0,43.0,1472,manual,100.0,12.0
107,VIDEO,39.0,881.0,36.0,50.0,42.0,300,manual,0.0,0.0
108,VIDEO,286.0,887.0,37.0,53.0,44.0,1502,manual,100.0,12.0
109,VIDEO,345.0,881.0,38.0,54.0,44.0,1472,manual,100.0,12.0
110,VIDEO,268.0,887.0,38.0,53.0,44.0,1472,manual,100.0,10.0
111,VIDEO,304.0,881.0,38.0,54.0,45.0,1472,manual,100.0,14.0
112,VIDEO,334.0,900.0,38.0,54.0,45.0,1472,manual,100.0,11.0
113,VIDEO,281.0,881.0,38.0,52.0,45.0,1472,manual,100.0,10.0
114,VIDEO,41.0,881.0,38.0,54.0,45.0,300,manual,0.0,0.0
115,VIDEO,40.0,881.0,38.0,54.0,44.0,300,manual,0.0,0.0
116,VIDEO,258.0,662.0,39.0,54.0,45.0,1472,manual,100.0,12.0
117,VIDEO,242.0,912.0,39.0,54.0,45.0,1472,manual,100.0,13.0
118,VIDEO,291.0,906.0,39.0,54.0,45.0,1472,manual,100.0,13.0
119,VIDEO,263.0,862.0,39.0,55.0,46.0,1472,manual,100.0,10.0
120,VIDEO,227.0,862.0,39.0,54.0,46.0,1502,manual,100.0,9.0
121,VIDEO,288.0,881.0,39.0,55.0,46.0,1472,manual,100.0,14.0
122,VIDEO,301.0,881.0,39.0,55.0,46.0,1472,manual,99.0,8.0
123,VIDEO,258.0,887.0,40.0,56.0,46.0,1472,manual,100.0,11.0
124,VIDEO,327.0,881.0,39.0,52.0,46.0,1472,manual,100.0,12.0
125,VIDEO,319.0,900.0,40.0,55.0,47.0,1472,manual,100.0,13.0
126,VIDEO,276.0,906.0,40.0,56.0,47.0,1430,manual,100.0,13.0
127,VIDEO,222.0,881.0,41.0,56.0,47.0,1502,manual,100.0,12.0
128,VIDEO,254.0,881.0,40.0,54.0,46.0,1472,manual,100.0,8.0
129,VIDEO,256.0,881.0,41.0,56.0,47.0,1472,manual,100.0,12.0
130,VIDEO,287.0,881.0,40.0,56.0,47.0,1472,manual,99.0,13.0
131,VIDEO,310.0,906.0,40.0,55.0,47.0,1430,manual,100.0,13.0
132,VIDEO,222.0,893.0,41.0,57.0,47.0,1472,manual,100.0,12.0
133,VIDEO,303.0,887.0,41.0,57.0,48.0,1472,manual,100.0,14.0
134,VIDEO,302.0,900.0,41.0,55.0,47.0,1472,manual,100.0,11.0
135,VIDEO,284.0,881.0,41.0,57.0,48.0,1502,manual,100.0,11.0
136,VIDEO,286.0,900.0,41.0,56.0,48.0,1502,manual,99.0,13.0
137,VIDEO,267.0,881.0,41.0,55.0,47.0,1472,manual,100.0,12.0
138,VIDEO,266.0,881.0,41.0,55.0,47.0,1472,manual,100.0,11.0
139,VIDEO,41.0,881.0,42.0,58.0,48.0,300,manual,0.0,0.0
140,VIDEO,302.0,881.0,42.0,57.0,47.0,1472,manual,100.0,9.0
141,VIDEO,333.0,881.0,42.0,56.0,48.0,1472,manual,100.0,10.0
142,VIDEO,329.0,893.0,42.0,57.0,48.0,1472,manual,100.0,13.0
143,VIDEO,288.0,856.0,42.0,57.0,48.0,1472,manual,100.0,10.0
144,VIDEO,289.0,881.0,42.0,58.0,48.0,1472,manual,100.0,11.0
145,VIDEO,305.0,881.0,42.0,55.0,48.0,1472,manual,100.0,13.0
146,VIDEO,325.0,862.0,42.0,57.0,49.0,1430,manual,100.0,13.0
147,VIDEO,296.0,875.0,42.0,58.0,48.0,1472,manual,100.0,11.0
148,VIDEO,290.0,881.0,42.0,57.0,49.0,1472,manual,100.0,11.0
149,VIDEO,290.0,856.0,42.0,58.0,48.0,1430,manual,100.0,12.0
150,VIDEO,291.0,887.0,43.0,58.0,49.0,1472,manual,100.0,12.0
151,VIDEO,258.0,887.0,43.0,58.0,49.0,1472,manual,100.0,10.0
152,VIDEO,289.0,856.0,43.0,58.0,49.0,1472,manual,100.0,13.0
153,VIDEO,327.0,850.0,43.0,58.0,49.0,1430,manual,100.0,13.0
154,VIDEO,290.0,900.0,43.0,58.0,49.0,1472,manual,100.0,12.0
155,VIDEO,289.0,668.0,43.0,59.0,49.0,1472,manual,99.0,11.0
156,VIDEO,331.0,881.0,43.0,58.0,49.0,1472,manual,100.0,12.0
157,VIDEO,282.0,893.0,43.0,58.0,49.0,1472,manual,100.0,11.0
158,VIDEO,309.0,881.0,43.0,58.0,49.0,1472,manual,99.0,14.0
159,VIDEO,311.0,893.0,43.0,59.0,50.0,1430,manual,100.0,11.0
160,VIDEO,333.0,881.0,43.0,59.0,50.0,1430,manual,100.0,13.0
161,VIDEO,288.0,881.0,44.0,59.0,49.0,1472,manual,100.0,12.0
162,VIDEO,290.0,881.0,44.0,58.0,50.0,1472,manual,100.0,11.0
163,VIDEO,288.0,881.0,44.0,59.0,50.0,1472,manual,100.0,13.0
164,VIDEO,309.0,893.0,44.0,59.0,49.0,1472,manual,100.0,12.0
165,VIDEO,344.0,900.0,43.0,58.0,50.0,1472,manual,100.0,13.0
166,VIDEO,290.0,881.0,44.0,59.0,50.0,1430,manual,100.0,11.0
167,VIDEO,275.0,881.0,44.0,60.0,50.0,1430,manual,99.0,11.0
168,VIDEO,283.0,881.0,44.0,60.0,50.0,1472,manual,100.0,13.0
169,VIDEO,336.0,850.0,44.0,58.0,50.0,1472,manual,100.0,10.0
170,VIDEO,258.0,881.0,44.0,59.0,50.0,1472,manual,100.0,11.0
171,VIDEO,285.0,881.0,44.0,59.0,50.0,1472,manual,100.0,12.0
172,VIDEO,261.0,856.0,44.0,60.0,50.0,1472,manual,100.0,12.0
173,VIDEO,228.0,912.0,43.0,57.0,50.0,1472,manual,100.0,8.0
174,VIDEO,332.0,856.0,44.0,60.0,50.0,1430,manual,99.0,13.0
175,VIDEO,283.0,856.0,44.0,60.0,51.0,1472,manual,100.0,11.0
176,VIDEO,257.0,881.0,44.0,60.0,51.0,1502,manual,99.0,10.0
177,VIDEO,283.0,887.0,45.0,60.0,51.0,1472,manual,100.0,12.0
178,VIDEO,306.0,893.0,45.0,61.0,51.0,1472,manual,100.0,13.0
179,VIDEO,295.0,881.0,45.0,60.0,51.0,1472,manual,100.0,9.0
180,VIDEO,268.0,906.0,44.0,60.0,51.0,1430,manual,100.0,10.0
181,VIDEO,253.0,906.0,45.0,60.0,51.0,1502,manual,100.0,11.0
182,VIDEO,285.0,906.0,45.0,61.0,51.0,1472,manual,100.0,13.0
183,VIDEO,196.0,900.0,45.0,60.0,51.0,1502,manual,78.0,3.0
184,VIDEO,309.0,893.0,45.0,61.0,51.0,1472,manual,100.0,14.0
185,VIDEO,282.0,881.0,45.0,61.0,51.0,1472,manual,100.0,10.0
186,VIDEO,328.0,893.0,45.0,60.0,51.0,1472,manual,99.0,14.0
187,VIDEO,319.0,906.0,45.0,61.0,51.0,1472,manual,100.0,14.0
188,VIDEO,286.0,893.0,44.0,54.0,50.0,1502,manual,99.0,10.0
189,VIDEO,298.0,881.0,45.0,61.0,50.0,1472,manual,100.0,13.0
190,VIDEO,306.0,881.0,45.0,59.0,50.0,1472,manual,100.0,9.0
191,VIDEO,269.0,925.0,46.0,61.0,51.0,1430,manual,100.0,10.0
192,VIDEO,332.0,906.0,46.0,61.0,50.0,1430,manual,100.0,12.0
193,VIDEO,269.0,893.0,45.0,60.0,51.0,1472,manual,99.0,11.0
194,VIDEO,291.0,906.0,46.0,61.0,52.0,1472,manual,100.0,14.0
195,VIDEO,269.0,862.0,45.0,60.0,52.0,1472,manual,100.0,12.0
196,VIDEO,319.0,906.0,45.0,61.0,52.0,1472,manual,100.0,11.0
197,VIDEO,305.0,881.0,46.0,61.0,52.0,1472,manual,100.0,14.0
198,VIDEO,269.0,856.0,46.0,60.0,52.0,1430,manual,100.0,13.0
199,VIDEO,218.0,856.0,46.0,61.0,51.0,1502,manual,99.0,8.0
200,VIDEO,256.0,893.0,46.0,61.0,51.0,1472,manual,100.0,12.0
201,VIDEO,300.0,900.0,45.0,59.0,52.0,1472,manual,100.0,13.0
202,VIDEO,93.0,906.0,46.0,62.0,52.0,1502,manual,51.0,2.0
203,VIDEO,288.0,887.0,46.0,61.0,52.0,1472,manual,100.0,12.0
204,VIDEO,300.0,906.0,46.0,62.0,52.0,1472,manual,100.0,12.0
205,VIDEO,288.0,900.0,46.0,61.0,51.0,1472,manual,100.0,11.0
206,VIDEO,268.0,881.0,46.0,61.0,51.0,1430,manual,100.0,9.0
207,VIDEO,287.0,893.0,46.0,61.0,51.0,1472,manual,100.0,13.0
208,VIDEO,263.0,856.0,46.0,62.0,51.0,1472,manual,100.0,9.0
209,VIDEO,292.0,862.0,46.0,61.0,51.0,1430,manual,100.0,11.0
210,VIDEO,279.0,862.0,46.0,62.0,51.0,1472,manual,99.0,13.0
211,VIDEO,290.0,881.0,46.0,62.0,53.0,1472,manual,100.0,9.0
212,VIDEO,321.0,881.0,46.0,61.0,52.0,1430,manual,100.0,11.0
213,VIDEO,314.0,881.0,47.0,62.0,53.0,1472,manual,100.0,11.0
214,VIDEO,289.0,893.0,46.0,62.0,52.0,1430,manual,100.0,14.0
215,VIDEO,44.0,881.0,46.0,62.0,52.0,300,manual,0.0,0.0
216,VIDEO,283.0,862.0,45.0,57.0,50.0,1472,manual,99.0,13.0
217,VIDEO,317.0,881.0,46.0,62.0,51.0,1472,manual,100.0,13.0
218,VIDEO,270.0,893.0,47.0,62.0,53.0,1472,manual,100.0,13.0
219,VIDEO,276.0,887.0,46.0,59.0,52.0,1472,manual,100.0,11.0
220,VIDEO,291.0,881.0,46.0,62.0,53.0,1472,manual,100.0,12.0
221,VIDEO,290.0,900.0,47.0,63.0,53.0,1430,manual,99.0,11.0
222,VIDEO,334.0,862.0,47.0,63.0,53.0,1430,manual,100.0,12.0
223,VIDEO,285.0,856.0,46.0,61.0,52.0,1472,manual,100.0,14.0
224,VIDEO,274.0,881.0,46.0,61.0,52.0,1472,manual,100.0,11.0
225,VIDEO,304.0,881.0,46.0,55.0,51.0,1502,manual,99.0,14.0
226,VIDEO,315.0,881.0,46.0,62.0,53.0,1430,manual,100.0,11.0
227,VIDEO,330.0,893.0,47.0,63.0,53.0,1472,manual,100.0,11.0
228,VIDEO,296.0,881.0,47.0,62.0,53.0,1472,manual,100.0,11.0
229,VIDEO,260.0,900.0,47.0,62.0,53.0,1472,manual,100.0,12.0
230,VIDEO,44.0,925.0,47.0,62.0,53.0,300,manual,12.0,1.0
231,VIDEO,243.0,862.0,47.0,62.0,53.0,1472,manual,100.0,8.0
232,VIDEO,297.0,881.0,46.0,61.0,52.0,1472,manual,100.0,12.0
233,VIDEO,264.0,862.0,47.0,62.0,53.0,1430,manual,100.0,10.0
234,VIDEO,281.0,900.0,47.0,61.0,53.0,1472,manual,100.0,12.0
235,VIDEO,313.0,850.0,47.0,62.0,52.0,1430,manual,100.0,13.0
236,VIDEO,286.0,906.0,47.0,62.0,53.0,1472,manual,100.0,13.0
237,VIDEO,293.0,881.0,46.0,60.0,53.0,1472,manual,100.0,11.0
238,VIDEO,286.0,881.0,47.0,62.0,53.0,1430,manual,100.0,11.0
239,VIDEO,311.0,881.0,47.0,63.0,53.0,1472,manual,100.0,12.0
240,VIDEO,304.0,881.0,47.0,63.0,53.0,1472,manual,100.0,11.0
241,VIDEO,307.0,893.0,47.0,62.0,53.0,1472,manual,100.0,12.0
242,VIDEO,292.0,881.0,47.0,62.0,53.0,1472,manual,100.0,13.0
243,VIDEO,240.0,893.0,46.0,59.0,52.0,1472,manual,100.0,8.0
244,VIDEO,279.0,887.0,47.0,63.0,53.0,1472,manual,100.0,11.0
245,VIDEO,313.0,881.0,47.0,63.0,53.0,1430,manual,100.0,12.0
246,VIDEO,327.0,856.0,47.0,63.0,53.0,1430,manual,100.0,12.0
247,VIDEO,290.0,862.0,47.0,61.0,53.0,1430,manual,100.0,11.0
248,VIDEO,296.0,893.0,48.0,63.0,53.0,1430,manual,100.0,12.0
249,VIDEO,335.0,662.0,47.0,63.0,53.0,1430,manual,100.0,11.0
250,VIDEO,316.0,918.0,47.0,62.0,53.0,1430,manual,100.0,13.0
251,VIDEO,293.0,881.0,47.0,62.0,53.0,1472,manual,100.0,10.0
252,VIDEO,44.0,868.0,46.0,59.0,52.0,300,manual,0.0,0.0
253,VIDEO,291.0,906.0,47.0,63.0,53.0,1472,manual,99.0,14.0
254,VIDEO,291.0,881.0,48.0,63.0,53.0,1472,manual,100.0,13.0
255,VIDEO,292.0,856.0,47.0,62.0,53.0,1472,manual,100.0,9.0
256,VIDEO,311.0,906.0,48.0,63.0,54.0,1472,manual,100.0,13.0
257,VIDEO,307.0,881.0,47.0,63.0,52.0,1472,manual,100.0,12.0
258,VIDEO,270.0,887.0,47.0,60.0,53.0,1472,manual,100.0,14.0
259,VIDEO,285.0,912.0,48.0,63.0,53.0,1472,manual,100.0,13.0
260,VIDEO,333.0,856.0,47.0,62.0,53.0,1472,manual,100.0,12.0
261,VIDEO,283.0,862.0,47.0,62.0,53.0,1472,manual,99.0,12.0
262,VIDEO,275.0,856.0,47.0,63.0,53.0,1430,manual,100.0,11.0
263,VIDEO,294.0,881.0,47.0,63.0,54.0,1472,manual,100.0,9.0
264,VIDEO,43.0,662.0,46.0,52.0,51.0,300,manual,0.0,0.0
