index,power_profile,power_usage,voltage,edge_temperature,junction_temperature,memory_temperature,sclk,performance,gpu_usage,memory_usage
0,POWER SAVING,39.0,662.0,33.0,37.0,41.0,300,manual,0.0,0.0
1,POWER SAVING,39.0,662.0,33.0,37.0,41.0,300,manual,0.0,0.0
2,POWER SAVING,39.0,662.0,33.0,37.0,41.0,300,manual,0.0,0.0
3,POWER SAVING,39.0,668.0,33.0,36.0,41.0,300,manual,0.0,0.0
4,POWER SAVING,39.0,662.0,33.0,36.0,41.0,300,manual,0.0,0.0
5,POWER SAVING,39.0,662.0,33.0,37.0,40.0,300,manual,0.0,0.0
6,POWER SAVING,39.0,662.0,32.0,36.0,40.0,300,manual,0.0,0.0
7,POWER SAVING,39.0,662.0,33.0,36.0,40.0,300,manual,0.0,0.0
8,POWER SAVING,39.0,662.0,32.0,36.0,40.0,300,manual,0.0,0.0
9,POWER SAVING,39.0,662.0,32.0,36.0,40.0,300,manual,0.0,0.0
10,POWER SAVING,39.0,662.0,32.0,35.0,40.0,300,manual,0.0,0.0
11,POWER SAVING,39.0,662.0,31.0,35.0,39.0,300,manual,0.0,0.0
12,POWER SAVING,39.0,662.0,31.0,35.0,39.0,300,manual,0.0,0.0
13,POWER SAVING,39.0,662.0,31.0,35.0,39.0,300,manual,0.0,0.0
14,POWER SAVING,39.0,662.0,31.0,35.0,39.0,300,manual,0.0,0.0
15,POWER SAVING,38.0,668.0,31.0,35.0,39.0,300,manual,0.0,0.0
16,POWER SAVING,39.0,662.0,31.0,35.0,39.0,300,manual,0.0,0.0
17,POWER SAVING,39.0,662.0,31.0,34.0,39.0,300,manual,0.0,0.0
18,POWER SAVING,39.0,662.0,31.0,34.0,38.0,300,manual,0.0,0.0
19,POWER SAVING,38.0,662.0,30.0,34.0,38.0,300,manual,0.0,0.0
20,POWER SAVING,38.0,662.0,30.0,34.0,38.0,300,manual,0.0,0.0
21,POWER SAVING,39.0,918.0,30.0,34.0,38.0,300,manual,0.0,0.0
22,POWER SAVING,39.0,662.0,30.0,34.0,38.0,300,manual,0.0,0.0
23,POWER SAVING,38.0,675.0,30.0,33.0,38.0,300,manual,0.0,0.0
24,POWER SAVING,38.0,662.0,30.0,33.0,38.0,300,manual,0.0,0.0
25,POWER SAVING,38.0,675.0,30.0,33.0,37.0,300,manual,0.0,0.0
26,POWER SAVING,84.0,925.0,29.0,34.0,37.0,1502,manual,8.0,0.0
27,POWER SAVING,36.0,662.0,30.0,33.0,37.0,300,manual,0.0,0.0
28,POWER SAVING,36.0,662.0,29.0,33.0,37.0,300,manual,0.0,0.0
29,POWER SAVING,36.0,668.0,29.0,33.0,37.0,300,manual,0.0,0.0
30,POWER SAVING,37.0,662.0,29.0,32.0,37.0,300,manual,0.0,0.0
31,POWER SAVING,37.0,668.0,29.0,32.0,37.0,300,manual,0.0,0.0
32,POWER SAVING,36.0,662.0,29.0,32.0,37.0,300,manual,0.0,0.0
33,POWER SAVING,35.0,662.0,29.0,32.0,37.0,300,manual,0.0,0.0
34,POWER SAVING,36.0,662.0,28.0,32.0,36.0,300,manual,0.0,0.0
35,POWER SAVING,36.0,662.0,28.0,32.0,36.0,300,manual,0.0,0.0
36,POWER SAVING,35.0,668.0,28.0,32.0,36.0,300,manual,0.0,0.0
37,POWER SAVING,35.0,668.0,28.0,32.0,36.0,300,manual,0.0,0.0
38,POWER SAVING,36.0,662.0,28.0,32.0,36.0,300,manual,0.0,0.0
39,POWER SAVING,35.0,662.0,28.0,32.0,36.0,300,manual,0.0,0.0
40,POWER SAVING,36.0,662.0,28.0,32.0,36.0,300,manual,0.0,0.0
41,POWER SAVING,36.0,668.0,28.0,32.0,36.0,300,manual,0.0,0.0
42,POWER SAVING,35.0,668.0,27.0,32.0,36.0,300,manual,0.0,0.0
43,POWER SAVING,36.0,662.0,27.0,31.0,35.0,300,manual,0.0,0.0
44,POWER SAVING,36.0,668.0,27.0,31.0,35.0,300,manual,0.0,0.0
45,POWER SAVING,35.0,662.0,27.0,31.0,35.0,300,manual,0.0,0.0
46,POWER SAVING,35.0,662.0,27.0,32.0,35.0,300,manual,0.0,0.0
47,POWER SAVING,35.0,662.0,27.0,31.0,35.0,300,manual,0.0,0.0
48,POWER SAVING,35.0,662.0,27.0,31.0,35.0,300,manual,0.0,0.0
49,POWER SAVING,35.0,662.0,27.0,31.0,35.0,300,manual,0.0,0.0
50,POWER SAVING,35.0,662.0,27.0,31.0,35.0,300,manual,0.0,0.0
51,POWER SAVING,36.0,668.0,27.0,30.0,35.0,300,manual,0.0,0.0
52,POWER SAVING,35.0,668.0,26.0,31.0,35.0,300,manual,0.0,0.0
53,POWER SAVING,36.0,662.0,26.0,31.0,35.0,300,manual,0.0,0.0
54,POWER SAVING,34.0,662.0,26.0,31.0,35.0,300,manual,0.0,0.0
55,POWER SAVING,36.0,918.0,26.0,30.0,35.0,1502,manual,0.0,0.0
56,POWER SAVING,38.0,662.0,26.0,30.0,35.0,300,manual,0.0,0.0
57,POWER SAVING,37.0,918.0,27.0,31.0,35.0,300,manual,0.0,0.0
58,POWER SAVING,38.0,662.0,26.0,31.0,35.0,300,manual,0.0,0.0
59,POWER SAVING,39.0,918.0,26.0,31.0,34.0,300,manual,0.0,0.0
60,POWER SAVING,37.0,662.0,26.0,30.0,34.0,300,manual,0.0,0.0
61,POWER SAVING,36.0,668.0,26.0,31.0,35.0,300,manual,0.0,0.0
62,POWER SAVING,36.0,662.0,26.0,30.0,34.0,300,manual,0.0,0.0
63,POWER SAVING,39.0,662.0,26.0,30.0,35.0,300,manual,0.0,0.0
64,POWER SAVING,37.0,662.0,26.0,30.0,35.0,300,manual,0.0,0.0
65,POWER SAVING,38.0,668.0,26.0,30.0,34.0,300,manual,0.0,0.0
66,POWER SAVING,38.0,700.0,26.0,31.0,35.0,300,manual,0.0,0.0
67,POWER SAVING,39.0,668.0,26.0,30.0,34.0,300,manual,0.0,8.0
68,POWER SAVING,38.0,668.0,26.0,30.0,34.0,300,manual,4.0,0.0
69,POWER SAVING,39.0,662.0,26.0,30.0,35.0,300,manual,0.0,0.0
70,POWER SAVING,37.0,662.0,25.0,30.0,34.0,300,manual,0.0,0.0
71,POWER SAVING,34.0,662.0,26.0,30.0,34.0,300,manual,0.0,0.0
72,POWER SAVING,208.0,893.0,26.0,29.0,34.0,1502,manual,80.0,38.0
73,POWER SAVING,36.0,662.0,27.0,31.0,36.0,300,manual,0.0,0.0
74,POWER SAVING,39.0,675.0,28.0,33.0,37.0,300,manual,0.0,0.0
75,POWER SAVING,39.0,668.0,29.0,34.0,39.0,300,manual,0.0,0.0
76,POWER SAVING,39.0,668.0,30.0,42.0,43.0,300,manual,0.0,0.0
77,POWER SAVING,287.0,662.0,30.0,42.0,44.0,1472,manual,100.0,36.0
78,POWER SAVING,335.0,918.0,30.0,42.0,44.0,1430,manual,100.0,38.0
79,POWER SAVING,284.0,893.0,30.0,41.0,43.0,1472,manual,100.0,57.0
80,POWER SAVING,289.0,893.0,30.0,40.0,42.0,1472,manual,99.0,52.0
81,POWER SAVING,39.0,668.0,30.0,36.0,40.0,300,manual,0.0,0.0
82,POWER SAVING,39.0,662.0,31.0,37.0,40.0,300,manual,0.0,0.0
83,POWER SAVING,39.0,662.0,31.0,39.0,41.0,300,manual,0.0,0.0
84,POWER SAVING,39.0,662.0,31.0,43.0,43.0,300,manual,0.0,0.0
85,POWER SAVING,288.0,662.0,31.0,43.0,45.0,1472,manual,100.0,54.0
86,POWER SAVING,266.0,668.0,31.0,43.0,45.0,1472,manual,100.0,47.0
87,POWER SAVING,285.0,862.0,31.0,42.0,44.0,1472,manual,100.0,48.0
88,POWER SAVING,39.0,662.0,31.0,36.0,40.0,300,manual,0.0,0.0
89,POWER SAVING,39.0,662.0,31.0,37.0,41.0,300,manual,0.0,0.0
90,POWER SAVING,39.0,662.0,32.0,38.0,43.0,300,manual,0.0,0.0
91,POWER SAVING,39.0,668.0,32.0,44.0,45.0,300,manual,0.0,0.0
92,POWER SAVING,274.0,662.0,32.0,44.0,45.0,1502,manual,100.0,38.0
93,POWER SAVING,240.0,662.0,32.0,43.0,46.0,1472,manual,100.0,41.0
94,POWER SAVING,292.0,868.0,32.0,43.0,45.0,1472,manual,100.0,54.0
95,POWER SAVING,299.0,893.0,32.0,43.0,44.0,1472,manual,99.0,37.0
96,POWER SAVING,209.0,881.0,31.0,41.0,43.0,1502,manual,84.0,24.0
97,POWER SAVING,199.0,893.0,31.0,39.0,43.0,1502,manual,89.0,36.0
98,POWER SAVING,300.0,906.0,31.0,37.0,41.0,1472,manual,97.0,38.0
99,POWER SAVING,95.0,881.0,31.0,34.0,40.0,1502,manual,27.0,11.0
100,POWER SAVING,39.0,893.0,31.0,35.0,39.0,300,manual,0.0,0.0
101,POWER SAVING,38.0,912.0,31.0,36.0,40.0,300,manual,0.0,0.0
102,POWER SAVING,39.0,662.0,31.0,36.0,40.0,300,manual,0.0,0.0
103,POWER SAVING,39.0,662.0,31.0,37.0,41.0,300,manual,0.0,0.0
104,POWER SAVING,39.0,662.0,32.0,38.0,42.0,300,manual,0.0,0.0
105,POWER SAVING,39.0,662.0,32.0,40.0,43.0,300,manual,0.0,0.0
106,POWER SAVING,39.0,662.0,33.0,45.0,46.0,300,manual,0.0,0.0
107,POWER SAVING,293.0,893.0,33.0,45.0,47.0,1472,manual,100.0,34.0
108,POWER SAVING,39.0,893.0,32.0,37.0,41.0,300,manual,0.0,0.0
109,POWER SAVING,39.0,668.0,32.0,37.0,41.0,300,manual,0.0,0.0
110,POWER SAVING,39.0,662.0,32.0,37.0,42.0,300,manual,0.0,0.0
111,POWER SAVING,39.0,668.0,32.0,39.0,43.0,300,manual,0.0,0.0
112,POWER SAVING,39.0,662.0,33.0,41.0,44.0,300,manual,0.0,0.0
113,POWER SAVING,297.0,662.0,34.0,46.0,48.0,1472,manual,100.0,40.0
114,POWER SAVING,339.0,662.0,34.0,45.0,47.0,1472,manual,100.0,50.0
115,POWER SAVING,343.0,881.0,34.0,44.0,46.0,1430,manual,100.0,52.0
116,POWER SAVING,267.0,881.0,33.0,44.0,46.0,1430,manual,99.0,34.0
117,POWER SAVING,309.0,875.0,33.0,43.0,45.0,1472,manual,96.0,29.0
118,POWER SAVING,306.0,875.0,32.0,41.0,44.0,1472,manual,95.0,38.0
119,POWER SAVING,39.0,662.0,34.0,43.0,46.0,300,manual,0.0,0.0
120,POWER SAVING,39.0,662.0,34.0,47.0,48.0,300,manual,0.0,0.0
121,POWER SAVING,285.0,662.0,34.0,46.0,48.0,1472,manual,100.0,58.0
122,POWER SAVING,272.0,668.0,34.0,45.0,47.0,1472,manual,100.0,33.0
123,POWER SAVING,269.0,875.0,34.0,45.0,47.0,1472,manual,100.0,41.0
124,POWER SAVING,334.0,843.0,33.0,44.0,46.0,1430,manual,99.0,37.0
125,POWER SAVING,304.0,900.0,33.0,42.0,45.0,1472,manual,96.0,39.0
126,POWER SAVING,332.0,906.0,33.0,40.0,44.0,1472,manual,94.0,32.0
127,POWER SAVING,245.0,887.0,32.0,37.0,42.0,1502,manual,88.0,34.0
128,POWER SAVING,250.0,893.0,32.0,36.0,41.0,1502,manual,72.0,15.0
129,POWER SAVING,292.0,662.0,35.0,48.0,49.0,1472,manual,100.0,32.0
130,POWER SAVING,360.0,918.0,34.0,46.0,48.0,1430,manual,100.0,44.0
131,POWER SAVING,282.0,893.0,34.0,45.0,46.0,1472,manual,100.0,54.0
132,POWER SAVING,313.0,850.0,34.0,44.0,46.0,1472,manual,93.0,26.0
133,POWER SAVING,204.0,893.0,34.0,42.0,45.0,1502,manual,84.0,44.0
134,POWER SAVING,306.0,893.0,33.0,40.0,44.0,1472,manual,97.0,24.0
135,POWER SAVING,204.0,912.0,33.0,38.0,40.0,1502,manual,83.0,22.0
136,POWER SAVING,39.0,912.0,32.0,37.0,40.0,300,manual,0.0,0.0
137,POWER SAVING,39.0,893.0,33.0,38.0,42.0,300,manual,0.0,0.0
138,POWER SAVING,38.0,662.0,33.0,38.0,41.0,300,manual,0.0,0.0
139,POWER SAVING,39.0,662.0,33.0,38.0,41.0,300,manual,0.0,0.0
140,POWER SAVING,39.0,662.0,34.0,39.0,42.0,300,manual,0.0,0.0
141,POWER SAVING,39.0,662.0,34.0,41.0,43.0,300,manual,0.0,0.0
142,POWER SAVING,39.0,662.0,35.0,45.0,46.0,300,manual,0.0,0.0
143,POWER SAVING,334.0,881.0,35.0,48.0,49.0,1430,manual,100.0,37.0
144,POWER SAVING,39.0,893.0,33.0,38.0,42.0,300,manual,0.0,0.0
145,POWER SAVING,39.0,918.0,33.0,38.0,42.0,300,manual,0.0,0.0
146,POWER SAVING,39.0,668.0,34.0,38.0,42.0,300,manual,0.0,0.0
147,POWER SAVING,39.0,668.0,34.0,39.0,42.0,300,manual,0.0,0.0
148,POWER SAVING,39.0,668.0,34.0,41.0,44.0,300,manual,0.0,0.0
149,POWER SAVING,39.0,662.0,34.0,43.0,45.0,300,manual,0.0,0.0
150,POWER SAVING,40.0,662.0,35.0,48.0,49.0,300,manual,1.0,0.0
151,POWER SAVING,278.0,662.0,35.0,47.0,49.0,1472,manual,100.0,55.0
152,POWER SAVING,282.0,662.0,35.0,46.0,49.0,1430,manual,100.0,55.0
153,POWER SAVING,256.0,893.0,34.0,46.0,47.0,1502,manual,100.0,38.0
154,POWER SAVING,239.0,862.0,35.0,44.0,46.0,1502,manual,87.0,26.0
155,POWER SAVING,220.0,893.0,35.0,43.0,45.0,1502,manual,88.0,28.0
156,POWER SAVING,308.0,906.0,33.0,39.0,42.0,1472,manual,96.0,33.0
157,POWER SAVING,56.0,912.0,33.0,37.0,42.0,300,manual,31.0,14.0
158,POWER SAVING,39.0,893.0,33.0,38.0,42.0,300,manual,0.0,0.0
159,POWER SAVING,39.0,893.0,34.0,38.0,42.0,300,manual,0.0,0.0
160,POWER SAVING,39.0,662.0,34.0,39.0,43.0,300,manual,0.0,0.0
161,POWER SAVING,39.0,662.0,34.0,39.0,43.0,300,manual,0.0,0.0
162,POWER SAVING,39.0,662.0,34.0,40.0,44.0,300,manual,0.0,0.0
163,POWER SAVING,39.0,668.0,35.0,42.0,45.0,300,manual,0.0,0.0
164,POWER SAVING,39.0,662.0,35.0,46.0,47.0,300,manual,0.0,0.0
165,POWER SAVING,333.0,668.0,35.0,48.0,48.0,1472,manual,100.0,49.0
166,POWER SAVING,272.0,912.0,35.0,47.0,49.0,1502,manual,100.0,50.0
167,POWER SAVING,39.0,662.0,34.0,39.0,42.0,300,manual,0.0,0.0
168,POWER SAVING,39.0,662.0,34.0,39.0,43.0,300,manual,0.0,0.0
169,POWER SAVING,276.0,906.0,36.0,49.0,49.0,1502,manual,88.0,39.0
170,POWER SAVING,310.0,893.0,35.0,43.0,45.0,1472,manual,93.0,52.0
171,POWER SAVING,39.0,662.0,37.0,47.0,47.0,300,manual,0.0,0.0
172,POWER SAVING,287.0,906.0,36.0,48.0,50.0,1472,manual,100.0,34.0
173,POWER SAVING,39.0,893.0,34.0,39.0,43.0,300,manual,0.0,0.0
174,POWER SAVING,39.0,662.0,34.0,39.0,43.0,300,manual,0.0,0.0
175,POWER SAVING,58.0,662.0,34.0,39.0,43.0,300,manual,3.0,0.0
176,POWER SAVING,39.0,662.0,35.0,41.0,45.0,300,manual,0.0,0.0
177,POWER SAVING,39.0,662.0,36.0,44.0,46.0,300,manual,0.0,0.0
178,POWER SAVING,40.0,662.0,36.0,48.0,50.0,300,manual,5.0,2.0
179,POWER SAVING,281.0,662.0,36.0,48.0,49.0,1472,manual,100.0,43.0
180,POWER SAVING,277.0,662.0,36.0,47.0,49.0,1472,manual,100.0,57.0
181,POWER SAVING,278.0,875.0,36.0,46.0,48.0,1472,manual,100.0,37.0
182,POWER SAVING,280.0,900.0,35.0,45.0,47.0,1472,manual,92.0,35.0
183,POWER SAVING,304.0,881.0,35.0,43.0,46.0,1472,manual,95.0,43.0
184,POWER SAVING,251.0,912.0,34.0,41.0,45.0,1502,manual,84.0,34.0
185,POWER SAVING,39.0,887.0,33.0,38.0,42.0,300,manual,3.0,1.0
186,POWER SAVING,39.0,893.0,34.0,38.0,42.0,300,manual,0.0,0.0
187,POWER SAVING,38.0,918.0,34.0,39.0,43.0,300,manual,0.0,0.0
188,POWER SAVING,39.0,662.0,34.0,39.0,43.0,300,manual,0.0,0.0
189,POWER SAVING,39.0,668.0,35.0,39.0,44.0,300,manual,0.0,0.0
190,POWER SAVING,39.0,668.0,35.0,41.0,45.0,300,manual,0.0,0.0
191,POWER SAVING,39.0,662.0,35.0,46.0,47.0,300,manual,0.0,0.0
192,POWER SAVING,272.0,662.0,36.0,48.0,50.0,1502,manual,100.0,45.0
193,POWER SAVING,314.0,662.0,36.0,47.0,49.0,1472,manual,100.0,52.0
194,POWER SAVING,281.0,887.0,35.0,47.0,49.0,1472,manual,100.0,43.0
195,POWER SAVING,260.0,887.0,35.0,46.0,47.0,1472,manual,99.0,40.0
196,POWER SAVING,280.0,900.0,35.0,44.0,46.0,1502,manual,88.0,26.0
197,POWER SAVING,213.0,893.0,34.0,42.0,45.0,1502,manual,80.0,49.0
198,POWER SAVING,219.0,893.0,34.0,39.0,44.0,1502,manual,85.0,37.0
199,POWER SAVING,39.0,906.0,33.0,38.0,41.0,300,manual,0.0,0.0
200,POWER SAVING,39.0,668.0,34.0,38.0,43.0,300,manual,0.0,0.0
201,POWER SAVING,38.0,662.0,33.0,36.0,41.0,300,manual,0.0,0.0
202,POWER SAVING,38.0,662.0,32.0,36.0,40.0,300,manual,0.0,0.0
203,POWER SAVING,37.0,662.0,32.0,35.0,39.0,300,manual,0.0,0.0
204,POWER SAVING,37.0,675.0,31.0,35.0,38.0,300,manual,0.0,0.0
205,POWER SAVING,306.0,900.0,35.0,47.0,45.0,1472,manual,94.0,41.0
206,POWER SAVING,291.0,881.0,36.0,49.0,48.0,1502,manual,83.0,23.0
207,POWER SAVING,149.0,893.0,37.0,50.0,48.0,1502,manual,56.0,11.0
208,POWER SAVING,262.0,912.0,37.0,51.0,48.0,1502,manual,87.0,30.0
209,POWER SAVING,271.0,868.0,37.0,50.0,48.0,1472,manual,89.0,39.0
210,POWER SAVING,254.0,887.0,37.0,51.0,49.0,1502,manual,87.0,26.0
211,POWER SAVING,250.0,931.0,38.0,51.0,48.0,1502,manual,85.0,22.0
212,POWER SAVING,241.0,906.0,38.0,52.0,48.0,1502,manual,84.0,27.0
213,POWER SAVING,239.0,881.0,38.0,52.0,49.0,1502,manual,88.0,27.0
214,POWER SAVING,313.0,906.0,38.0,52.0,49.0,1472,manual,92.0,37.0
215,POWER SAVING,320.0,906.0,38.0,53.0,50.0,1472,manual,92.0,39.0
216,POWER SAVING,279.0,925.0,38.0,52.0,50.0,1472,manual,90.0,24.0
217,POWER SAVING,249.0,931.0,39.0,52.0,50.0,1502,manual,84.0,36.0
218,POWER SAVING,234.0,893.0,39.0,53.0,50.0,1502,manual,85.0,31.0
219,POWER SAVING,201.0,906.0,39.0,54.0,50.0,1502,manual,83.0,29.0
220,POWER SAVING,251.0,881.0,39.0,53.0,50.0,1502,manual,88.0,42.0
221,POWER SAVING,314.0,862.0,39.0,53.0,51.0,1472,manual,85.0,25.0
222,POWER SAVING,323.0,925.0,39.0,54.0,52.0,1472,manual,93.0,38.0
223,POWER SAVING,188.0,906.0,40.0,53.0,51.0,1502,manual,84.0,28.0
224,POWER SAVING,235.0,906.0,40.0,54.0,52.0,1502,manual,85.0,41.0
225,POWER SAVING,263.0,925.0,40.0,54.0,52.0,1502,manual,89.0,27.0
226,POWER SAVING,315.0,881.0,40.0,54.0,52.0,1472,manual,89.0,28.0
227,POWER SAVING,249.0,906.0,40.0,54.0,52.0,1502,manual,88.0,37.0
228,POWER SAVING,335.0,881.0,40.0,54.0,52.0,1472,manual,91.0,40.0
229,POWER SAVING,79.0,906.0,41.0,54.0,52.0,1502,manual,39.0,12.0
230,POWER SAVING,231.0,912.0,41.0,54.0,52.0,1502,manual,87.0,41.0
231,POWER SAVING,288.0,662.0,40.0,53.0,54.0,1472,manual,100.0,45.0
232,POWER SAVING,286.0,662.0,39.0,51.0,52.0,1502,manual,100.0,52.0
233,POWER SAVING,267.0,875.0,39.0,49.0,51.0,1430,manual,100.0,38.0
234,POWER SAVING,275.0,875.0,39.0,49.0,48.0,1502,manual,99.0,38.0
235,POWER SAVING,328.0,875.0,40.0,53.0,53.0,1472,manual,91.0,34.0
236,POWER SAVING,244.0,893.0,38.0,45.0,48.0,1502,manual,90.0,38.0
237,POWER SAVING,280.0,668.0,41.0,53.0,53.0,1430,manual,100.0,41.0
238,POWER SAVING,253.0,662.0,39.0,51.0,53.0,1472,manual,100.0,42.0
239,POWER SAVING,301.0,912.0,39.0,50.0,52.0,1472,manual,100.0,45.0
240,POWER SAVING,286.0,881.0,38.0,49.0,50.0,1502,manual,99.0,53.0
241,POWER SAVING,39.0,662.0,38.0,44.0,48.0,300,manual,0.0,0.0
242,POWER SAVING,39.0,662.0,38.0,45.0,48.0,300,manual,0.0,0.0
243,POWER SAVING,235.0,906.0,39.0,51.0,51.0,1502,manual,85.0,21.0
244,POWER SAVING,39.0,906.0,37.0,41.0,45.0,300,manual,0.0,0.0
245,POWER SAVING,39.0,893.0,37.0,41.0,45.0,300,manual,0.0,0.0
246,POWER SAVING,39.0,906.0,37.0,41.0,45.0,300,manual,0.0,0.0
247,POWER SAVING,39.0,668.0,37.0,42.0,46.0,300,manual,0.0,0.0
248,POWER SAVING,238.0,893.0,39.0,52.0,52.0,1502,manual,89.0,39.0
249,POWER SAVING,206.0,875.0,38.0,46.0,49.0,1502,manual,82.0,40.0
250,POWER SAVING,224.0,931.0,37.0,44.0,47.0,1502,manual,85.0,29.0
251,POWER SAVING,253.0,893.0,36.0,40.0,45.0,1502,manual,69.0,40.0
252,POWER SAVING,289.0,662.0,39.0,52.0,53.0,1502,manual,100.0,45.0
253,POWER SAVING,292.0,925.0,39.0,50.0,52.0,1472,manual,100.0,37.0
254,POWER SAVING,276.0,875.0,40.0,53.0,53.0,1472,manual,100.0,50.0
255,POWER SAVING,285.0,893.0,38.0,49.0,50.0,1502,manual,99.0,55.0
256,POWER SAVING,282.0,906.0,38.0,47.0,49.0,1502,manual,89.0,39.0
257,POWER SAVING,40.0,662.0,39.0,48.0,49.0,300,manual,0.0,0.0
258,POWER SAVING,273.0,893.0,39.0,51.0,53.0,1472,manual,100.0,53.0
259,POWER SAVING,39.0,881.0,37.0,41.0,44.0,300,manual,0.0,0.0
260,POWER SAVING,39.0,906.0,37.0,41.0,44.0,300,manual,0.0,0.0
261,POWER SAVING,39.0,675.0,37.0,42.0,44.0,300,manual,0.0,0.0
262,POWER SAVING,259.0,843.0,39.0,52.0,51.0,1472,manual,99.0,34.0
263,POWER SAVING,316.0,887.0,38.0,48.0,50.0,1472,manual,94.0,40.0
264,POWER SAVING,183.0,906.0,37.0,45.0,47.0,1502,manual,84.0,20.0
265,POWER SAVING,223.0,875.0,36.0,42.0,46.0,1502,manual,91.0,40.0
266,POWER SAVING,39.0,893.0,36.0,40.0,44.0,300,manual,0.0,0.0
267,POWER SAVING,39.0,918.0,36.0,41.0,44.0,300,manual,0.0,0.0
268,POWER SAVING,261.0,893.0,39.0,52.0,52.0,1472,manual,100.0,42.0
269,POWER SAVING,39.0,662.0,37.0,43.0,46.0,300,manual,0.0,0.0
270,POWER SAVING,39.0,662.0,37.0,43.0,47.0,300,manual,0.0,0.0
271,POWER SAVING,217.0,893.0,39.0,51.0,52.0,1502,manual,85.0,27.0
272,POWER SAVING,245.0,912.0,36.0,44.0,47.0,1502,manual,87.0,29.0
273,POWER SAVING,39.0,906.0,36.0,40.0,45.0,1502,manual,10.0,48.0
274,POWER SAVING,39.0,893.0,36.0,41.0,45.0,300,manual,0.0,0.0
275,POWER SAVING,39.0,918.0,36.0,41.0,45.0,300,manual,0.0,0.0
276,POWER SAVING,261.0,862.0,39.0,51.0,52.0,1430,manual,100.0,49.0
277,POWER SAVING,305.0,893.0,38.0,48.0,49.0,1502,manual,94.0,45.0
278,POWER SAVING,321.0,893.0,37.0,46.0,48.0,1472,manual,90.0,30.0
279,POWER SAVING,257.0,906.0,36.0,43.0,46.0,1502,manual,86.0,31.0
280,POWER SAVING,258.0,662.0,39.0,52.0,53.0,1472,manual,100.0,52.0
281,POWER SAVING,261.0,662.0,39.0,50.0,52.0,1472,manual,100.0,56.0
282,POWER SAVING,301.0,875.0,38.0,49.0,50.0,1472,manual,100.0,53.0
283,POWER SAVING,368.0,875.0,38.0,48.0,49.0,1430,manual,99.0,43.0
284,POWER SAVING,281.0,875.0,37.0,46.0,48.0,1502,manual,91.0,31.0
285,POWER SAVING,40.0,668.0,38.0,46.0,49.0,300,manual,0.0,0.0
286,POWER SAVING,40.0,662.0,38.0,50.0,50.0,300,manual,0.0,0.0
287,POWER SAVING,319.0,662.0,38.0,50.0,52.0,1430,manual,100.0,34.0
288,POWER SAVING,301.0,662.0,38.0,49.0,51.0,1430,manual,100.0,51.0
289,POWER SAVING,295.0,893.0,38.0,48.0,50.0,1472,manual,100.0,48.0
290,POWER SAVING,283.0,875.0,38.0,48.0,49.0,1502,manual,99.0,38.0
291,POWER SAVING,304.0,893.0,37.0,46.0,47.0,1472,manual,93.0,49.0
292,POWER SAVING,295.0,918.0,36.0,43.0,46.0,1502,manual,92.0,35.0
293,POWER SAVING,73.0,925.0,39.0,52.0,52.0,1502,manual,43.0,5.0
294,POWER SAVING,39.0,893.0,36.0,41.0,45.0,300,manual,0.0,0.0
295,POWER SAVING,39.0,925.0,36.0,41.0,44.0,300,manual,0.0,0.0
296,POWER SAVING,39.0,662.0,36.0,41.0,45.0,300,manual,0.0,0.0
297,POWER SAVING,39.0,662.0,36.0,42.0,46.0,300,manual,0.0,0.0
298,POWER SAVING,39.0,668.0,37.0,43.0,47.0,300,manual,0.0,0.0
299,POWER SAVING,39.0,662.0,37.0,46.0,48.0,300,manual,0.0,0.0
300,POWER SAVING,320.0,906.0,38.0,50.0,52.0,1502,manual,84.0,42.0
301,POWER SAVING,351.0,893.0,39.0,53.0,53.0,1472,manual,100.0,36.0
302,POWER SAVING,300.0,662.0,40.0,53.0,53.0,1430,manual,100.0,51.0
303,POWER SAVING,257.0,881.0,39.0,50.0,52.0,1472,manual,100.0,42.0
304,POWER SAVING,341.0,862.0,38.0,48.0,50.0,1472,manual,99.0,36.0
305,POWER SAVING,252.0,900.0,37.0,46.0,49.0,1502,manual,88.0,42.0
306,POWER SAVING,299.0,893.0,39.0,52.0,51.0,1472,manual,93.0,48.0
307,POWER SAVING,334.0,893.0,36.0,41.0,45.0,1472,manual,92.0,29.0
308,POWER SAVING,39.0,918.0,37.0,41.0,45.0,300,manual,0.0,0.0
309,POWER SAVING,39.0,912.0,37.0,40.0,44.0,300,manual,0.0,0.0
310,POWER SAVING,39.0,668.0,37.0,41.0,44.0,300,manual,0.0,0.0
311,POWER SAVING,39.0,662.0,36.0,42.0,44.0,300,manual,0.0,0.0
312,POWER SAVING,39.0,662.0,37.0,42.0,46.0,300,manual,0.0,0.0
313,POWER SAVING,40.0,668.0,37.0,44.0,47.0,300,manual,0.0,0.0
314,POWER SAVING,39.0,662.0,38.0,47.0,49.0,300,manual,0.0,0.0
315,POWER SAVING,283.0,912.0,38.0,51.0,51.0,1472,manual,100.0,56.0
316,POWER SAVING,39.0,887.0,36.0,41.0,45.0,300,manual,0.0,0.0
317,POWER SAVING,301.0,875.0,39.0,52.0,53.0,1472,manual,100.0,53.0
318,POWER SAVING,279.0,900.0,40.0,53.0,53.0,1472,manual,100.0,56.0
319,POWER SAVING,121.0,900.0,38.0,48.0,50.0,1502,manual,82.0,33.0
320,POWER SAVING,281.0,881.0,37.0,46.0,48.0,1502,manual,95.0,30.0
321,POWER SAVING,235.0,943.0,37.0,43.0,46.0,1502,manual,90.0,41.0
322,POWER SAVING,201.0,662.0,39.0,52.0,52.0,1502,manual,78.0,20.0
323,POWER SAVING,283.0,925.0,39.0,50.0,51.0,1472,manual,100.0,54.0
324,POWER SAVING,312.0,856.0,40.0,53.0,53.0,1430,manual,100.0,49.0
325,POWER SAVING,256.0,906.0,38.0,50.0,51.0,1430,manual,100.0,56.0
326,POWER SAVING,217.0,893.0,40.0,52.0,53.0,1502,manual,89.0,32.0
327,POWER SAVING,312.0,937.0,37.0,45.0,48.0,1472,manual,97.0,42.0
328,POWER SAVING,163.0,925.0,36.0,40.0,45.0,1502,manual,67.0,33.0
329,POWER SAVING,301.0,662.0,39.0,52.0,53.0,1472,manual,100.0,37.0
330,POWER SAVING,290.0,668.0,39.0,50.0,51.0,1472,manual,100.0,52.0
331,POWER SAVING,255.0,881.0,38.0,50.0,50.0,1502,manual,100.0,31.0
332,POWER SAVING,289.0,893.0,40.0,53.0,52.0,1502,manual,99.0,43.0
333,POWER SAVING,313.0,893.0,40.0,53.0,53.0,1472,manual,97.0,28.0
334,POWER SAVING,243.0,925.0,38.0,46.0,48.0,1502,manual,87.0,41.0
335,POWER SAVING,262.0,893.0,37.0,41.0,45.0,1502,manual,84.0,40.0
336,POWER SAVING,39.0,925.0,37.0,41.0,44.0,300,manual,0.0,0.0
337,POWER SAVING,263.0,850.0,40.0,52.0,53.0,1430,manual,100.0,49.0
338,POWER SAVING,236.0,875.0,38.0,49.0,50.0,1472,manual,99.0,51.0
339,POWER SAVING,256.0,906.0,40.0,53.0,53.0,1502,manual,90.0,29.0
340,POWER SAVING,212.0,893.0,38.0,47.0,49.0,1502,manual,91.0,29.0
341,POWER SAVING,41.0,662.0,39.0,48.0,49.0,300,manual,0.0,0.0
342,POWER SAVING,152.0,906.0,39.0,51.0,49.0,1502,manual,53.0,28.0
343,POWER SAVING,334.0,887.0,40.0,54.0,52.0,1472,manual,95.0,28.0
344,POWER SAVING,217.0,906.0,40.0,54.0,52.0,1502,manual,83.0,30.0
345,POWER SAVING,263.0,906.0,40.0,54.0,52.0,1502,manual,92.0,38.0
346,POWER SAVING,238.0,925.0,41.0,54.0,52.0,1502,manual,90.0,36.0
347,POWER SAVING,247.0,893.0,41.0,54.0,53.0,1502,manual,85.0,41.0
348,POWER SAVING,330.0,918.0,41.0,54.0,53.0,1472,manual,96.0,39.0
349,POWER SAVING,196.0,875.0,41.0,55.0,52.0,1502,manual,89.0,27.0
350,POWER SAVING,299.0,900.0,41.0,55.0,53.0,1472,manual,90.0,5.0
351,POWER SAVING,323.0,906.0,42.0,55.0,53.0,1472,manual,94.0,25.0
352,POWER SAVING,328.0,893.0,41.0,55.0,54.0,1472,manual,92.0,29.0
353,POWER SAVING,314.0,925.0,42.0,56.0,53.0,1472,manual,94.0,32.0
354,POWER SAVING,242.0,906.0,42.0,55.0,54.0,1502,manual,84.0,35.0
355,POWER SAVING,324.0,912.0,42.0,56.0,53.0,1472,manual,94.0,39.0
356,POWER SAVING,270.0,887.0,42.0,56.0,54.0,1502,manual,87.0,46.0
357,POWER SAVING,317.0,900.0,42.0,56.0,54.0,1472,manual,96.0,30.0
358,POWER SAVING,324.0,925.0,42.0,55.0,54.0,1472,manual,96.0,32.0
359,POWER SAVING,244.0,887.0,42.0,56.0,54.0,1502,manual,89.0,24.0
360,POWER SAVING,94.0,906.0,42.0,56.0,54.0,1502,manual,47.0,25.0
361,POWER SAVING,339.0,893.0,42.0,56.0,54.0,1472,manual,94.0,28.0
362,POWER SAVING,322.0,925.0,42.0,57.0,55.0,1472,manual,89.0,26.0
363,POWER SAVING,207.0,900.0,43.0,57.0,54.0,1502,manual,90.0,25.0
364,POWER SAVING,326.0,906.0,43.0,57.0,55.0,1472,manual,95.0,26.0
365,POWER SAVING,314.0,906.0,43.0,56.0,55.0,1472,manual,95.0,29.0
366,POWER SAVING,224.0,900.0,43.0,57.0,54.0,1502,manual,86.0,42.0
367,POWER SAVING,294.0,887.0,43.0,57.0,55.0,1502,manual,91.0,30.0
368,POWER SAVING,42.0,662.0,43.0,55.0,56.0,300,manual,0.0,0.0
369,POWER SAVING,277.0,662.0,42.0,54.0,55.0,1430,manual,100.0,51.0
370,POWER SAVING,287.0,925.0,42.0,53.0,54.0,1430,manual,100.0,33.0
371,POWER SAVING,39.0,662.0,40.0,45.0,48.0,300,manual,0.0,0.0
372,POWER SAVING,40.0,668.0,40.0,45.0,49.0,300,manual,0.0,0.0
373,POWER SAVING,42.0,662.0,40.0,46.0,48.0,300,manual,0.0,0.0
374,POWER SAVING,269.0,881.0,41.0,54.0,54.0,1502,manual,89.0,41.0
375,POWER SAVING,323.0,900.0,39.0,43.0,48.0,1502,manual,93.0,39.0
376,POWER SAVING,269.0,875.0,42.0,55.0,55.0,1472,manual,100.0,39.0
377,POWER SAVING,285.0,906.0,42.0,56.0,55.0,1472,manual,100.0,42.0
378,POWER SAVING,39.0,662.0,40.0,45.0,48.0,300,manual,0.0,0.0
379,POWER SAVING,280.0,893.0,42.0,55.0,54.0,1502,manual,99.0,31.0
380,POWER SAVING,299.0,862.0,42.0,56.0,55.0,1472,manual,93.0,44.0
381,POWER SAVING,41.0,668.0,42.0,50.0,52.0,300,manual,0.0,0.0
382,POWER SAVING,54.0,893.0,42.0,54.0,56.0,1502,manual,8.0,0.0
383,POWER SAVING,267.0,868.0,42.0,56.0,56.0,1472,manual,100.0,39.0
384,POWER SAVING,262.0,931.0,43.0,57.0,57.0,1472,manual,100.0,39.0
385,POWER SAVING,247.0,856.0,43.0,57.0,57.0,1430,manual,100.0,38.0
386,POWER SAVING,314.0,856.0,41.0,52.0,52.0,1472,manual,95.0,37.0
387,POWER SAVING,286.0,893.0,41.0,49.0,50.0,1472,manual,93.0,51.0
388,POWER SAVING,43.0,668.0,42.0,51.0,52.0,300,manual,0.0,0.0
389,POWER SAVING,273.0,906.0,42.0,54.0,54.0,1472,manual,100.0,44.0
390,POWER SAVING,39.0,881.0,40.0,44.0,48.0,300,manual,0.0,0.0
391,POWER SAVING,39.0,931.0,40.0,44.0,48.0,300,manual,0.0,0.0
392,POWER SAVING,56.0,662.0,40.0,44.0,48.0,300,manual,0.0,0.0
393,POWER SAVING,40.0,668.0,40.0,44.0,48.0,300,manual,0.0,0.0
394,POWER SAVING,40.0,662.0,40.0,46.0,50.0,300,manual,0.0,0.0
395,POWER SAVING,253.0,893.0,41.0,53.0,54.0,1502,manual,88.0,26.0
396,POWER SAVING,269.0,893.0,42.0,55.0,55.0,1430,manual,100.0,56.0
397,POWER SAVING,275.0,662.0,42.0,56.0,56.0,1472,manual,100.0,34.0
398,POWER SAVING,345.0,925.0,42.0,53.0,53.0,1430,manual,100.0,46.0
399,POWER SAVING,39.0,662.0,40.0,45.0,49.0,300,manual,0.0,0.0
400,POWER SAVING,283.0,862.0,42.0,54.0,54.0,1502,manual,99.0,47.0
401,POWER SAVING,281.0,868.0,40.0,51.0,52.0,1502,manual,88.0,49.0
402,POWER SAVING,244.0,893.0,40.0,48.0,50.0,1502,manual,91.0,30.0
403,POWER SAVING,242.0,906.0,39.0,43.0,47.0,1502,manual,86.0,28.0
404,POWER SAVING,39.0,893.0,39.0,43.0,47.0,300,manual,0.0,0.0
405,POWER SAVING,256.0,912.0,42.0,55.0,55.0,1430,manual,100.0,41.0
406,POWER SAVING,287.0,893.0,42.0,55.0,55.0,1472,manual,100.0,34.0
407,POWER SAVING,39.0,662.0,40.0,45.0,48.0,1502,manual,0.0,0.0
408,POWER SAVING,189.0,912.0,42.0,55.0,53.0,1502,manual,86.0,31.0
409,POWER SAVING,42.0,668.0,41.0,47.0,51.0,300,manual,0.0,0.0
410,POWER SAVING,311.0,912.0,41.0,54.0,54.0,1472,manual,96.0,39.0
411,POWER SAVING,102.0,937.0,39.0,44.0,47.0,1502,manual,56.0,14.0
412,POWER SAVING,262.0,912.0,42.0,55.0,56.0,1472,manual,100.0,33.0
413,POWER SAVING,286.0,925.0,42.0,56.0,56.0,1472,manual,100.0,40.0
414,POWER SAVING,40.0,662.0,40.0,44.0,49.0,300,manual,0.0,0.0
415,POWER SAVING,259.0,893.0,42.0,55.0,55.0,1472,manual,100.0,44.0
416,POWER SAVING,286.0,893.0,41.0,50.0,52.0,1472,manual,94.0,39.0
417,POWER SAVING,257.0,906.0,40.0,47.0,50.0,1502,manual,89.0,37.0
418,POWER SAVING,325.0,906.0,39.0,43.0,48.0,1472,manual,96.0,37.0
419,POWER SAVING,39.0,925.0,39.0,43.0,47.0,300,manual,0.0,21.0
420,POWER SAVING,294.0,668.0,42.0,55.0,54.0,1472,manual,100.0,37.0
421,POWER SAVING,241.0,662.0,41.0,52.0,54.0,1430,manual,100.0,38.0
422,POWER SAVING,373.0,887.0,41.0,51.0,53.0,1430,manual,100.0,53.0
423,POWER SAVING,228.0,881.0,40.0,51.0,52.0,1472,manual,99.0,37.0
424,POWER SAVING,288.0,875.0,40.0,49.0,51.0,1502,manual,91.0,42.0
425,POWER SAVING,214.0,893.0,39.0,47.0,50.0,1502,manual,90.0,37.0
426,POWER SAVING,313.0,900.0,38.0,43.0,47.0,1472,manual,96.0,41.0
427,POWER SAVING,247.0,906.0,41.0,54.0,54.0,1430,manual,100.0,51.0
428,POWER SAVING,281.0,668.0,42.0,54.0,55.0,1472,manual,100.0,40.0
429,POWER SAVING,346.0,881.0,41.0,52.0,53.0,1472,manual,100.0,44.0
430,POWER SAVING,259.0,850.0,41.0,55.0,53.0,1502,manual,99.0,44.0
431,POWER SAVING,307.0,875.0,40.0,50.0,51.0,1472,manual,96.0,40.0
432,POWER SAVING,238.0,893.0,40.0,48.0,50.0,1502,manual,90.0,43.0
433,POWER SAVING,334.0,881.0,41.0,54.0,55.0,1472,manual,95.0,26.0
434,POWER SAVING,43.0,668.0,42.0,55.0,56.0,300,manual,1.0,0.0
435,POWER SAVING,289.0,881.0,41.0,53.0,54.0,1430,manual,100.0,48.0
436,POWER SAVING,39.0,912.0,39.0,43.0,48.0,300,manual,0.0,0.0
437,POWER SAVING,39.0,662.0,39.0,43.0,46.0,300,manual,0.0,0.0
438,POWER SAVING,40.0,662.0,39.0,44.0,47.0,1502,manual,0.0,0.0
439,POWER SAVING,41.0,668.0,39.0,45.0,48.0,300,manual,0.0,0.0
440,POWER SAVING,241.0,912.0,40.0,53.0,53.0,1502,manual,91.0,27.0
441,POWER SAVING,94.0,887.0,38.0,43.0,46.0,1502,manual,44.0,3.0
442,POWER SAVING,39.0,906.0,38.0,42.0,46.0,300,manual,0.0,0.0
443,POWER SAVING,278.0,668.0,41.0,54.0,54.0,1472,manual,100.0,41.0
444,POWER SAVING,278.0,875.0,40.0,51.0,53.0,1472,manual,100.0,32.0
445,POWER SAVING,299.0,875.0,40.0,50.0,51.0,1430,manual,99.0,49.0
446,POWER SAVING,212.0,887.0,40.0,49.0,50.0,1502,manual,87.0,44.0
447,POWER SAVING,41.0,662.0,40.0,46.0,49.0,300,manual,0.0,0.0
448,POWER SAVING,40.0,662.0,40.0,49.0,51.0,300,manual,0.0,0.0
449,POWER SAVING,245.0,881.0,40.0,52.0,53.0,1430,manual,100.0,38.0
450,POWER SAVING,262.0,900.0,41.0,54.0,55.0,1472,manual,100.0,57.0
451,POWER SAVING,39.0,925.0,39.0,43.0,47.0,300,manual,0.0,0.0
452,POWER SAVING,39.0,668.0,39.0,43.0,46.0,300,manual,0.0,0.0
453,POWER SAVING,299.0,856.0,41.0,54.0,54.0,1430,manual,99.0,40.0
454,POWER SAVING,306.0,868.0,40.0,49.0,51.0,1472,manual,96.0,46.0
455,POWER SAVING,252.0,906.0,41.0,54.0,54.0,1502,manual,92.0,42.0
456,POWER SAVING,315.0,900.0,41.0,55.0,54.0,1472,manual,97.0,38.0
457,POWER SAVING,212.0,893.0,42.0,55.0,56.0,1502,manual,88.0,40.0
458,POWER SAVING,39.0,906.0,39.0,43.0,46.0,300,manual,0.0,0.0
459,POWER SAVING,39.0,893.0,39.0,43.0,46.0,300,manual,0.0,0.0
460,POWER SAVING,260.0,925.0,41.0,54.0,55.0,1430,manual,100.0,53.0
461,POWER SAVING,39.0,662.0,39.0,44.0,48.0,300,manual,0.0,0.0
462,POWER SAVING,277.0,875.0,41.0,54.0,53.0,1472,manual,99.0,41.0
463,POWER SAVING,286.0,881.0,40.0,50.0,52.0,1502,manual,91.0,32.0
464,POWER SAVING,41.0,662.0,40.0,47.0,50.0,300,manual,0.0,0.0
465,POWER SAVING,42.0,662.0,40.0,51.0,51.0,300,manual,0.0,0.0
466,POWER SAVING,284.0,668.0,41.0,53.0,54.0,1472,manual,100.0,39.0
467,POWER SAVING,278.0,662.0,41.0,52.0,53.0,1502,manual,100.0,34.0
468,POWER SAVING,316.0,906.0,41.0,54.0,53.0,1472,manual,92.0,38.0
469,POWER SAVING,314.0,893.0,41.0,55.0,53.0,1472,manual,93.0,38.0
470,POWER SAVING,318.0,925.0,42.0,56.0,53.0,1472,manual,94.0,43.0
471,POWER SAVING,295.0,875.0,42.0,56.0,54.0,1502,manual,76.0,41.0
472,POWER SAVING,233.0,937.0,42.0,56.0,54.0,1502,manual,89.0,32.0
473,POWER SAVING,290.0,937.0,42.0,56.0,54.0,1502,manual,85.0,26.0
474,POWER SAVING,324.0,875.0,42.0,56.0,54.0,1472,manual,96.0,43.0
475,POWER SAVING,278.0,918.0,43.0,56.0,54.0,1502,manual,85.0,26.0
476,POWER SAVING,240.0,875.0,42.0,56.0,54.0,1502,manual,85.0,23.0
477,POWER SAVING,198.0,906.0,43.0,57.0,54.0,1502,manual,82.0,30.0
478,POWER SAVING,310.0,906.0,43.0,57.0,54.0,1472,manual,92.0,39.0
479,POWER SAVING,213.0,906.0,43.0,57.0,55.0,1502,manual,86.0,34.0
480,POWER SAVING,330.0,893.0,43.0,57.0,55.0,1472,manual,95.0,27.0
481,POWER SAVING,275.0,906.0,43.0,57.0,55.0,1502,manual,88.0,37.0
482,POWER SAVING,256.0,906.0,43.0,56.0,54.0,1502,manual,88.0,25.0
483,POWER SAVING,314.0,925.0,44.0,57.0,55.0,1472,manual,92.0,31.0
484,POWER SAVING,161.0,893.0,44.0,58.0,55.0,1502,manual,71.0,5.0
485,POWER SAVING,313.0,893.0,44.0,57.0,55.0,1472,manual,94.0,37.0
486,POWER SAVING,240.0,912.0,44.0,58.0,55.0,1502,manual,87.0,26.0
487,POWER SAVING,248.0,943.0,43.0,58.0,56.0,1502,manual,88.0,37.0
488,POWER SAVING,261.0,906.0,43.0,57.0,55.0,1502,manual,87.0,29.0
489,POWER SAVING,233.0,893.0,44.0,57.0,56.0,1502,manual,87.0,26.0
490,POWER SAVING,295.0,925.0,44.0,58.0,56.0,1502,manual,90.0,30.0
491,POWER SAVING,223.0,906.0,44.0,58.0,56.0,1502,manual,87.0,26.0
492,POWER SAVING,135.0,893.0,44.0,58.0,56.0,1502,manual,56.0,36.0
493,POWER SAVING,318.0,662.0,44.0,58.0,56.0,1472,manual,92.0,42.0
494,POWER SAVING,40.0,668.0,42.0,49.0,52.0,300,manual,0.0,0.0
495,POWER SAVING,43.0,668.0,43.0,52.0,53.0,300,manual,0.0,0.0
496,POWER SAVING,295.0,875.0,43.0,55.0,56.0,1472,manual,100.0,45.0
497,POWER SAVING,39.0,906.0,41.0,45.0,49.0,300,manual,0.0,0.0
498,POWER SAVING,39.0,662.0,41.0,45.0,48.0,300,manual,0.0,0.0
499,POWER SAVING,279.0,887.0,43.0,56.0,55.0,1502,manual,99.0,57.0
500,POWER SAVING,200.0,850.0,42.0,51.0,53.0,1502,manual,86.0,27.0
501,POWER SAVING,269.0,918.0,41.0,49.0,51.0,1502,manual,86.0,35.0
502,POWER SAVING,44.0,662.0,43.0,56.0,56.0,300,manual,0.0,0.0
503,POWER SAVING,336.0,662.0,42.0,54.0,55.0,1430,manual,100.0,38.0
504,POWER SAVING,289.0,662.0,42.0,54.0,54.0,1430,manual,100.0,50.0
505,POWER SAVING,252.0,881.0,42.0,53.0,54.0,1472,manual,100.0,52.0
506,POWER SAVING,39.0,662.0,41.0,46.0,49.0,300,manual,0.0,0.0
507,POWER SAVING,41.0,668.0,41.0,46.0,49.0,300,manual,0.0,0.0
508,POWER SAVING,40.0,662.0,41.0,46.0,50.0,300,manual,0.0,0.0
509,POWER SAVING,43.0,668.0,41.0,48.0,51.0,300,manual,0.0,0.0
510,POWER SAVING,313.0,893.0,42.0,54.0,54.0,1472,manual,91.0,50.0
511,POWER SAVING,262.0,887.0,43.0,56.0,56.0,1472,manual,100.0,35.0
512,POWER SAVING,279.0,662.0,43.0,57.0,57.0,1472,manual,100.0,37.0
513,POWER SAVING,298.0,875.0,42.0,53.0,53.0,1430,manual,100.0,39.0
514,POWER SAVING,253.0,875.0,41.0,53.0,54.0,1472,manual,100.0,42.0
515,POWER SAVING,41.0,668.0,41.0,46.0,50.0,300,manual,0.0,0.0
516,POWER SAVING,321.0,893.0,42.0,54.0,54.0,1472,manual,94.0,48.0
517,POWER SAVING,218.0,912.0,43.0,56.0,56.0,1502,manual,88.0,33.0
518,POWER SAVING,86.0,912.0,43.0,56.0,56.0,1472,manual,33.0,14.0
519,POWER SAVING,39.0,912.0,40.0,44.0,49.0,300,manual,0.0,0.0
520,POWER SAVING,254.0,662.0,43.0,56.0,56.0,1430,manual,100.0,41.0
521,POWER SAVING,317.0,875.0,42.0,53.0,54.0,1472,manual,100.0,48.0
522,POWER SAVING,302.0,868.0,41.0,52.0,52.0,1472,manual,99.0,54.0
523,POWER SAVING,311.0,887.0,41.0,50.0,51.0,1472,manual,93.0,36.0
524,POWER SAVING,325.0,918.0,42.0,55.0,55.0,1472,manual,94.0,43.0
525,POWER SAVING,295.0,881.0,43.0,56.0,56.0,1472,manual,90.0,24.0
526,POWER SAVING,309.0,875.0,43.0,56.0,57.0,1430,manual,100.0,40.0
527,POWER SAVING,39.0,912.0,41.0,45.0,49.0,300,manual,0.0,0.0
528,POWER SAVING,349.0,925.0,43.0,57.0,56.0,1430,manual,100.0,45.0
529,POWER SAVING,269.0,893.0,43.0,56.0,57.0,1502,manual,100.0,38.0
530,POWER SAVING,271.0,893.0,43.0,57.0,55.0,1502,manual,99.0,42.0
531,POWER SAVING,255.0,893.0,43.0,57.0,56.0,1472,manual,91.0,35.0
532,POWER SAVING,257.0,893.0,43.0,57.0,57.0,1502,manual,87.0,52.0
533,POWER SAVING,292.0,893.0,42.0,48.0,51.0,1502,manual,86.0,34.0
534,POWER SAVING,44.0,668.0,43.0,57.0,57.0,300,manual,0.0,0.0
535,POWER SAVING,293.0,893.0,43.0,55.0,56.0,1472,manual,100.0,40.0
536,POWER SAVING,304.0,906.0,43.0,57.0,57.0,1430,manual,100.0,50.0
537,POWER SAVING,310.0,843.0,44.0,58.0,57.0,1430,manual,100.0,37.0
538,POWER SAVING,271.0,906.0,42.0,53.0,54.0,1472,manual,99.0,39.0
539,POWER SAVING,233.0,881.0,42.0,52.0,53.0,1502,manual,90.0,35.0
540,POWER SAVING,43.0,662.0,42.0,49.0,51.0,300,manual,0.0,0.0
541,POWER SAVING,40.0,668.0,42.0,50.0,52.0,300,manual,0.0,0.0
542,POWER SAVING,306.0,887.0,42.0,54.0,56.0,1502,manual,87.0,46.0
543,POWER SAVING,289.0,893.0,43.0,57.0,57.0,1472,manual,100.0,42.0
544,POWER SAVING,260.0,662.0,43.0,57.0,57.0,1472,manual,100.0,49.0
545,POWER SAVING,255.0,893.0,42.0,54.0,55.0,1472,manual,100.0,43.0
546,POWER SAVING,294.0,862.0,42.0,53.0,54.0,1472,manual,100.0,53.0
547,POWER SAVING,222.0,850.0,43.0,56.0,56.0,1502,manual,89.0,43.0
548,POWER SAVING,332.0,900.0,43.0,57.0,56.0,1472,manual,93.0,40.0
549,POWER SAVING,279.0,893.0,41.0,47.0,51.0,1502,manual,93.0,52.0
550,POWER SAVING,39.0,881.0,40.0,44.0,48.0,300,manual,0.0,0.0
551,POWER SAVING,272.0,887.0,43.0,56.0,56.0,1430,manual,100.0,36.0
552,POWER SAVING,295.0,856.0,43.0,57.0,57.0,1430,manual,100.0,42.0
553,POWER SAVING,295.0,906.0,43.0,57.0,55.0,1472,manual,99.0,42.0
554,POWER SAVING,215.0,893.0,43.0,57.0,57.0,1502,manual,88.0,41.0
555,POWER SAVING,42.0,662.0,43.0,50.0,53.0,300,manual,0.0,0.0
556,POWER SAVING,44.0,662.0,43.0,52.0,54.0,300,manual,0.0,0.0
557,POWER SAVING,309.0,662.0,43.0,55.0,56.0,1430,manual,100.0,36.0
558,POWER SAVING,303.0,893.0,43.0,54.0,54.0,1472,manual,100.0,39.0
559,POWER SAVING,279.0,875.0,43.0,56.0,57.0,1472,manual,100.0,55.0
560,POWER SAVING,254.0,868.0,42.0,54.0,54.0,1472,manual,100.0,40.0
561,POWER SAVING,40.0,662.0,42.0,47.0,50.0,300,manual,0.0,0.0
562,POWER SAVING,233.0,850.0,43.0,55.0,55.0,1502,manual,89.0,30.0
563,POWER SAVING,308.0,912.0,41.0,49.0,51.0,1472,manual,93.0,32.0
564,POWER SAVING,222.0,906.0,43.0,56.0,56.0,1502,manual,87.0,35.0
565,POWER SAVING,265.0,925.0,43.0,56.0,58.0,1430,manual,100.0,36.0
566,POWER SAVING,248.0,918.0,44.0,57.0,56.0,1472,manual,100.0,52.0
567,POWER SAVING,39.0,662.0,41.0,46.0,50.0,300,manual,0.0,0.0
568,POWER SAVING,331.0,893.0,43.0,56.0,55.0,1472,manual,99.0,52.0
569,POWER SAVING,255.0,856.0,44.0,57.0,57.0,1472,manual,92.0,37.0
570,POWER SAVING,209.0,912.0,42.0,49.0,51.0,1502,manual,86.0,40.0
571,POWER SAVING,329.0,906.0,43.0,56.0,56.0,1472,manual,94.0,31.0
572,POWER SAVING,280.0,900.0,44.0,57.0,58.0,1472,manual,100.0,35.0
573,POWER SAVING,41.0,875.0,41.0,45.0,49.0,300,manual,0.0,0.0
574,POWER SAVING,247.0,893.0,44.0,56.0,57.0,1430,manual,100.0,42.0
575,POWER SAVING,40.0,662.0,42.0,47.0,49.0,300,manual,0.0,0.0
576,POWER SAVING,225.0,881.0,43.0,56.0,55.0,1502,manual,93.0,42.0
577,POWER SAVING,214.0,893.0,43.0,57.0,56.0,1502,manual,88.0,41.0
578,POWER SAVING,312.0,912.0,42.0,49.0,52.0,1472,manual,97.0,29.0
579,POWER SAVING,265.0,906.0,43.0,56.0,56.0,1502,manual,89.0,48.0
580,POWER SAVING,39.0,893.0,41.0,45.0,49.0,300,manual,0.0,0.0
581,POWER SAVING,294.0,925.0,43.0,56.0,57.0,1472,manual,100.0,32.0
582,POWER SAVING,40.0,668.0,42.0,46.0,50.0,300,manual,0.0,0.0
583,POWER SAVING,264.0,893.0,43.0,57.0,56.0,1502,manual,99.0,39.0
584,POWER SAVING,333.0,900.0,42.0,52.0,52.0,1472,manual,93.0,28.0
585,POWER SAVING,236.0,893.0,43.0,55.0,53.0,1502,manual,85.0,29.0
586,POWER SAVING,309.0,925.0,43.0,57.0,55.0,1472,manual,87.0,39.0
587,POWER SAVING,254.0,906.0,43.0,57.0,55.0,1502,manual,86.0,24.0
588,POWER SAVING,312.0,906.0,44.0,57.0,55.0,1472,manual,92.0,31.0
589,POWER SAVING,190.0,906.0,43.0,57.0,56.0,1502,manual,81.0,33.0
590,POWER SAVING,258.0,937.0,44.0,58.0,55.0,1502,manual,91.0,30.0
591,POWER SAVING,270.0,906.0,44.0,58.0,55.0,1502,manual,80.0,34.0
592,POWER SAVING,319.0,881.0,44.0,57.0,55.0,1472,manual,93.0,33.0
593,POWER SAVING,232.0,881.0,44.0,58.0,56.0,1502,manual,80.0,5.0
594,POWER SAVING,340.0,900.0,44.0,58.0,56.0,1472,manual,92.0,26.0
595,POWER SAVING,229.0,906.0,44.0,58.0,56.0,1502,manual,84.0,24.0
596,POWER SAVING,329.0,906.0,45.0,58.0,56.0,1472,manual,91.0,41.0
597,POWER SAVING,318.0,900.0,45.0,58.0,56.0,1472,manual,88.0,43.0
598,POWER SAVING,253.0,918.0,45.0,59.0,56.0,1502,manual,86.0,23.0
599,POWER SAVING,269.0,918.0,44.0,58.0,56.0,1502,manual,86.0,40.0
600,POWER SAVING,320.0,893.0,45.0,59.0,57.0,1472,manual,93.0,29.0
601,POWER SAVING,269.0,881.0,45.0,59.0,57.0,1502,manual,92.0,41.0
602,POWER SAVING,253.0,906.0,45.0,59.0,56.0,1502,manual,87.0,24.0
603,POWER SAVING,209.0,881.0,45.0,58.0,56.0,1502,manual,85.0,25.0
604,POWER SAVING,246.0,893.0,45.0,59.0,56.0,1502,manual,69.0,43.0
605,POWER SAVING,215.0,881.0,45.0,59.0,57.0,1502,manual,86.0,28.0
606,POWER SAVING,330.0,912.0,45.0,59.0,57.0,1472,manual,91.0,29.0
607,POWER SAVING,223.0,912.0,46.0,59.0,57.0,1502,manual,82.0,32.0
608,POWER SAVING,321.0,906.0,45.0,59.0,57.0,1472,manual,96.0,28.0
609,POWER SAVING,309.0,912.0,45.0,59.0,57.0,1472,manual,94.0,23.0
610,POWER SAVING,249.0,893.0,45.0,59.0,57.0,1502,manual,90.0,30.0
611,POWER SAVING,279.0,912.0,45.0,57.0,57.0,1472,manual,100.0,52.0
612,POWER SAVING,41.0,668.0,44.0,48.0,52.0,300,manual,0.0,0.0
613,POWER SAVING,294.0,862.0,44.0,58.0,57.0,1502,manual,95.0,43.0
614,POWER SAVING,223.0,862.0,43.0,52.0,54.0,1502,manual,89.0,34.0
615,POWER SAVING,44.0,662.0,44.0,51.0,54.0,300,manual,0.0,0.0
616,POWER SAVING,244.0,881.0,44.0,56.0,57.0,1502,manual,91.0,34.0
617,POWER SAVING,282.0,662.0,45.0,57.0,59.0,1472,manual,100.0,40.0
618,POWER SAVING,259.0,925.0,44.0,55.0,56.0,1472,manual,100.0,38.0
619,POWER SAVING,40.0,662.0,42.0,47.0,51.0,300,manual,0.0,0.0
620,POWER SAVING,43.0,662.0,42.0,47.0,50.0,300,manual,0.0,0.0
621,POWER SAVING,302.0,875.0,44.0,56.0,56.0,1502,manual,91.0,40.0
622,POWER SAVING,250.0,925.0,44.0,57.0,58.0,1502,manual,90.0,39.0
623,POWER SAVING,44.0,662.0,45.0,58.0,59.0,300,manual,1.0,0.0
624,POWER SAVING,280.0,668.0,43.0,56.0,57.0,1430,manual,100.0,45.0
625,POWER SAVING,291.0,931.0,43.0,54.0,54.0,1472,manual,100.0,43.0
626,POWER SAVING,40.0,662.0,42.0,46.0,50.0,300,manual,0.0,0.0
627,POWER SAVING,68.0,668.0,42.0,46.0,50.0,1502,manual,5.0,0.0
628,POWER SAVING,39.0,668.0,42.0,47.0,51.0,300,manual,0.0,0.0
629,POWER SAVING,235.0,881.0,43.0,55.0,55.0,1502,manual,80.0,35.0
630,POWER SAVING,320.0,887.0,44.0,56.0,57.0,1472,manual,96.0,35.0
631,POWER SAVING,295.0,662.0,44.0,58.0,58.0,1430,manual,100.0,40.0
632,POWER SAVING,354.0,925.0,43.0,55.0,56.0,1430,manual,100.0,45.0
633,POWER SAVING,348.0,893.0,44.0,57.0,57.0,1472,manual,100.0,45.0
634,POWER SAVING,315.0,862.0,42.0,54.0,54.0,1430,manual,100.0,35.0
635,POWER SAVING,42.0,662.0,42.0,48.0,51.0,300,manual,0.0,0.0
636,POWER SAVING,210.0,881.0,43.0,56.0,56.0,1502,manual,94.0,41.0
637,POWER SAVING,340.0,925.0,44.0,56.0,57.0,1472,manual,91.0,32.0
638,POWER SAVING,306.0,906.0,44.0,58.0,58.0,1472,manual,100.0,47.0
639,POWER SAVING,254.0,931.0,45.0,58.0,58.0,1472,manual,100.0,46.0
640,POWER SAVING,338.0,893.0,44.0,58.0,58.0,1430,manual,100.0,37.0
641,POWER SAVING,42.0,668.0,42.0,47.0,51.0,300,manual,0.0,0.0
642,POWER SAVING,42.0,662.0,42.0,47.0,51.0,300,manual,0.0,0.0
643,POWER SAVING,319.0,881.0,43.0,56.0,56.0,1472,manual,96.0,47.0
644,POWER SAVING,309.0,912.0,44.0,57.0,57.0,1472,manual,97.0,39.0
645,POWER SAVING,39.0,900.0,41.0,46.0,49.0,300,manual,0.0,0.0
646,POWER SAVING,39.0,906.0,41.0,45.0,49.0,300,manual,0.0,0.0
647,POWER SAVING,269.0,875.0,43.0,56.0,57.0,1430,manual,100.0,41.0
648,POWER SAVING,365.0,881.0,42.0,54.0,54.0,1430,manual,99.0,53.0
649,POWER SAVING,301.0,862.0,42.0,52.0,53.0,1472,manual,94.0,46.0
650,POWER SAVING,280.0,893.0,42.0,50.0,52.0,1502,manual,89.0,26.0
651,POWER SAVING,333.0,881.0,43.0,56.0,56.0,1472,manual,92.0,36.0
652,POWER SAVING,278.0,668.0,44.0,57.0,58.0,1430,manual,100.0,53.0
653,POWER SAVING,260.0,662.0,43.0,54.0,56.0,1430,manual,100.0,37.0
654,POWER SAVING,348.0,881.0,42.0,54.0,55.0,1430,manual,100.0,39.0
655,POWER SAVING,286.0,881.0,44.0,57.0,56.0,1472,manual,99.0,40.0
656,POWER SAVING,209.0,893.0,42.0,51.0,53.0,1502,manual,91.0,30.0
657,POWER SAVING,208.0,906.0,43.0,56.0,57.0,1502,manual,88.0,41.0
658,POWER SAVING,43.0,662.0,43.0,56.0,56.0,300,manual,0.0,0.0
659,POWER SAVING,291.0,893.0,43.0,55.0,57.0,1472,manual,100.0,37.0
660,POWER SAVING,358.0,662.0,44.0,57.0,56.0,1404,manual,100.0,39.0
661,POWER SAVING,300.0,893.0,42.0,54.0,55.0,1472,manual,100.0,39.0
662,POWER SAVING,277.0,893.0,43.0,57.0,56.0,1502,manual,99.0,34.0
663,POWER SAVING,324.0,868.0,44.0,57.0,57.0,1472,manual,93.0,52.0
664,POWER SAVING,340.0,862.0,44.0,57.0,58.0,1472,manual,93.0,34.0
665,POWER SAVING,315.0,912.0,44.0,57.0,57.0,1472,manual,86.0,28.0
666,POWER SAVING,294.0,668.0,44.0,58.0,59.0,1404,manual,100.0,38.0
667,POWER SAVING,349.0,925.0,43.0,55.0,56.0,1430,manual,100.0,49.0
668,POWER SAVING,39.0,662.0,42.0,46.0,50.0,300,manual,0.0,0.0
669,POWER SAVING,286.0,875.0,43.0,56.0,56.0,1502,manual,99.0,37.0
670,POWER SAVING,227.0,862.0,42.0,52.0,53.0,1502,manual,90.0,28.0
671,POWER SAVING,247.0,862.0,44.0,57.0,56.0,1502,manual,90.0,30.0
672,POWER SAVING,215.0,912.0,41.0,47.0,51.0,1502,manual,90.0,28.0
673,POWER SAVING,319.0,925.0,43.0,57.0,57.0,1430,manual,100.0,36.0
674,POWER SAVING,39.0,862.0,41.0,45.0,48.0,300,manual,0.0,0.0
675,POWER SAVING,284.0,856.0,43.0,56.0,57.0,1472,manual,100.0,34.0
676,POWER SAVING,292.0,850.0,44.0,58.0,57.0,1472,manual,100.0,42.0
677,POWER SAVING,211.0,893.0,43.0,52.0,54.0,1502,manual,89.0,31.0
678,POWER SAVING,261.0,881.0,42.0,50.0,52.0,1502,manual,91.0,32.0
679,POWER SAVING,331.0,906.0,43.0,56.0,56.0,1502,manual,94.0,34.0
680,POWER SAVING,74.0,875.0,44.0,57.0,57.0,1502,manual,32.0,12.0
681,POWER SAVING,299.0,912.0,44.0,58.0,57.0,1472,manual,100.0,40.0
682,POWER SAVING,268.0,931.0,44.0,58.0,57.0,1430,manual,100.0,56.0
683,POWER SAVING,39.0,662.0,42.0,47.0,51.0,300,manual,0.0,0.0
684,POWER SAVING,318.0,893.0,44.0,57.0,56.0,1430,manual,99.0,34.0
685,POWER SAVING,307.0,850.0,44.0,57.0,57.0,1472,manual,96.0,48.0
686,POWER SAVING,303.0,900.0,42.0,51.0,52.0,1472,manual,95.0,50.0
687,POWER SAVING,240.0,925.0,43.0,56.0,56.0,1502,manual,84.0,24.0
688,POWER SAVING,246.0,887.0,44.0,58.0,58.0,1472,manual,100.0,48.0
689,POWER SAVING,356.0,937.0,44.0,58.0,58.0,1430,manual,100.0,38.0
690,POWER SAVING,245.0,925.0,44.0,58.0,58.0,1472,manual,100.0,50.0
691,POWER SAVING,267.0,868.0,44.0,58.0,58.0,1430,manual,100.0,54.0
692,POWER SAVING,291.0,887.0,43.0,53.0,54.0,1502,manual,97.0,39.0
693,POWER SAVING,303.0,893.0,42.0,51.0,53.0,1472,manual,96.0,50.0
694,POWER SAVING,319.0,906.0,44.0,57.0,57.0,1472,manual,96.0,50.0
695,POWER SAVING,213.0,925.0,42.0,48.0,51.0,1502,manual,91.0,45.0
696,POWER SAVING,339.0,875.0,44.0,57.0,58.0,1430,manual,100.0,38.0
697,POWER SAVING,293.0,893.0,44.0,57.0,58.0,1472,manual,100.0,35.0
698,POWER SAVING,318.0,893.0,44.0,58.0,58.0,1472,manual,100.0,43.0
699,POWER SAVING,325.0,887.0,42.0,51.0,52.0,1472,manual,93.0,43.0
700,POWER SAVING,307.0,925.0,44.0,57.0,55.0,1472,manual,91.0,44.0
701,POWER SAVING,289.0,887.0,44.0,58.0,56.0,1502,manual,90.0,27.0
702,POWER SAVING,202.0,893.0,44.0,58.0,56.0,1502,manual,85.0,41.0
703,POWER SAVING,328.0,912.0,44.0,58.0,55.0,1472,manual,94.0,45.0
704,POWER SAVING,288.0,906.0,44.0,58.0,56.0,1472,manual,92.0,41.0
705,POWER SAVING,257.0,887.0,44.0,58.0,56.0,1502,manual,87.0,44.0
706,POWER SAVING,58.0,893.0,44.0,58.0,56.0,1502,manual,21.0,11.0
707,POWER SAVING,123.0,881.0,44.0,59.0,57.0,1502,manual,60.0,15.0
708,POWER SAVING,266.0,912.0,45.0,58.0,56.0,1472,manual,92.0,45.0
709,POWER SAVING,342.0,900.0,45.0,59.0,57.0,1472,manual,89.0,29.0
710,POWER SAVING,243.0,900.0,45.0,59.0,57.0,1502,manual,83.0,35.0
711,POWER SAVING,247.0,906.0,45.0,58.0,56.0,1502,manual,90.0,38.0
712,POWER SAVING,317.0,912.0,45.0,59.0,56.0,1472,manual,95.0,43.0
713,POWER SAVING,311.0,925.0,45.0,59.0,57.0,1472,manual,89.0,30.0
714,POWER SAVING,314.0,906.0,45.0,59.0,55.0,1472,manual,94.0,41.0
715,POWER SAVING,330.0,893.0,45.0,59.0,57.0,1472,manual,93.0,40.0
716,POWER SAVING,311.0,893.0,45.0,59.0,57.0,1472,manual,93.0,41.0
717,POWER SAVING,301.0,893.0,45.0,59.0,57.0,1472,manual,90.0,26.0
718,POWER SAVING,248.0,912.0,45.0,59.0,57.0,1502,manual,83.0,34.0
719,POWER SAVING,325.0,906.0,45.0,59.0,56.0,1430,manual,96.0,42.0
720,POWER SAVING,318.0,887.0,45.0,59.0,57.0,1472,manual,92.0,38.0
721,POWER SAVING,319.0,925.0,46.0,59.0,56.0,1472,manual,90.0,32.0
722,POWER SAVING,327.0,906.0,45.0,59.0,56.0,1472,manual,96.0,43.0
723,POWER SAVING,262.0,906.0,46.0,59.0,56.0,1502,manual,89.0,36.0
724,POWER SAVING,315.0,893.0,45.0,60.0,57.0,1472,manual,92.0,33.0
725,POWER SAVING,39.0,662.0,43.0,47.0,49.0,300,manual,0.0,0.0
726,POWER SAVING,39.0,662.0,41.0,45.0,47.0,300,manual,0.0,0.0
727,POWER SAVING,39.0,662.0,41.0,44.0,46.0,300,manual,0.0,0.0
728,POWER SAVING,39.0,662.0,40.0,43.0,47.0,300,manual,0.0,0.0
