index,power_profile,power_usage,voltage,edge_temperature,junction_temperature,memory_temperature,sclk,performance,gpu_usage,memory_usage
0,COMPUTE,39.0,662.0,32.0,35.0,39.0,300,manual,0.0,0.0
1,COMPUTE,39.0,668.0,32.0,35.0,39.0,300,manual,0.0,0.0
2,COMPUTE,39.0,662.0,31.0,35.0,39.0,300,manual,0.0,0.0
3,COMPUTE,39.0,662.0,31.0,35.0,39.0,300,manual,0.0,0.0
4,COMPUTE,37.0,662.0,31.0,35.0,39.0,300,manual,0.0,0.0
5,COMPUTE,39.0,668.0,31.0,35.0,39.0,300,manual,0.0,0.0
6,COMPUTE,39.0,668.0,31.0,35.0,39.0,300,manual,0.0,0.0
7,COMPUTE,39.0,668.0,30.0,34.0,38.0,300,manual,0.0,0.0
8,COMPUTE,39.0,662.0,31.0,34.0,38.0,300,manual,0.0,0.0
9,COMPUTE,49.0,912.0,30.0,34.0,38.0,300,manual,1.0,0.0
10,COMPUTE,39.0,662.0,30.0,34.0,38.0,300,manual,0.0,0.0
11,COMPUTE,39.0,925.0,30.0,34.0,38.0,300,manual,0.0,0.0
12,COMPUTE,39.0,662.0,30.0,34.0,38.0,300,manual,0.0,0.0
13,COMPUTE,37.0,668.0,30.0,34.0,38.0,300,manual,0.0,0.0
14,COMPUTE,38.0,668.0,30.0,34.0,38.0,300,manual,0.0,0.0
15,COMPUTE,84.0,662.0,29.0,35.0,37.0,1502,manual,7.0,0.0
16,COMPUTE,36.0,675.0,29.0,33.0,37.0,300,manual,0.0,0.0
17,COMPUTE,37.0,662.0,29.0,33.0,37.0,300,manual,0.0,0.0
18,COMPUTE,35.0,668.0,29.0,33.0,37.0,300,manual,0.0,0.0
19,COMPUTE,35.0,662.0,29.0,32.0,37.0,300,manual,0.0,0.0
20,COMPUTE,36.0,662.0,29.0,32.0,37.0,300,manual,0.0,0.0
21,COMPUTE,36.0,668.0,28.0,33.0,37.0,300,manual,0.0,0.0
22,COMPUTE,35.0,675.0,29.0,32.0,36.0,300,manual,0.0,0.0
23,COMPUTE,35.0,662.0,28.0,32.0,36.0,300,manual,0.0,0.0
24,COMPUTE,35.0,662.0,28.0,32.0,36.0,300,manual,0.0,0.0
25,COMPUTE,37.0,662.0,28.0,32.0,36.0,300,manual,0.0,0.0
26,COMPUTE,36.0,668.0,28.0,32.0,36.0,300,manual,0.0,0.0
27,COMPUTE,35.0,662.0,28.0,32.0,36.0,300,manual,0.0,0.0
28,COMPUTE,36.0,668.0,28.0,31.0,36.0,300,manual,0.0,0.0
29,COMPUTE,36.0,662.0,28.0,32.0,36.0,300,manual,0.0,0.0
30,COMPUTE,36.0,662.0,27.0,31.0,36.0,300,manual,0.0,0.0
31,COMPUTE,35.0,668.0,27.0,32.0,36.0,300,manual,0.0,0.0
32,COMPUTE,54.0,668.0,27.0,32.0,36.0,300,manual,5.0,5.0
33,COMPUTE,38.0,662.0,27.0,31.0,35.0,300,manual,0.0,0.0
34,COMPUTE,39.0,662.0,27.0,31.0,35.0,300,manual,0.0,0.0
35,COMPUTE,37.0,662.0,27.0,32.0,35.0,300,manual,0.0,0.0
36,COMPUTE,36.0,662.0,27.0,31.0,35.0,300,manual,0.0,0.0
37,COMPUTE,38.0,662.0,27.0,31.0,35.0,300,manual,0.0,0.0
38,COMPUTE,37.0,918.0,27.0,31.0,35.0,300,manual,0.0,0.0
39,COMPUTE,38.0,893.0,27.0,31.0,35.0,300,manual,0.0,0.0
40,COMPUTE,38.0,662.0,26.0,30.0,35.0,300,manual,0.0,0.0
41,COMPUTE,37.0,668.0,26.0,30.0,35.0,300,manual,0.0,0.0
42,COMPUTE,36.0,662.0,26.0,30.0,35.0,300,manual,0.0,0.0
43,COMPUTE,38.0,662.0,26.0,30.0,33.0,300,manual,0.0,0.0
44,COMPUTE,38.0,662.0,26.0,31.0,33.0,300,manual,0.0,0.0
45,COMPUTE,35.0,662.0,26.0,30.0,33.0,1502,manual,0.0,0.0
46,COMPUTE,36.0,925.0,26.0,30.0,33.0,300,manual,1.0,0.0
47,COMPUTE,38.0,662.0,26.0,30.0,33.0,300,manual,0.0,0.0
48,COMPUTE,37.0,668.0,26.0,30.0,33.0,300,manual,0.0,0.0
49,COMPUTE,39.0,662.0,26.0,30.0,33.0,300,manual,0.0,0.0
50,COMPUTE,37.0,662.0,26.0,29.0,34.0,300,manual,1.0,0.0
51,COMPUTE,37.0,662.0,26.0,30.0,34.0,300,manual,0.0,0.0
52,COMPUTE,36.0,668.0,25.0,30.0,33.0,300,manual,1.0,0.0
53,COMPUTE,38.0,662.0,25.0,30.0,33.0,300,manual,0.0,0.0
54,COMPUTE,36.0,668.0,25.0,29.0,33.0,300,manual,0.0,0.0
55,COMPUTE,35.0,668.0,25.0,29.0,33.0,300,manual,0.0,0.0
56,COMPUTE,36.0,675.0,25.0,29.0,34.0,300,manual,0.0,0.0
57,COMPUTE,35.0,662.0,25.0,29.0,33.0,300,manual,0.0,0.0
58,COMPUTE,35.0,675.0,25.0,29.0,34.0,300,manual,0.0,0.0
59,COMPUTE,37.0,668.0,25.0,29.0,32.0,300,manual,0.0,0.0
60,COMPUTE,37.0,887.0,25.0,29.0,32.0,300,manual,0.0,0.0
61,COMPUTE,241.0,931.0,28.0,39.0,38.0,1502,manual,99.0,9.0
62,COMPUTE,234.0,906.0,29.0,42.0,39.0,1502,manual,98.0,19.0
63,COMPUTE,252.0,906.0,30.0,44.0,40.0,1502,manual,98.0,20.0
64,COMPUTE,53.0,906.0,31.0,44.0,41.0,1502,manual,26.0,0.0
65,COMPUTE,297.0,893.0,31.0,45.0,41.0,1502,manual,99.0,29.0
66,COMPUTE,319.0,875.0,31.0,44.0,41.0,1472,manual,92.0,18.0
67,COMPUTE,193.0,893.0,31.0,44.0,41.0,1502,manual,99.0,15.0
68,COMPUTE,283.0,925.0,31.0,45.0,42.0,1502,manual,99.0,16.0
69,COMPUTE,290.0,893.0,32.0,45.0,42.0,1502,manual,65.0,29.0
70,COMPUTE,301.0,887.0,32.0,45.0,42.0,1472,manual,99.0,20.0
71,COMPUTE,198.0,906.0,32.0,44.0,43.0,1502,manual,99.0,18.0
72,COMPUTE,68.0,918.0,32.0,46.0,43.0,1502,manual,12.0,0.0
73,COMPUTE,39.0,675.0,31.0,38.0,40.0,300,manual,0.0,0.0
74,COMPUTE,37.0,662.0,30.0,33.0,38.0,300,manual,0.0,0.0
75,COMPUTE,293.0,893.0,31.0,38.0,40.0,1502,manual,99.0,14.0
76,COMPUTE,284.0,881.0,30.0,34.0,38.0,1502,manual,98.0,25.0
77,COMPUTE,282.0,906.0,32.0,45.0,42.0,1502,manual,99.0,22.0
78,COMPUTE,300.0,918.0,33.0,46.0,42.0,1502,manual,99.0,16.0
79,COMPUTE,321.0,906.0,33.0,46.0,43.0,1472,manual,98.0,20.0
80,COMPUTE,130.0,868.0,33.0,47.0,43.0,1502,manual,89.0,15.0
81,COMPUTE,273.0,925.0,34.0,48.0,44.0,1502,manual,57.0,27.0
82,COMPUTE,279.0,881.0,33.0,47.0,43.0,1502,manual,99.0,15.0
83,COMPUTE,105.0,906.0,34.0,47.0,45.0,1502,manual,27.0,17.0
84,COMPUTE,182.0,893.0,34.0,46.0,44.0,1502,manual,99.0,11.0
85,COMPUTE,252.0,906.0,34.0,48.0,45.0,1502,manual,67.0,32.0
86,COMPUTE,231.0,887.0,35.0,47.0,44.0,1502,manual,100.0,37.0
87,COMPUTE,238.0,900.0,34.0,47.0,43.0,1502,manual,99.0,16.0
88,COMPUTE,69.0,918.0,35.0,49.0,43.0,1502,manual,32.0,6.0
89,COMPUTE,295.0,668.0,34.0,48.0,44.0,1502,manual,99.0,13.0
90,COMPUTE,316.0,662.0,35.0,47.0,43.0,1502,manual,81.0,31.0
91,COMPUTE,255.0,906.0,34.0,46.0,44.0,1502,manual,99.0,13.0
92,COMPUTE,301.0,918.0,35.0,48.0,43.0,1472,manual,100.0,28.0
93,COMPUTE,289.0,881.0,35.0,48.0,45.0,1502,manual,99.0,15.0
94,COMPUTE,290.0,943.0,35.0,49.0,45.0,1502,manual,97.0,23.0
95,COMPUTE,253.0,912.0,36.0,50.0,44.0,1502,manual,100.0,14.0
96,COMPUTE,314.0,893.0,36.0,48.0,44.0,1502,manual,90.0,17.0
97,COMPUTE,249.0,906.0,36.0,49.0,45.0,1502,manual,69.0,32.0
98,COMPUTE,257.0,900.0,36.0,49.0,45.0,1502,manual,99.0,17.0
99,COMPUTE,213.0,906.0,36.0,50.0,46.0,1502,manual,99.0,17.0
100,COMPUTE,87.0,925.0,37.0,51.0,46.0,1502,manual,47.0,4.0
101,COMPUTE,251.0,893.0,37.0,50.0,46.0,1502,manual,99.0,15.0
102,COMPUTE,296.0,912.0,37.0,50.0,46.0,1502,manual,99.0,11.0
103,COMPUTE,259.0,893.0,37.0,51.0,46.0,1502,manual,100.0,14.0
104,COMPUTE,297.0,900.0,36.0,46.0,44.0,1502,manual,99.0,15.0
105,COMPUTE,283.0,893.0,35.0,44.0,44.0,1502,manual,100.0,37.0
106,COMPUTE,219.0,906.0,37.0,49.0,45.0,1502,manual,93.0,11.0
107,COMPUTE,78.0,925.0,37.0,51.0,46.0,1502,manual,24.0,1.0
108,COMPUTE,269.0,912.0,37.0,51.0,46.0,1502,manual,99.0,16.0
109,COMPUTE,283.0,906.0,37.0,51.0,47.0,1502,manual,90.0,29.0
110,COMPUTE,240.0,881.0,37.0,50.0,46.0,1502,manual,99.0,11.0
111,COMPUTE,258.0,906.0,37.0,50.0,47.0,1502,manual,99.0,8.0
112,COMPUTE,295.0,956.0,38.0,52.0,47.0,1502,manual,89.0,32.0
113,COMPUTE,272.0,912.0,37.0,51.0,47.0,1502,manual,99.0,23.0
114,COMPUTE,248.0,893.0,38.0,51.0,46.0,1502,manual,98.0,22.0
115,COMPUTE,284.0,893.0,38.0,52.0,47.0,1502,manual,90.0,29.0
116,COMPUTE,265.0,918.0,38.0,51.0,46.0,1502,manual,99.0,12.0
117,COMPUTE,291.0,912.0,38.0,51.0,47.0,1502,manual,99.0,12.0
118,COMPUTE,190.0,675.0,38.0,52.0,47.0,1502,manual,99.0,21.0
119,COMPUTE,41.0,662.0,38.0,50.0,47.0,300,manual,4.0,0.0
120,COMPUTE,308.0,906.0,38.0,50.0,46.0,1472,manual,99.0,14.0
121,COMPUTE,273.0,912.0,38.0,50.0,47.0,1502,manual,93.0,14.0
122,COMPUTE,280.0,906.0,38.0,52.0,47.0,1502,manual,98.0,21.0
123,COMPUTE,287.0,925.0,38.0,52.0,47.0,1502,manual,100.0,41.0
124,COMPUTE,272.0,912.0,39.0,52.0,47.0,1502,manual,99.0,24.0
125,COMPUTE,221.0,893.0,39.0,52.0,48.0,1502,manual,96.0,16.0
126,COMPUTE,195.0,906.0,39.0,52.0,48.0,1502,manual,99.0,15.0
127,COMPUTE,87.0,887.0,39.0,53.0,48.0,1502,manual,25.0,11.0
128,COMPUTE,67.0,925.0,40.0,53.0,48.0,1502,manual,16.0,2.0
129,COMPUTE,310.0,906.0,39.0,53.0,48.0,1472,manual,99.0,28.0
130,COMPUTE,285.0,912.0,39.0,52.0,48.0,1502,manual,98.0,18.0
131,COMPUTE,155.0,943.0,39.0,51.0,48.0,1502,manual,87.0,10.0
132,COMPUTE,298.0,893.0,39.0,54.0,49.0,1502,manual,69.0,35.0
133,COMPUTE,75.0,931.0,39.0,49.0,46.0,1502,manual,20.0,0.0
134,COMPUTE,260.0,925.0,39.0,50.0,46.0,1502,manual,100.0,42.0
135,COMPUTE,255.0,893.0,39.0,51.0,48.0,1502,manual,99.0,16.0
136,COMPUTE,289.0,881.0,40.0,53.0,48.0,1502,manual,93.0,30.0
137,COMPUTE,77.0,925.0,40.0,54.0,49.0,1502,manual,33.0,3.0
138,COMPUTE,303.0,931.0,39.0,53.0,48.0,1472,manual,99.0,15.0
139,COMPUTE,326.0,893.0,40.0,53.0,48.0,1472,manual,98.0,20.0
140,COMPUTE,51.0,875.0,40.0,53.0,48.0,1502,manual,35.0,6.0
141,COMPUTE,276.0,925.0,40.0,54.0,48.0,1502,manual,99.0,26.0
142,COMPUTE,207.0,893.0,40.0,52.0,48.0,1502,manual,94.0,16.0
143,COMPUTE,280.0,918.0,40.0,54.0,49.0,1502,manual,98.0,21.0
144,COMPUTE,56.0,893.0,40.0,54.0,49.0,300,manual,10.0,2.0
145,COMPUTE,288.0,912.0,40.0,54.0,48.0,1502,manual,100.0,26.0
146,COMPUTE,255.0,893.0,40.0,54.0,49.0,1502,manual,99.0,12.0
147,COMPUTE,293.0,893.0,39.0,50.0,47.0,1502,manual,98.0,24.0
148,COMPUTE,289.0,925.0,38.0,43.0,45.0,1502,manual,95.0,30.0
149,COMPUTE,278.0,918.0,39.0,52.0,47.0,1502,manual,99.0,17.0
150,COMPUTE,303.0,906.0,40.0,54.0,48.0,1502,manual,75.0,30.0
151,COMPUTE,275.0,918.0,40.0,54.0,49.0,1502,manual,100.0,31.0
152,COMPUTE,332.0,906.0,40.0,53.0,49.0,1472,manual,97.0,22.0
153,COMPUTE,305.0,937.0,40.0,54.0,50.0,1502,manual,85.0,30.0
154,COMPUTE,270.0,893.0,40.0,54.0,49.0,1502,manual,100.0,46.0
155,COMPUTE,329.0,918.0,40.0,54.0,49.0,1472,manual,99.0,8.0
156,COMPUTE,234.0,906.0,40.0,54.0,50.0,1502,manual,99.0,7.0
157,COMPUTE,150.0,931.0,41.0,54.0,49.0,1502,manual,63.0,8.0
158,COMPUTE,307.0,881.0,41.0,54.0,49.0,1502,manual,99.0,15.0
159,COMPUTE,217.0,906.0,41.0,53.0,50.0,1502,manual,95.0,16.0
160,COMPUTE,303.0,906.0,41.0,55.0,50.0,1502,manual,78.0,35.0
161,COMPUTE,303.0,662.0,41.0,54.0,49.0,1472,manual,99.0,12.0
162,COMPUTE,236.0,662.0,41.0,54.0,49.0,1502,manual,99.0,17.0
163,COMPUTE,306.0,925.0,40.0,52.0,49.0,1502,manual,99.0,16.0
164,COMPUTE,240.0,900.0,40.0,54.0,49.0,1502,manual,99.0,16.0
165,COMPUTE,285.0,906.0,41.0,54.0,49.0,1502,manual,100.0,33.0
166,COMPUTE,283.0,893.0,41.0,54.0,50.0,1502,manual,97.0,19.0
167,COMPUTE,41.0,931.0,41.0,55.0,50.0,300,manual,1.0,0.0
168,COMPUTE,214.0,893.0,41.0,54.0,50.0,1502,manual,95.0,15.0
169,COMPUTE,62.0,925.0,41.0,55.0,50.0,1502,manual,25.0,1.0
170,COMPUTE,170.0,893.0,41.0,54.0,50.0,1502,manual,99.0,14.0
171,COMPUTE,284.0,912.0,41.0,54.0,49.0,1502,manual,99.0,10.0
172,COMPUTE,268.0,925.0,41.0,55.0,49.0,1502,manual,100.0,44.0
173,COMPUTE,181.0,900.0,41.0,54.0,50.0,1502,manual,99.0,10.0
174,COMPUTE,298.0,906.0,41.0,55.0,50.0,1502,manual,96.0,30.0
175,COMPUTE,295.0,912.0,41.0,54.0,48.0,1502,manual,99.0,18.0
176,COMPUTE,266.0,906.0,41.0,51.0,48.0,1502,manual,98.0,17.0
177,COMPUTE,39.0,662.0,39.0,43.0,45.0,300,manual,0.0,0.0
178,COMPUTE,39.0,668.0,37.0,41.0,44.0,300,manual,0.0,0.0
179,COMPUTE,39.0,662.0,37.0,41.0,43.0,300,manual,0.0,0.0
