index,power_profile,power_usage,voltage,edge_temperature,junction_temperature,memory_temperature,sclk,performance,gpu_usage,memory_usage
0,COMPUTE,39.0,662.0,39.0,43.0,46.0,300,auto,0.0,0.0
1,COMPUTE,39.0,662.0,39.0,43.0,46.0,300,auto,0.0,0.0
2,COMPUTE,39.0,662.0,38.0,42.0,45.0,300,auto,0.0,0.0
3,COMPUTE,39.0,668.0,38.0,42.0,45.0,300,auto,0.0,0.0
4,COMPUTE,39.0,668.0,38.0,41.0,45.0,300,auto,0.0,0.0
5,COMPUTE,39.0,662.0,37.0,41.0,45.0,300,auto,0.0,0.0
6,COMPUTE,39.0,662.0,37.0,41.0,44.0,300,auto,0.0,0.0
7,COMPUTE,39.0,662.0,37.0,41.0,44.0,300,auto,0.0,0.0
8,COMPUTE,39.0,662.0,36.0,40.0,44.0,300,auto,0.0,0.0
9,COMPUTE,39.0,662.0,36.0,40.0,44.0,300,auto,0.0,0.0
10,COMPUTE,283.0,881.0,39.0,52.0,46.0,1472,auto,100.0,14.0
11,COMPUTE,328.0,875.0,40.0,49.0,46.0,1472,auto,99.0,13.0
12,COMPUTE,331.0,881.0,42.0,56.0,48.0,1472,auto,100.0,13.0
13,COMPUTE,285.0,887.0,42.0,57.0,48.0,1472,auto,100.0,12.0
14,COMPUTE,300.0,881.0,42.0,56.0,47.0,1472,auto,100.0,13.0
15,COMPUTE,41.0,900.0,41.0,53.0,47.0,300,auto,0.0,0.0
16,COMPUTE,267.0,881.0,42.0,58.0,49.0,1472,auto,100.0,9.0
17,COMPUTE,279.0,887.0,43.0,58.0,49.0,1472,auto,100.0,12.0
18,COMPUTE,317.0,856.0,42.0,52.0,48.0,1430,auto,100.0,14.0
19,COMPUTE,288.0,881.0,43.0,58.0,49.0,1472,auto,100.0,10.0
20,COMPUTE,306.0,893.0,43.0,59.0,49.0,1472,auto,100.0,11.0
21,COMPUTE,281.0,887.0,43.0,58.0,50.0,1472,auto,100.0,10.0
22,COMPUTE,263.0,862.0,43.0,56.0,50.0,1472,auto,100.0,13.0
23,COMPUTE,214.0,662.0,44.0,59.0,50.0,1502,auto,100.0,14.0
24,COMPUTE,257.0,850.0,43.0,58.0,50.0,1472,auto,99.0,10.0
25,COMPUTE,295.0,881.0,43.0,56.0,50.0,1472,auto,100.0,13.0
26,COMPUTE,278.0,881.0,43.0,59.0,50.0,1502,auto,100.0,12.0
27,COMPUTE,333.0,881.0,44.0,58.0,49.0,1430,auto,99.0,13.0
28,COMPUTE,280.0,887.0,44.0,59.0,50.0,1472,auto,100.0,10.0
29,COMPUTE,330.0,662.0,44.0,59.0,51.0,1472,auto,99.0,13.0
30,COMPUTE,316.0,881.0,44.0,59.0,51.0,1472,auto,100.0,13.0
31,COMPUTE,290.0,893.0,44.0,60.0,50.0,1472,auto,100.0,11.0
32,COMPUTE,295.0,881.0,44.0,60.0,50.0,1472,auto,99.0,14.0
33,COMPUTE,269.0,862.0,44.0,57.0,50.0,1430,auto,100.0,14.0
34,COMPUTE,292.0,850.0,44.0,60.0,51.0,1472,auto,100.0,12.0
35,COMPUTE,212.0,881.0,45.0,61.0,51.0,1502,auto,100.0,11.0
36,COMPUTE,293.0,906.0,44.0,54.0,50.0,1502,auto,98.0,10.0
37,COMPUTE,282.0,881.0,45.0,61.0,51.0,1472,auto,100.0,11.0
38,COMPUTE,271.0,875.0,45.0,60.0,52.0,1472,auto,99.0,11.0
39,COMPUTE,329.0,881.0,45.0,61.0,52.0,1430,auto,100.0,12.0
40,COMPUTE,301.0,881.0,45.0,60.0,51.0,1472,auto,100.0,14.0
41,COMPUTE,316.0,850.0,44.0,57.0,51.0,1472,auto,100.0,13.0
42,COMPUTE,315.0,881.0,45.0,61.0,52.0,1472,auto,100.0,13.0
43,COMPUTE,317.0,875.0,46.0,61.0,52.0,1430,auto,100.0,13.0
44,COMPUTE,307.0,856.0,45.0,61.0,52.0,1472,auto,100.0,10.0
45,COMPUTE,334.0,881.0,45.0,60.0,52.0,1430,auto,100.0,13.0
46,COMPUTE,287.0,881.0,45.0,61.0,52.0,1472,auto,100.0,11.0
47,COMPUTE,291.0,881.0,46.0,61.0,52.0,1472,auto,100.0,13.0
48,COMPUTE,290.0,893.0,45.0,61.0,52.0,1472,auto,100.0,8.0
49,COMPUTE,44.0,893.0,46.0,60.0,51.0,300,auto,0.0,0.0
50,COMPUTE,227.0,856.0,46.0,62.0,52.0,1502,auto,100.0,11.0
51,COMPUTE,289.0,881.0,46.0,61.0,52.0,1472,auto,99.0,13.0
52,COMPUTE,267.0,881.0,46.0,61.0,52.0,1472,auto,100.0,10.0
53,COMPUTE,287.0,881.0,46.0,61.0,52.0,1430,auto,100.0,14.0
54,COMPUTE,263.0,925.0,46.0,62.0,53.0,1472,auto,99.0,10.0
55,COMPUTE,309.0,881.0,46.0,61.0,52.0,1430,auto,99.0,14.0
56,COMPUTE,306.0,893.0,46.0,61.0,51.0,1472,auto,100.0,12.0
57,COMPUTE,287.0,893.0,46.0,60.0,51.0,1472,auto,100.0,11.0
58,COMPUTE,289.0,850.0,46.0,62.0,53.0,1430,auto,99.0,13.0
59,COMPUTE,258.0,856.0,47.0,62.0,52.0,1502,auto,99.0,11.0
60,COMPUTE,289.0,893.0,46.0,61.0,53.0,1472,auto,100.0,10.0
61,COMPUTE,330.0,856.0,46.0,60.0,52.0,1430,auto,100.0,13.0
62,COMPUTE,271.0,900.0,47.0,62.0,53.0,1430,auto,100.0,11.0
63,COMPUTE,264.0,881.0,46.0,59.0,52.0,1472,auto,100.0,12.0
64,COMPUTE,291.0,862.0,47.0,62.0,53.0,1472,auto,100.0,13.0
65,COMPUTE,269.0,856.0,46.0,59.0,52.0,1430,auto,100.0,11.0
66,COMPUTE,339.0,862.0,46.0,62.0,53.0,1472,auto,100.0,11.0
67,COMPUTE,318.0,893.0,47.0,63.0,53.0,1472,auto,100.0,14.0
68,COMPUTE,114.0,862.0,46.0,56.0,52.0,1502,auto,42.0,9.0
69,COMPUTE,50.0,881.0,46.0,57.0,52.0,1502,auto,11.0,2.0
70,COMPUTE,269.0,850.0,47.0,62.0,53.0,1430,auto,99.0,13.0
71,COMPUTE,44.0,893.0,46.0,57.0,52.0,300,auto,0.0,0.0
72,COMPUTE,289.0,881.0,46.0,62.0,53.0,1472,auto,100.0,11.0
73,COMPUTE,293.0,881.0,47.0,62.0,53.0,1472,auto,100.0,11.0
74,COMPUTE,43.0,881.0,46.0,57.0,52.0,300,auto,0.0,0.0
75,COMPUTE,337.0,881.0,47.0,62.0,53.0,1430,auto,100.0,13.0
76,COMPUTE,272.0,881.0,47.0,61.0,53.0,1472,auto,100.0,12.0
77,COMPUTE,265.0,887.0,47.0,61.0,53.0,1430,auto,100.0,10.0
78,COMPUTE,44.0,881.0,47.0,63.0,53.0,300,auto,7.0,0.0
79,COMPUTE,278.0,881.0,47.0,63.0,53.0,1472,auto,99.0,11.0
80,COMPUTE,219.0,868.0,47.0,63.0,54.0,1472,auto,100.0,8.0
81,COMPUTE,284.0,900.0,47.0,63.0,53.0,1472,auto,100.0,11.0
82,COMPUTE,225.0,881.0,47.0,62.0,53.0,1472,auto,100.0,12.0
83,COMPUTE,285.0,906.0,48.0,63.0,53.0,1430,auto,100.0,12.0
84,COMPUTE,299.0,862.0,48.0,63.0,54.0,1472,auto,100.0,13.0
85,COMPUTE,286.0,875.0,47.0,60.0,53.0,1472,auto,100.0,14.0
86,COMPUTE,279.0,856.0,47.0,63.0,54.0,1430,auto,100.0,9.0
87,COMPUTE,322.0,881.0,48.0,63.0,53.0,1472,auto,99.0,12.0
88,COMPUTE,311.0,881.0,48.0,63.0,54.0,1430,auto,99.0,14.0
89,COMPUTE,269.0,887.0,48.0,63.0,54.0,1430,auto,100.0,12.0
90,COMPUTE,275.0,862.0,48.0,64.0,54.0,1430,auto,100.0,12.0
91,COMPUTE,292.0,887.0,48.0,63.0,54.0,1472,auto,100.0,14.0
92,COMPUTE,285.0,856.0,48.0,63.0,53.0,1472,auto,100.0,14.0
93,COMPUTE,278.0,925.0,48.0,64.0,54.0,1472,auto,100.0,12.0
94,COMPUTE,330.0,881.0,48.0,64.0,53.0,1472,auto,100.0,12.0
95,COMPUTE,334.0,856.0,48.0,62.0,54.0,1472,auto,100.0,11.0
96,COMPUTE,258.0,887.0,48.0,63.0,54.0,1502,auto,99.0,10.0
97,COMPUTE,292.0,887.0,48.0,64.0,54.0,1472,auto,100.0,12.0
98,COMPUTE,256.0,893.0,48.0,63.0,54.0,1472,auto,100.0,9.0
99,COMPUTE,289.0,881.0,48.0,64.0,54.0,1472,auto,100.0,13.0
100,COMPUTE,292.0,912.0,48.0,62.0,54.0,1472,auto,100.0,11.0
101,COMPUTE,314.0,850.0,48.0,64.0,54.0,1430,auto,100.0,13.0
102,COMPUTE,268.0,887.0,47.0,57.0,53.0,1472,auto,99.0,10.0
103,COMPUTE,291.0,881.0,48.0,63.0,54.0,1472,auto,99.0,12.0
104,COMPUTE,287.0,881.0,48.0,64.0,54.0,1430,auto,100.0,13.0
105,COMPUTE,288.0,875.0,48.0,63.0,54.0,1472,auto,100.0,13.0
106,COMPUTE,293.0,662.0,48.0,62.0,54.0,1472,auto,100.0,11.0
107,COMPUTE,262.0,850.0,48.0,64.0,53.0,1472,auto,99.0,11.0
108,COMPUTE,288.0,662.0,48.0,64.0,53.0,1472,auto,100.0,10.0
109,COMPUTE,285.0,881.0,48.0,63.0,53.0,1430,auto,100.0,11.0
110,COMPUTE,99.0,856.0,48.0,58.0,52.0,1502,auto,33.0,3.0
111,COMPUTE,276.0,893.0,48.0,64.0,54.0,1430,auto,100.0,10.0
112,COMPUTE,290.0,887.0,48.0,64.0,53.0,1430,auto,100.0,14.0
113,COMPUTE,287.0,881.0,48.0,64.0,53.0,1472,auto,100.0,13.0
114,COMPUTE,269.0,881.0,48.0,64.0,54.0,1472,auto,100.0,12.0
115,COMPUTE,44.0,900.0,48.0,64.0,54.0,300,auto,8.0,0.0
116,COMPUTE,332.0,881.0,48.0,64.0,54.0,1430,auto,100.0,11.0
117,COMPUTE,288.0,881.0,48.0,61.0,54.0,1472,auto,99.0,9.0
118,COMPUTE,265.0,881.0,48.0,64.0,54.0,1472,auto,99.0,11.0
119,COMPUTE,298.0,906.0,48.0,63.0,53.0,1430,auto,100.0,13.0
120,COMPUTE,271.0,862.0,48.0,63.0,54.0,1472,auto,100.0,13.0
121,COMPUTE,310.0,881.0,48.0,63.0,54.0,1472,auto,100.0,13.0
122,COMPUTE,280.0,862.0,48.0,63.0,53.0,1430,auto,100.0,13.0
123,COMPUTE,215.0,862.0,48.0,64.0,53.0,1472,auto,100.0,8.0
124,COMPUTE,272.0,875.0,49.0,63.0,53.0,1472,auto,100.0,11.0
125,COMPUTE,307.0,662.0,48.0,64.0,54.0,1430,auto,100.0,13.0
126,COMPUTE,296.0,881.0,48.0,63.0,55.0,1472,auto,100.0,14.0
127,COMPUTE,262.0,893.0,48.0,61.0,54.0,1472,auto,100.0,12.0
128,COMPUTE,233.0,881.0,48.0,64.0,54.0,1472,auto,100.0,11.0
129,COMPUTE,278.0,662.0,48.0,64.0,55.0,1472,auto,100.0,13.0
130,COMPUTE,292.0,881.0,48.0,64.0,55.0,1472,auto,100.0,10.0
131,COMPUTE,295.0,856.0,49.0,64.0,54.0,1430,auto,100.0,12.0
132,COMPUTE,261.0,856.0,49.0,64.0,55.0,1472,auto,100.0,13.0
133,COMPUTE,44.0,881.0,49.0,64.0,54.0,300,auto,0.0,0.0
134,COMPUTE,285.0,881.0,49.0,64.0,55.0,1472,auto,99.0,14.0
135,COMPUTE,267.0,906.0,49.0,64.0,54.0,1472,auto,99.0,11.0
136,COMPUTE,273.0,662.0,49.0,64.0,55.0,1472,auto,100.0,10.0
137,COMPUTE,249.0,893.0,48.0,64.0,55.0,1502,auto,99.0,10.0
138,COMPUTE,292.0,900.0,49.0,65.0,55.0,1472,auto,100.0,12.0
139,COMPUTE,301.0,881.0,49.0,64.0,55.0,1472,auto,100.0,11.0
140,COMPUTE,301.0,881.0,49.0,64.0,55.0,1430,auto,100.0,10.0
141,COMPUTE,274.0,887.0,48.0,62.0,54.0,1430,auto,100.0,10.0
142,COMPUTE,294.0,887.0,49.0,64.0,55.0,1472,auto,99.0,13.0
143,COMPUTE,275.0,881.0,48.0,63.0,55.0,1472,auto,100.0,9.0
144,COMPUTE,271.0,881.0,49.0,64.0,55.0,1472,auto,100.0,11.0
145,COMPUTE,297.0,856.0,49.0,64.0,55.0,1472,auto,100.0,13.0
146,COMPUTE,272.0,850.0,49.0,65.0,55.0,1472,auto,100.0,13.0
147,COMPUTE,324.0,881.0,49.0,64.0,54.0,1430,auto,99.0,12.0
148,COMPUTE,336.0,906.0,48.0,62.0,53.0,1430,auto,100.0,11.0
149,COMPUTE,293.0,856.0,48.0,64.0,55.0,1472,auto,100.0,9.0
150,COMPUTE,296.0,881.0,49.0,65.0,55.0,1472,auto,100.0,12.0
151,COMPUTE,301.0,906.0,48.0,61.0,54.0,1472,auto,100.0,13.0
152,COMPUTE,269.0,887.0,48.0,64.0,55.0,1430,auto,99.0,11.0
153,COMPUTE,272.0,850.0,49.0,63.0,55.0,1430,auto,100.0,11.0
154,COMPUTE,283.0,850.0,48.0,61.0,53.0,1472,auto,99.0,14.0
155,COMPUTE,278.0,881.0,49.0,64.0,55.0,1430,auto,99.0,12.0
156,COMPUTE,269.0,906.0,49.0,64.0,55.0,1472,auto,100.0,13.0
157,COMPUTE,308.0,881.0,49.0,64.0,55.0,1430,auto,100.0,10.0
158,COMPUTE,264.0,856.0,49.0,65.0,55.0,1472,auto,100.0,12.0
159,COMPUTE,278.0,881.0,49.0,64.0,55.0,1472,auto,100.0,11.0
160,COMPUTE,292.0,881.0,49.0,63.0,55.0,1430,auto,100.0,11.0
161,COMPUTE,305.0,881.0,49.0,64.0,55.0,1430,auto,99.0,11.0
162,COMPUTE,337.0,881.0,49.0,64.0,54.0,1430,auto,100.0,11.0
163,COMPUTE,293.0,881.0,49.0,65.0,55.0,1472,auto,100.0,13.0
164,COMPUTE,281.0,668.0,49.0,65.0,55.0,1472,auto,100.0,11.0
165,COMPUTE,287.0,893.0,49.0,64.0,55.0,1472,auto,100.0,14.0
166,COMPUTE,318.0,881.0,48.0,59.0,54.0,1430,auto,99.0,12.0
167,COMPUTE,44.0,887.0,49.0,63.0,53.0,300,auto,0.0,0.0
168,COMPUTE,305.0,668.0,49.0,64.0,55.0,1430,auto,99.0,11.0
169,COMPUTE,214.0,850.0,49.0,64.0,55.0,1472,auto,99.0,8.0
170,COMPUTE,44.0,868.0,49.0,65.0,54.0,300,auto,0.0,0.0
171,COMPUTE,333.0,862.0,49.0,64.0,54.0,1472,auto,99.0,13.0
172,COMPUTE,267.0,887.0,49.0,63.0,54.0,1472,auto,100.0,13.0
173,COMPUTE,300.0,856.0,49.0,64.0,55.0,1430,auto,100.0,12.0
174,COMPUTE,303.0,887.0,49.0,64.0,55.0,1472,auto,100.0,14.0
175,COMPUTE,339.0,893.0,49.0,64.0,54.0,1472,auto,98.0,11.0
176,COMPUTE,290.0,875.0,49.0,64.0,55.0,1472,auto,100.0,11.0
177,COMPUTE,283.0,893.0,49.0,64.0,55.0,1472,auto,100.0,13.0
178,COMPUTE,291.0,881.0,49.0,61.0,54.0,1430,auto,100.0,13.0
179,COMPUTE,298.0,881.0,48.0,62.0,54.0,1472,auto,100.0,10.0
180,COMPUTE,307.0,881.0,49.0,65.0,55.0,1430,auto,100.0,12.0
181,COMPUTE,44.0,881.0,49.0,62.0,53.0,300,auto,0.0,0.0
182,COMPUTE,278.0,850.0,48.0,64.0,55.0,1472,auto,100.0,12.0
183,COMPUTE,299.0,850.0,49.0,63.0,55.0,1472,auto,100.0,12.0
184,COMPUTE,292.0,881.0,48.0,60.0,53.0,1472,auto,100.0,13.0
185,COMPUTE,288.0,893.0,49.0,64.0,55.0,1472,auto,100.0,14.0
186,COMPUTE,325.0,856.0,49.0,64.0,55.0,1430,auto,100.0,14.0
187,COMPUTE,311.0,887.0,48.0,57.0,54.0,1502,auto,72.0,10.0
188,COMPUTE,317.0,881.0,49.0,64.0,55.0,1472,auto,100.0,13.0
189,COMPUTE,278.0,862.0,49.0,64.0,55.0,1430,auto,100.0,12.0
190,COMPUTE,334.0,875.0,49.0,65.0,55.0,1472,auto,100.0,13.0
191,COMPUTE,291.0,893.0,49.0,63.0,55.0,1430,auto,99.0,10.0
192,COMPUTE,316.0,881.0,49.0,64.0,55.0,1472,auto,100.0,8.0
193,COMPUTE,277.0,881.0,49.0,64.0,55.0,1430,auto,100.0,11.0
194,COMPUTE,265.0,862.0,48.0,61.0,54.0,1472,auto,99.0,13.0
195,COMPUTE,306.0,850.0,49.0,64.0,55.0,1430,auto,100.0,10.0
196,COMPUTE,289.0,887.0,49.0,64.0,55.0,1472,auto,100.0,14.0
197,COMPUTE,282.0,881.0,49.0,64.0,55.0,1430,auto,99.0,13.0
198,COMPUTE,260.0,862.0,49.0,64.0,55.0,1472,auto,100.0,13.0
199,COMPUTE,338.0,900.0,49.0,65.0,54.0,1472,auto,100.0,11.0
200,COMPUTE,279.0,881.0,49.0,64.0,54.0,1472,auto,100.0,10.0
201,COMPUTE,283.0,862.0,49.0,63.0,55.0,1472,auto,100.0,12.0
202,COMPUTE,303.0,893.0,49.0,64.0,55.0,1430,auto,100.0,11.0
203,BOOTUP DEFAULT,292.0,662.0,49.0,64.0,55.0,1472,auto,100.0,12.0
204,BOOTUP DEFAULT,272.0,881.0,49.0,63.0,55.0,1430,auto,100.0,12.0
205,BOOTUP DEFAULT,42.0,662.0,45.0,50.0,52.0,300,auto,0.0,0.0
