index,power_profile,power_usage,voltage,edge_temperature,junction_temperature,memory_temperature,sclk,performance,gpu_usage,memory_usage
0,COMPUTE,44.0,656.0,48.0,51.0,51.0,300,auto,0.0,0.0
1,COMPUTE,272.0,900.0,49.0,62.0,64.0,1502,auto,100.0,82.0
2,COMPUTE,276.0,893.0,52.0,67.0,71.0,1502,auto,100.0,82.0
3,COMPUTE,276.0,900.0,52.0,67.0,72.0,1502,auto,100.0,82.0
4,COMPUTE,276.0,893.0,53.0,68.0,73.0,1502,auto,100.0,81.0
5,COMPUTE,277.0,900.0,53.0,68.0,73.0,1502,auto,100.0,82.0
6,COMPUTE,277.0,893.0,53.0,69.0,75.0,1502,auto,100.0,82.0
7,COMPUTE,277.0,900.0,54.0,69.0,74.0,1502,auto,100.0,82.0
8,COMPUTE,277.0,893.0,53.0,69.0,74.0,1502,auto,100.0,82.0
9,COMPUTE,274.0,893.0,54.0,69.0,74.0,1502,auto,100.0,82.0
10,COMPUTE,277.0,893.0,54.0,69.0,75.0,1502,auto,100.0,82.0
11,COMPUTE,277.0,900.0,54.0,69.0,76.0,1502,auto,100.0,81.0
12,COMPUTE,277.0,893.0,54.0,69.0,75.0,1502,auto,100.0,82.0
13,COMPUTE,277.0,900.0,54.0,69.0,76.0,1502,auto,100.0,81.0
14,COMPUTE,277.0,893.0,55.0,70.0,75.0,1502,auto,100.0,82.0
15,COMPUTE,277.0,900.0,54.0,70.0,75.0,1502,auto,100.0,82.0
16,COMPUTE,278.0,893.0,54.0,70.0,75.0,1502,auto,100.0,82.0
17,COMPUTE,278.0,900.0,55.0,70.0,75.0,1502,auto,100.0,82.0
18,COMPUTE,277.0,900.0,55.0,70.0,75.0,1502,auto,100.0,82.0
19,COMPUTE,277.0,900.0,55.0,70.0,76.0,1502,auto,100.0,82.0
20,COMPUTE,277.0,893.0,55.0,70.0,75.0,1502,auto,100.0,79.0
21,COMPUTE,277.0,893.0,55.0,70.0,77.0,1502,auto,100.0,82.0
22,COMPUTE,277.0,900.0,55.0,71.0,77.0,1502,auto,100.0,82.0
23,COMPUTE,277.0,893.0,55.0,71.0,77.0,1502,auto,100.0,82.0
24,COMPUTE,277.0,893.0,55.0,70.0,76.0,1502,auto,100.0,82.0
25,COMPUTE,277.0,893.0,55.0,71.0,76.0,1502,auto,100.0,82.0
26,COMPUTE,277.0,893.0,55.0,71.0,76.0,1502,auto,100.0,82.0
27,COMPUTE,277.0,893.0,55.0,71.0,76.0,1502,auto,100.0,81.0
28,COMPUTE,278.0,893.0,55.0,71.0,76.0,1502,auto,100.0,82.0
29,COMPUTE,277.0,893.0,55.0,71.0,76.0,1502,auto,100.0,82.0
30,COMPUTE,277.0,893.0,56.0,70.0,76.0,1502,auto,100.0,82.0
31,COMPUTE,277.0,893.0,56.0,71.0,76.0,1502,auto,100.0,82.0
32,COMPUTE,277.0,893.0,56.0,71.0,77.0,1502,auto,100.0,82.0
33,COMPUTE,278.0,893.0,56.0,71.0,76.0,1502,auto,100.0,82.0
34,COMPUTE,275.0,893.0,56.0,71.0,78.0,1502,auto,100.0,82.0
35,COMPUTE,279.0,900.0,56.0,71.0,78.0,1502,auto,100.0,82.0
36,COMPUTE,280.0,893.0,56.0,72.0,77.0,1502,auto,100.0,82.0
37,COMPUTE,279.0,893.0,56.0,72.0,78.0,1502,auto,100.0,81.0
38,COMPUTE,279.0,893.0,56.0,72.0,77.0,1502,auto,100.0,82.0
39,COMPUTE,281.0,893.0,56.0,72.0,77.0,1502,auto,100.0,82.0
40,COMPUTE,281.0,893.0,56.0,72.0,77.0,1502,auto,100.0,81.0
41,COMPUTE,279.0,893.0,56.0,72.0,77.0,1502,auto,100.0,81.0
42,COMPUTE,279.0,893.0,56.0,72.0,77.0,1502,auto,100.0,81.0
43,COMPUTE,278.0,893.0,56.0,72.0,77.0,1502,auto,100.0,82.0
44,COMPUTE,278.0,900.0,56.0,72.0,77.0,1502,auto,100.0,81.0
45,COMPUTE,279.0,900.0,56.0,72.0,77.0,1502,auto,100.0,82.0
46,COMPUTE,278.0,893.0,57.0,72.0,77.0,1502,auto,100.0,81.0
47,COMPUTE,280.0,893.0,56.0,73.0,77.0,1502,auto,100.0,82.0
48,COMPUTE,281.0,893.0,57.0,72.0,77.0,1502,auto,100.0,82.0
49,COMPUTE,281.0,893.0,57.0,72.0,77.0,1502,auto,100.0,82.0
50,COMPUTE,280.0,893.0,57.0,72.0,77.0,1502,auto,100.0,82.0
51,COMPUTE,278.0,900.0,57.0,72.0,77.0,1502,auto,100.0,82.0
52,COMPUTE,281.0,893.0,57.0,72.0,78.0,1502,auto,100.0,82.0
53,COMPUTE,278.0,893.0,57.0,72.0,79.0,1502,auto,100.0,81.0
54,COMPUTE,281.0,893.0,57.0,72.0,77.0,1502,auto,100.0,81.0
55,COMPUTE,281.0,893.0,57.0,72.0,78.0,1502,auto,100.0,82.0
56,COMPUTE,281.0,893.0,57.0,72.0,79.0,1502,auto,100.0,82.0
57,COMPUTE,280.0,893.0,57.0,73.0,78.0,1502,auto,100.0,82.0
58,COMPUTE,281.0,893.0,57.0,73.0,79.0,1502,auto,100.0,82.0
59,COMPUTE,281.0,900.0,57.0,73.0,78.0,1502,auto,100.0,82.0
60,COMPUTE,281.0,900.0,57.0,72.0,78.0,1502,auto,100.0,82.0
61,COMPUTE,281.0,900.0,57.0,72.0,79.0,1502,auto,100.0,82.0
62,COMPUTE,281.0,893.0,57.0,73.0,79.0,1502,auto,100.0,82.0
63,COMPUTE,280.0,893.0,57.0,73.0,79.0,1502,auto,100.0,82.0
64,COMPUTE,280.0,893.0,57.0,72.0,78.0,1502,auto,100.0,82.0
65,COMPUTE,281.0,893.0,57.0,73.0,78.0,1502,auto,100.0,81.0
66,COMPUTE,282.0,893.0,57.0,72.0,79.0,1502,auto,100.0,82.0
67,COMPUTE,282.0,900.0,57.0,73.0,79.0,1502,auto,100.0,82.0
68,COMPUTE,282.0,893.0,57.0,73.0,78.0,1502,auto,100.0,82.0
69,COMPUTE,282.0,900.0,57.0,72.0,79.0,1502,auto,100.0,82.0
70,COMPUTE,282.0,893.0,57.0,73.0,78.0,1502,auto,100.0,82.0
71,COMPUTE,281.0,900.0,57.0,73.0,79.0,1502,auto,100.0,82.0
72,COMPUTE,281.0,893.0,57.0,73.0,78.0,1502,auto,100.0,82.0
73,COMPUTE,280.0,893.0,57.0,73.0,79.0,1502,auto,100.0,82.0
74,COMPUTE,280.0,900.0,58.0,72.0,78.0,1502,auto,100.0,81.0
75,COMPUTE,281.0,893.0,57.0,73.0,78.0,1502,auto,100.0,79.0
76,COMPUTE,281.0,893.0,57.0,73.0,78.0,1502,auto,100.0,82.0
77,COMPUTE,280.0,893.0,57.0,73.0,78.0,1502,auto,100.0,82.0
78,COMPUTE,281.0,893.0,57.0,73.0,78.0,1502,auto,100.0,81.0
79,COMPUTE,279.0,893.0,57.0,73.0,78.0,1502,auto,100.0,82.0
80,COMPUTE,282.0,893.0,57.0,73.0,78.0,1502,auto,100.0,82.0
81,COMPUTE,281.0,893.0,57.0,73.0,79.0,1502,auto,100.0,82.0
82,COMPUTE,282.0,893.0,57.0,73.0,78.0,1502,auto,100.0,82.0
83,COMPUTE,282.0,900.0,57.0,72.0,79.0,1502,auto,100.0,82.0
84,COMPUTE,281.0,900.0,57.0,72.0,78.0,1502,auto,100.0,82.0
85,COMPUTE,279.0,893.0,57.0,73.0,78.0,1502,auto,100.0,82.0
86,COMPUTE,280.0,893.0,57.0,73.0,78.0,1502,auto,100.0,82.0
87,COMPUTE,282.0,893.0,57.0,73.0,78.0,1502,auto,100.0,82.0
88,COMPUTE,281.0,893.0,57.0,73.0,78.0,1502,auto,100.0,82.0
89,COMPUTE,281.0,893.0,57.0,73.0,78.0,1502,auto,100.0,81.0
90,COMPUTE,281.0,893.0,57.0,73.0,79.0,1502,auto,100.0,82.0
91,COMPUTE,281.0,900.0,57.0,73.0,78.0,1502,auto,100.0,82.0
92,COMPUTE,279.0,893.0,57.0,73.0,78.0,1502,auto,100.0,82.0
93,COMPUTE,282.0,893.0,57.0,72.0,78.0,1502,auto,100.0,82.0
94,COMPUTE,281.0,893.0,57.0,73.0,78.0,1502,auto,100.0,82.0
95,COMPUTE,280.0,893.0,56.0,73.0,78.0,1502,auto,100.0,82.0
96,COMPUTE,282.0,900.0,57.0,72.0,78.0,1502,auto,99.0,82.0
97,COMPUTE,281.0,893.0,57.0,73.0,79.0,1502,auto,100.0,82.0
98,COMPUTE,281.0,900.0,57.0,72.0,79.0,1502,auto,100.0,82.0
99,COMPUTE,281.0,893.0,57.0,72.0,79.0,1502,auto,100.0,81.0
100,COMPUTE,281.0,893.0,57.0,73.0,79.0,1502,auto,100.0,82.0
101,COMPUTE,280.0,893.0,57.0,73.0,79.0,1502,auto,100.0,82.0
102,COMPUTE,281.0,893.0,57.0,73.0,79.0,1502,auto,100.0,81.0
103,COMPUTE,282.0,893.0,57.0,72.0,79.0,1502,auto,100.0,82.0
104,COMPUTE,282.0,893.0,57.0,73.0,79.0,1502,auto,100.0,82.0
105,COMPUTE,281.0,893.0,57.0,73.0,79.0,1502,auto,100.0,82.0
106,COMPUTE,282.0,893.0,57.0,73.0,78.0,1502,auto,100.0,82.0
107,COMPUTE,281.0,893.0,56.0,73.0,78.0,1502,auto,100.0,82.0
108,COMPUTE,279.0,893.0,57.0,73.0,78.0,1502,auto,100.0,82.0
109,COMPUTE,280.0,900.0,57.0,73.0,78.0,1502,auto,100.0,81.0
110,COMPUTE,281.0,893.0,57.0,73.0,78.0,1502,auto,100.0,82.0
111,COMPUTE,280.0,900.0,57.0,72.0,78.0,1502,auto,100.0,82.0
112,COMPUTE,281.0,900.0,57.0,73.0,79.0,1502,auto,100.0,82.0
113,COMPUTE,281.0,893.0,57.0,73.0,78.0,1502,auto,100.0,82.0
114,COMPUTE,280.0,893.0,57.0,72.0,79.0,1502,auto,100.0,82.0
115,COMPUTE,279.0,893.0,57.0,72.0,79.0,1502,auto,100.0,82.0
116,COMPUTE,281.0,900.0,57.0,72.0,78.0,1502,auto,100.0,82.0
117,COMPUTE,279.0,893.0,57.0,73.0,78.0,1502,auto,100.0,82.0
118,COMPUTE,280.0,893.0,57.0,73.0,79.0,1502,auto,100.0,80.0
119,COMPUTE,280.0,893.0,57.0,73.0,79.0,1502,auto,100.0,82.0
120,COMPUTE,280.0,893.0,57.0,73.0,79.0,1502,auto,100.0,82.0
121,COMPUTE,281.0,893.0,56.0,72.0,78.0,1502,auto,100.0,82.0
122,COMPUTE,282.0,893.0,56.0,72.0,78.0,1502,auto,100.0,82.0
123,COMPUTE,280.0,893.0,57.0,73.0,78.0,1502,auto,100.0,82.0
124,COMPUTE,280.0,893.0,57.0,73.0,79.0,1502,auto,100.0,82.0
125,COMPUTE,282.0,893.0,57.0,73.0,78.0,1502,auto,100.0,82.0
126,COMPUTE,280.0,900.0,57.0,72.0,78.0,1502,auto,100.0,82.0
127,COMPUTE,281.0,893.0,57.0,72.0,78.0,1502,auto,100.0,82.0
128,COMPUTE,281.0,893.0,57.0,72.0,78.0,1502,auto,100.0,82.0
129,COMPUTE,280.0,900.0,57.0,72.0,79.0,1502,auto,100.0,82.0
130,COMPUTE,279.0,900.0,57.0,72.0,78.0,1502,auto,100.0,82.0
131,COMPUTE,279.0,900.0,57.0,72.0,79.0,1502,auto,100.0,81.0
132,COMPUTE,280.0,900.0,57.0,72.0,79.0,1502,auto,100.0,82.0
133,COMPUTE,278.0,893.0,57.0,72.0,78.0,1502,auto,100.0,82.0
134,COMPUTE,281.0,900.0,57.0,73.0,78.0,1502,auto,100.0,82.0
135,COMPUTE,281.0,893.0,57.0,73.0,79.0,1502,auto,100.0,82.0
136,COMPUTE,281.0,893.0,57.0,72.0,78.0,1502,auto,100.0,82.0
137,COMPUTE,278.0,893.0,57.0,72.0,78.0,1502,auto,100.0,82.0
138,COMPUTE,279.0,893.0,57.0,72.0,78.0,1502,auto,100.0,82.0
139,COMPUTE,282.0,900.0,57.0,73.0,78.0,1502,auto,100.0,82.0
140,COMPUTE,279.0,893.0,57.0,72.0,79.0,1502,auto,100.0,82.0
141,COMPUTE,280.0,900.0,57.0,72.0,79.0,1502,auto,100.0,82.0
142,COMPUTE,280.0,893.0,56.0,72.0,78.0,1502,auto,100.0,82.0
143,COMPUTE,282.0,893.0,57.0,72.0,79.0,1502,auto,100.0,82.0
144,COMPUTE,277.0,900.0,56.0,72.0,78.0,1502,auto,100.0,82.0
145,COMPUTE,281.0,893.0,56.0,72.0,78.0,1502,auto,100.0,82.0
146,COMPUTE,281.0,893.0,57.0,72.0,78.0,1502,auto,100.0,82.0
147,COMPUTE,270.0,893.0,56.0,72.0,78.0,1502,auto,100.0,81.0
148,COMPUTE,280.0,893.0,56.0,72.0,78.0,1502,auto,100.0,82.0
149,COMPUTE,279.0,893.0,56.0,72.0,78.0,1502,auto,100.0,82.0
150,COMPUTE,280.0,893.0,57.0,72.0,78.0,1502,auto,100.0,82.0
151,COMPUTE,279.0,893.0,56.0,72.0,78.0,1502,auto,100.0,82.0
152,COMPUTE,278.0,893.0,56.0,72.0,78.0,1502,auto,100.0,82.0
153,COMPUTE,278.0,893.0,56.0,72.0,78.0,1502,auto,100.0,82.0
154,COMPUTE,278.0,900.0,56.0,72.0,78.0,1502,auto,100.0,82.0
155,COMPUTE,278.0,893.0,56.0,72.0,78.0,1502,auto,100.0,81.0
156,COMPUTE,282.0,893.0,56.0,72.0,78.0,1502,auto,100.0,82.0
157,COMPUTE,279.0,893.0,56.0,72.0,78.0,1502,auto,100.0,82.0
158,COMPUTE,277.0,893.0,57.0,72.0,78.0,1502,auto,100.0,82.0
159,COMPUTE,279.0,893.0,56.0,72.0,78.0,1502,auto,100.0,82.0
160,COMPUTE,278.0,900.0,56.0,72.0,78.0,1502,auto,100.0,82.0
161,COMPUTE,280.0,893.0,56.0,72.0,78.0,1502,auto,100.0,82.0
162,COMPUTE,279.0,893.0,56.0,72.0,78.0,1502,auto,100.0,81.0
163,COMPUTE,278.0,893.0,56.0,72.0,78.0,1502,auto,100.0,81.0
164,COMPUTE,278.0,900.0,56.0,72.0,78.0,1502,auto,100.0,82.0
165,COMPUTE,278.0,893.0,56.0,72.0,78.0,1502,auto,100.0,82.0
166,COMPUTE,276.0,893.0,56.0,72.0,78.0,1502,auto,100.0,81.0
167,COMPUTE,279.0,893.0,56.0,72.0,78.0,1502,auto,100.0,82.0
168,COMPUTE,279.0,893.0,56.0,71.0,78.0,1502,auto,100.0,82.0
169,COMPUTE,277.0,900.0,57.0,72.0,78.0,1502,auto,100.0,81.0
170,COMPUTE,279.0,900.0,55.0,72.0,78.0,1502,auto,100.0,82.0
171,COMPUTE,277.0,893.0,56.0,72.0,78.0,1502,auto,100.0,82.0
172,COMPUTE,277.0,893.0,56.0,71.0,78.0,1502,auto,100.0,82.0
173,COMPUTE,277.0,893.0,56.0,72.0,78.0,1502,auto,100.0,82.0
174,COMPUTE,278.0,893.0,56.0,72.0,78.0,1502,auto,100.0,82.0
175,COMPUTE,277.0,893.0,56.0,72.0,78.0,1502,auto,100.0,82.0
176,COMPUTE,278.0,893.0,56.0,71.0,78.0,1502,auto,100.0,82.0
177,COMPUTE,281.0,893.0,56.0,71.0,78.0,1502,auto,100.0,82.0
178,COMPUTE,277.0,893.0,55.0,71.0,78.0,1502,auto,100.0,82.0
179,COMPUTE,278.0,893.0,56.0,71.0,78.0,1502,auto,100.0,82.0
180,COMPUTE,277.0,893.0,55.0,72.0,78.0,1502,auto,100.0,82.0
181,COMPUTE,279.0,893.0,56.0,71.0,78.0,1502,auto,100.0,82.0
182,COMPUTE,277.0,893.0,56.0,72.0,78.0,1502,auto,100.0,82.0
183,COMPUTE,280.0,900.0,56.0,71.0,78.0,1502,auto,100.0,82.0
184,COMPUTE,280.0,900.0,56.0,71.0,78.0,1502,auto,100.0,82.0
185,COMPUTE,277.0,900.0,56.0,71.0,78.0,1502,auto,100.0,82.0
186,COMPUTE,277.0,893.0,56.0,71.0,78.0,1502,auto,100.0,81.0
187,COMPUTE,280.0,893.0,56.0,72.0,78.0,1502,auto,100.0,82.0
188,COMPUTE,278.0,893.0,55.0,71.0,78.0,1502,auto,100.0,82.0
189,COMPUTE,277.0,893.0,55.0,71.0,77.0,1502,auto,100.0,82.0
190,COMPUTE,275.0,900.0,55.0,71.0,78.0,1502,auto,100.0,81.0
191,COMPUTE,280.0,893.0,56.0,71.0,77.0,1502,auto,100.0,82.0
192,COMPUTE,278.0,893.0,56.0,71.0,77.0,1502,auto,100.0,82.0
193,COMPUTE,280.0,893.0,55.0,71.0,78.0,1502,auto,100.0,82.0
194,COMPUTE,277.0,900.0,55.0,71.0,77.0,1502,auto,100.0,82.0
195,COMPUTE,279.0,893.0,56.0,71.0,78.0,1502,auto,100.0,82.0
196,COMPUTE,277.0,900.0,56.0,71.0,77.0,1502,auto,100.0,82.0
197,COMPUTE,278.0,893.0,56.0,71.0,77.0,1502,auto,100.0,82.0
198,COMPUTE,277.0,893.0,55.0,71.0,77.0,1502,auto,100.0,82.0
199,COMPUTE,274.0,893.0,55.0,70.0,77.0,1502,auto,100.0,81.0
200,COMPUTE,280.0,900.0,56.0,71.0,77.0,1502,auto,100.0,82.0
201,COMPUTE,277.0,893.0,55.0,71.0,77.0,1502,auto,100.0,82.0
202,COMPUTE,279.0,893.0,55.0,71.0,77.0,1502,auto,100.0,81.0
203,COMPUTE,279.0,893.0,55.0,70.0,77.0,1502,auto,100.0,82.0
204,COMPUTE,276.0,900.0,55.0,70.0,77.0,1502,auto,100.0,81.0
205,COMPUTE,278.0,900.0,55.0,71.0,77.0,1502,auto,100.0,82.0
206,COMPUTE,279.0,893.0,55.0,71.0,77.0,1502,auto,100.0,82.0
207,COMPUTE,278.0,893.0,55.0,71.0,77.0,1502,auto,100.0,82.0
208,COMPUTE,279.0,893.0,55.0,71.0,77.0,1502,auto,100.0,82.0
209,COMPUTE,275.0,893.0,55.0,71.0,77.0,1502,auto,100.0,81.0
210,COMPUTE,277.0,893.0,56.0,71.0,77.0,1502,auto,100.0,82.0
211,COMPUTE,277.0,893.0,55.0,71.0,77.0,1502,auto,100.0,82.0
212,COMPUTE,277.0,900.0,55.0,70.0,77.0,1502,auto,100.0,81.0
213,COMPUTE,278.0,893.0,55.0,71.0,77.0,1502,auto,100.0,81.0
214,COMPUTE,276.0,893.0,55.0,70.0,77.0,1502,auto,100.0,81.0
215,COMPUTE,279.0,900.0,55.0,70.0,77.0,1502,auto,100.0,82.0
216,COMPUTE,277.0,893.0,55.0,70.0,77.0,1502,auto,100.0,82.0
217,COMPUTE,277.0,900.0,55.0,71.0,77.0,1502,auto,100.0,81.0
218,COMPUTE,277.0,893.0,55.0,71.0,77.0,1502,auto,100.0,82.0
219,COMPUTE,274.0,893.0,55.0,70.0,77.0,1502,auto,100.0,82.0
220,COMPUTE,278.0,893.0,55.0,71.0,77.0,1502,auto,100.0,82.0
221,COMPUTE,278.0,900.0,55.0,70.0,77.0,1502,auto,100.0,82.0
222,COMPUTE,277.0,893.0,55.0,70.0,77.0,1502,auto,100.0,82.0
223,COMPUTE,279.0,893.0,55.0,71.0,77.0,1502,auto,100.0,82.0
224,COMPUTE,274.0,900.0,55.0,70.0,77.0,1502,auto,100.0,82.0
225,COMPUTE,277.0,893.0,55.0,70.0,77.0,1502,auto,100.0,82.0
226,COMPUTE,279.0,906.0,55.0,70.0,77.0,1502,auto,100.0,82.0
227,COMPUTE,277.0,900.0,55.0,70.0,77.0,1502,auto,100.0,81.0
228,COMPUTE,277.0,893.0,55.0,70.0,77.0,1502,auto,100.0,82.0
229,COMPUTE,276.0,900.0,55.0,70.0,77.0,1502,auto,100.0,82.0
230,COMPUTE,277.0,900.0,55.0,70.0,77.0,1502,auto,100.0,82.0
231,COMPUTE,277.0,893.0,55.0,70.0,77.0,1502,auto,100.0,82.0
232,COMPUTE,278.0,893.0,55.0,70.0,77.0,1502,auto,100.0,82.0
233,COMPUTE,277.0,893.0,55.0,70.0,77.0,1502,auto,100.0,82.0
234,COMPUTE,277.0,893.0,55.0,71.0,77.0,1502,auto,100.0,81.0
235,COMPUTE,278.0,893.0,55.0,70.0,77.0,1502,auto,100.0,82.0
236,COMPUTE,277.0,900.0,55.0,70.0,77.0,1502,auto,100.0,82.0
237,COMPUTE,278.0,900.0,55.0,70.0,77.0,1502,auto,100.0,82.0
238,COMPUTE,277.0,893.0,55.0,70.0,77.0,1502,auto,100.0,82.0
239,COMPUTE,277.0,893.0,55.0,71.0,77.0,1502,auto,100.0,82.0
240,COMPUTE,277.0,900.0,55.0,70.0,77.0,1502,auto,100.0,82.0
241,COMPUTE,277.0,893.0,55.0,70.0,77.0,1502,auto,100.0,81.0
242,COMPUTE,277.0,900.0,55.0,70.0,77.0,1502,auto,100.0,82.0
243,COMPUTE,277.0,893.0,55.0,70.0,77.0,1502,auto,100.0,82.0
244,COMPUTE,277.0,893.0,54.0,70.0,77.0,1502,auto,100.0,82.0
245,COMPUTE,277.0,893.0,54.0,70.0,77.0,1502,auto,100.0,82.0
246,COMPUTE,277.0,893.0,55.0,70.0,77.0,1502,auto,100.0,82.0
247,COMPUTE,277.0,900.0,55.0,70.0,77.0,1502,auto,100.0,82.0
248,COMPUTE,278.0,893.0,55.0,70.0,77.0,1502,auto,100.0,81.0
249,COMPUTE,277.0,893.0,54.0,70.0,77.0,1502,auto,100.0,81.0
250,COMPUTE,277.0,893.0,55.0,70.0,77.0,1502,auto,100.0,82.0
251,COMPUTE,277.0,893.0,54.0,70.0,77.0,1502,auto,100.0,82.0
252,COMPUTE,277.0,893.0,55.0,70.0,77.0,1502,auto,100.0,82.0
253,COMPUTE,278.0,893.0,54.0,70.0,75.0,1502,auto,100.0,81.0
254,COMPUTE,278.0,893.0,54.0,70.0,77.0,1502,auto,100.0,82.0
255,COMPUTE,276.0,900.0,55.0,70.0,77.0,1502,auto,100.0,81.0
256,COMPUTE,279.0,900.0,54.0,70.0,76.0,1502,auto,100.0,82.0
257,COMPUTE,277.0,893.0,54.0,70.0,76.0,1502,auto,100.0,82.0
258,COMPUTE,277.0,893.0,54.0,70.0,77.0,1502,auto,100.0,82.0
259,COMPUTE,277.0,893.0,54.0,70.0,76.0,1502,auto,100.0,81.0
260,COMPUTE,277.0,900.0,54.0,69.0,76.0,1502,auto,100.0,82.0
261,COMPUTE,277.0,900.0,54.0,69.0,76.0,1502,auto,100.0,82.0
262,COMPUTE,274.0,900.0,54.0,70.0,76.0,1502,auto,100.0,81.0
263,COMPUTE,277.0,893.0,55.0,70.0,76.0,1502,auto,100.0,82.0
264,COMPUTE,277.0,893.0,55.0,69.0,76.0,1502,auto,100.0,82.0
265,COMPUTE,277.0,893.0,54.0,69.0,76.0,1502,auto,100.0,82.0
266,COMPUTE,277.0,900.0,54.0,69.0,76.0,1502,auto,100.0,82.0
267,COMPUTE,277.0,893.0,54.0,70.0,76.0,1502,auto,100.0,82.0
268,COMPUTE,277.0,893.0,54.0,69.0,76.0,1502,auto,100.0,81.0
269,COMPUTE,277.0,893.0,54.0,69.0,76.0,1502,auto,100.0,82.0
270,COMPUTE,277.0,893.0,54.0,70.0,76.0,1502,auto,100.0,82.0
271,COMPUTE,277.0,893.0,54.0,70.0,76.0,1502,auto,100.0,82.0
272,COMPUTE,277.0,893.0,54.0,69.0,76.0,1502,auto,100.0,82.0
273,COMPUTE,277.0,900.0,54.0,70.0,76.0,1502,auto,100.0,82.0
274,COMPUTE,277.0,893.0,54.0,70.0,76.0,1502,auto,100.0,82.0
275,COMPUTE,277.0,893.0,54.0,70.0,76.0,1502,auto,100.0,82.0
276,COMPUTE,277.0,893.0,54.0,69.0,76.0,1502,auto,100.0,81.0
277,COMPUTE,277.0,900.0,54.0,69.0,76.0,1502,auto,100.0,82.0
278,COMPUTE,277.0,893.0,54.0,69.0,76.0,1502,auto,100.0,82.0
279,COMPUTE,277.0,893.0,54.0,70.0,76.0,1502,auto,100.0,82.0
280,COMPUTE,277.0,900.0,54.0,70.0,76.0,1502,auto,100.0,81.0
281,COMPUTE,277.0,893.0,54.0,69.0,76.0,1502,auto,100.0,82.0
282,COMPUTE,277.0,893.0,54.0,69.0,76.0,1502,auto,100.0,82.0
283,COMPUTE,277.0,893.0,54.0,69.0,76.0,1502,auto,100.0,82.0
284,COMPUTE,275.0,893.0,54.0,69.0,76.0,1502,auto,100.0,81.0
285,COMPUTE,277.0,893.0,54.0,69.0,76.0,1502,auto,100.0,82.0
286,COMPUTE,277.0,893.0,53.0,69.0,76.0,1502,auto,100.0,82.0
287,COMPUTE,277.0,893.0,54.0,69.0,76.0,1502,auto,100.0,82.0
288,COMPUTE,277.0,900.0,54.0,69.0,76.0,1502,auto,100.0,82.0
289,COMPUTE,277.0,900.0,54.0,69.0,76.0,1502,auto,100.0,82.0
290,COMPUTE,277.0,893.0,54.0,69.0,76.0,1502,auto,100.0,81.0
291,COMPUTE,277.0,900.0,54.0,69.0,76.0,1502,auto,100.0,82.0
292,COMPUTE,276.0,893.0,54.0,69.0,76.0,1502,auto,100.0,81.0
293,COMPUTE,277.0,893.0,53.0,70.0,76.0,1502,auto,100.0,82.0
294,COMPUTE,277.0,900.0,54.0,69.0,76.0,1502,auto,100.0,82.0
295,COMPUTE,277.0,893.0,54.0,69.0,76.0,1502,auto,100.0,81.0
296,COMPUTE,277.0,900.0,54.0,69.0,76.0,1502,auto,100.0,82.0
297,COMPUTE,277.0,893.0,54.0,69.0,76.0,1502,auto,100.0,82.0
298,COMPUTE,277.0,893.0,54.0,69.0,76.0,1502,auto,100.0,82.0
299,COMPUTE,277.0,893.0,54.0,68.0,76.0,1502,auto,100.0,82.0
300,COMPUTE,277.0,893.0,53.0,69.0,76.0,1502,auto,100.0,82.0
301,COMPUTE,277.0,900.0,54.0,69.0,76.0,1502,auto,100.0,82.0
302,COMPUTE,277.0,893.0,53.0,68.0,76.0,1502,auto,100.0,82.0
303,COMPUTE,277.0,893.0,54.0,69.0,76.0,1502,auto,100.0,82.0
304,COMPUTE,277.0,893.0,53.0,69.0,76.0,1502,auto,100.0,82.0
305,COMPUTE,277.0,893.0,53.0,69.0,76.0,1502,auto,100.0,82.0
306,COMPUTE,277.0,893.0,54.0,69.0,76.0,1502,auto,100.0,82.0
307,COMPUTE,277.0,900.0,54.0,69.0,76.0,1502,auto,100.0,82.0
308,COMPUTE,277.0,900.0,54.0,68.0,76.0,1502,auto,100.0,82.0
309,COMPUTE,276.0,893.0,53.0,69.0,76.0,1502,auto,100.0,82.0
310,COMPUTE,277.0,893.0,53.0,69.0,76.0,1502,auto,100.0,82.0
311,COMPUTE,277.0,900.0,53.0,69.0,74.0,1502,auto,100.0,82.0
312,COMPUTE,274.0,900.0,53.0,68.0,75.0,1502,auto,100.0,81.0
313,COMPUTE,277.0,900.0,53.0,69.0,76.0,1502,auto,100.0,82.0
314,COMPUTE,277.0,893.0,53.0,69.0,75.0,1502,auto,100.0,82.0
315,COMPUTE,277.0,893.0,53.0,69.0,76.0,1502,auto,100.0,82.0
316,COMPUTE,277.0,906.0,53.0,68.0,76.0,1502,auto,100.0,82.0
317,COMPUTE,277.0,900.0,53.0,69.0,76.0,1502,auto,100.0,82.0
318,COMPUTE,277.0,893.0,53.0,69.0,75.0,1502,auto,100.0,82.0
319,COMPUTE,277.0,893.0,53.0,68.0,75.0,1502,auto,100.0,82.0
320,COMPUTE,276.0,893.0,53.0,69.0,74.0,1502,auto,100.0,82.0
321,COMPUTE,277.0,900.0,53.0,68.0,74.0,1502,auto,100.0,81.0
322,COMPUTE,277.0,893.0,53.0,69.0,74.0,1502,auto,100.0,82.0
323,COMPUTE,277.0,893.0,53.0,69.0,76.0,1502,auto,100.0,82.0
324,COMPUTE,277.0,893.0,54.0,68.0,74.0,1502,auto,100.0,82.0
325,COMPUTE,277.0,893.0,54.0,68.0,74.0,1502,auto,100.0,82.0
326,COMPUTE,277.0,893.0,53.0,68.0,74.0,1502,auto,100.0,82.0
327,COMPUTE,277.0,900.0,53.0,69.0,74.0,1502,auto,100.0,82.0
328,COMPUTE,277.0,893.0,54.0,69.0,74.0,1502,auto,100.0,82.0
329,COMPUTE,277.0,893.0,53.0,68.0,74.0,1502,auto,100.0,82.0
330,COMPUTE,266.0,900.0,53.0,68.0,74.0,1502,auto,100.0,81.0
331,COMPUTE,277.0,893.0,53.0,68.0,74.0,1502,auto,100.0,82.0
332,COMPUTE,277.0,893.0,53.0,68.0,74.0,1502,auto,100.0,82.0
333,COMPUTE,277.0,900.0,53.0,68.0,74.0,1502,auto,100.0,81.0
334,COMPUTE,277.0,893.0,53.0,68.0,74.0,1502,auto,100.0,82.0
335,COMPUTE,277.0,893.0,53.0,68.0,74.0,1502,auto,100.0,82.0
336,COMPUTE,277.0,893.0,53.0,69.0,74.0,1502,auto,100.0,82.0
337,COMPUTE,277.0,893.0,53.0,68.0,74.0,1502,auto,100.0,82.0
338,COMPUTE,274.0,893.0,53.0,68.0,74.0,1502,auto,100.0,82.0
339,COMPUTE,277.0,893.0,53.0,68.0,74.0,1502,auto,100.0,82.0
340,COMPUTE,275.0,893.0,53.0,68.0,74.0,1502,auto,100.0,82.0
341,COMPUTE,277.0,900.0,53.0,68.0,74.0,1502,auto,100.0,82.0
342,COMPUTE,277.0,900.0,53.0,68.0,74.0,1502,auto,100.0,82.0
343,COMPUTE,277.0,893.0,53.0,68.0,74.0,1502,auto,100.0,82.0
344,COMPUTE,277.0,893.0,53.0,68.0,74.0,1502,auto,100.0,82.0
345,COMPUTE,277.0,893.0,53.0,68.0,74.0,1502,auto,100.0,82.0
346,COMPUTE,277.0,893.0,53.0,68.0,74.0,1502,auto,100.0,82.0
347,COMPUTE,277.0,900.0,53.0,68.0,74.0,1502,auto,100.0,82.0
348,COMPUTE,277.0,893.0,53.0,68.0,74.0,1502,auto,100.0,82.0
349,COMPUTE,277.0,893.0,53.0,68.0,74.0,1502,auto,100.0,82.0
350,COMPUTE,277.0,893.0,53.0,68.0,74.0,1502,auto,100.0,82.0
351,COMPUTE,277.0,900.0,53.0,68.0,74.0,1502,auto,100.0,82.0
352,COMPUTE,277.0,893.0,53.0,68.0,75.0,1502,auto,100.0,82.0
353,COMPUTE,277.0,893.0,53.0,68.0,74.0,1502,auto,100.0,82.0
354,COMPUTE,276.0,893.0,53.0,68.0,74.0,1502,auto,100.0,82.0
355,COMPUTE,276.0,893.0,53.0,68.0,74.0,1502,auto,100.0,82.0
356,COMPUTE,277.0,893.0,53.0,68.0,74.0,1502,auto,100.0,82.0
357,COMPUTE,277.0,893.0,53.0,68.0,74.0,1502,auto,100.0,82.0
358,COMPUTE,277.0,893.0,53.0,68.0,75.0,1502,auto,100.0,82.0
359,COMPUTE,277.0,893.0,53.0,68.0,74.0,1502,auto,100.0,82.0
360,COMPUTE,277.0,893.0,53.0,68.0,74.0,1502,auto,100.0,82.0
361,COMPUTE,277.0,893.0,53.0,68.0,74.0,1502,auto,100.0,82.0
362,COMPUTE,276.0,893.0,53.0,68.0,75.0,1502,auto,100.0,82.0
363,COMPUTE,273.0,900.0,53.0,68.0,74.0,1502,auto,100.0,82.0
364,COMPUTE,277.0,893.0,53.0,68.0,74.0,1502,auto,100.0,82.0
365,COMPUTE,276.0,893.0,53.0,68.0,74.0,1502,auto,100.0,82.0
366,COMPUTE,276.0,893.0,53.0,68.0,74.0,1502,auto,100.0,82.0
367,COMPUTE,276.0,893.0,53.0,68.0,74.0,1502,auto,100.0,82.0
368,COMPUTE,277.0,893.0,53.0,68.0,74.0,1502,auto,100.0,82.0
369,COMPUTE,277.0,893.0,53.0,68.0,74.0,1502,auto,100.0,82.0
370,COMPUTE,277.0,893.0,53.0,68.0,74.0,1502,auto,100.0,82.0
371,COMPUTE,277.0,893.0,53.0,68.0,75.0,1502,auto,100.0,82.0
372,COMPUTE,276.0,900.0,53.0,68.0,74.0,1502,auto,100.0,82.0
373,COMPUTE,277.0,893.0,53.0,67.0,75.0,1502,auto,100.0,82.0
374,COMPUTE,277.0,900.0,53.0,68.0,74.0,1502,auto,100.0,82.0
375,COMPUTE,277.0,900.0,53.0,68.0,75.0,1502,auto,100.0,82.0
376,COMPUTE,277.0,893.0,53.0,68.0,75.0,1502,auto,100.0,82.0
377,COMPUTE,277.0,900.0,53.0,67.0,74.0,1502,auto,100.0,82.0
378,COMPUTE,276.0,900.0,53.0,68.0,74.0,1502,auto,100.0,82.0
379,COMPUTE,277.0,893.0,53.0,68.0,75.0,1502,auto,100.0,82.0
380,COMPUTE,277.0,893.0,53.0,68.0,74.0,1502,auto,100.0,82.0
381,COMPUTE,277.0,893.0,52.0,68.0,75.0,1502,auto,100.0,82.0
382,COMPUTE,277.0,893.0,52.0,68.0,74.0,1502,auto,100.0,82.0
383,COMPUTE,277.0,893.0,53.0,68.0,74.0,1502,auto,100.0,82.0
384,COMPUTE,276.0,893.0,53.0,68.0,75.0,1502,auto,100.0,82.0
385,COMPUTE,276.0,893.0,53.0,68.0,74.0,1502,auto,100.0,81.0
386,COMPUTE,277.0,900.0,53.0,68.0,74.0,1502,auto,100.0,82.0
387,COMPUTE,277.0,893.0,53.0,68.0,74.0,1502,auto,100.0,82.0
388,COMPUTE,277.0,893.0,53.0,67.0,75.0,1502,auto,100.0,82.0
389,COMPUTE,277.0,900.0,53.0,68.0,74.0,1502,auto,100.0,82.0
390,COMPUTE,276.0,900.0,53.0,67.0,74.0,1502,auto,100.0,82.0
391,COMPUTE,277.0,900.0,53.0,68.0,74.0,1502,auto,100.0,82.0
392,COMPUTE,276.0,900.0,53.0,68.0,75.0,1502,auto,100.0,82.0
393,COMPUTE,277.0,893.0,53.0,68.0,74.0,1502,auto,100.0,82.0
394,COMPUTE,275.0,900.0,52.0,67.0,74.0,1502,auto,100.0,82.0
395,COMPUTE,277.0,893.0,53.0,67.0,75.0,1502,auto,100.0,81.0
396,COMPUTE,277.0,900.0,52.0,67.0,74.0,1502,auto,100.0,82.0
397,COMPUTE,277.0,893.0,53.0,68.0,74.0,1502,auto,100.0,82.0
398,COMPUTE,277.0,893.0,52.0,67.0,74.0,1502,auto,100.0,82.0
399,COMPUTE,276.0,900.0,53.0,67.0,74.0,1502,auto,100.0,81.0
400,COMPUTE,277.0,900.0,52.0,67.0,75.0,1502,auto,100.0,82.0
401,COMPUTE,277.0,893.0,52.0,68.0,74.0,1502,auto,100.0,82.0
402,COMPUTE,277.0,893.0,52.0,67.0,73.0,1502,auto,100.0,82.0
403,COMPUTE,277.0,893.0,52.0,67.0,74.0,1502,auto,100.0,82.0
404,COMPUTE,277.0,900.0,52.0,67.0,73.0,1502,auto,100.0,82.0
405,COMPUTE,277.0,893.0,52.0,68.0,73.0,1502,auto,100.0,82.0
406,COMPUTE,273.0,893.0,53.0,67.0,73.0,1502,auto,100.0,82.0
407,COMPUTE,277.0,900.0,53.0,67.0,73.0,1502,auto,100.0,82.0
408,COMPUTE,276.0,893.0,52.0,67.0,73.0,1502,auto,100.0,82.0
409,COMPUTE,276.0,900.0,53.0,67.0,73.0,1502,auto,100.0,81.0
410,COMPUTE,277.0,893.0,52.0,67.0,73.0,1502,auto,100.0,82.0
411,COMPUTE,277.0,893.0,52.0,67.0,73.0,1502,auto,100.0,82.0
412,COMPUTE,276.0,893.0,52.0,67.0,73.0,1502,auto,100.0,82.0
413,COMPUTE,277.0,893.0,52.0,67.0,73.0,1502,auto,100.0,82.0
414,COMPUTE,274.0,893.0,52.0,67.0,73.0,1502,auto,100.0,81.0
415,COMPUTE,276.0,893.0,52.0,67.0,73.0,1502,auto,100.0,82.0
416,COMPUTE,276.0,900.0,52.0,67.0,73.0,1502,auto,100.0,82.0
417,COMPUTE,275.0,893.0,52.0,67.0,73.0,1502,auto,100.0,82.0
418,COMPUTE,276.0,900.0,52.0,67.0,73.0,1502,auto,100.0,82.0
419,COMPUTE,276.0,900.0,52.0,67.0,73.0,1502,auto,100.0,82.0
420,COMPUTE,276.0,900.0,52.0,68.0,74.0,1502,auto,100.0,82.0
421,COMPUTE,276.0,893.0,52.0,67.0,73.0,1502,auto,100.0,82.0
422,COMPUTE,277.0,900.0,52.0,67.0,73.0,1502,auto,100.0,82.0
423,COMPUTE,277.0,900.0,52.0,67.0,73.0,1502,auto,100.0,82.0
424,COMPUTE,276.0,893.0,52.0,67.0,73.0,1502,auto,100.0,82.0
425,COMPUTE,277.0,893.0,52.0,67.0,73.0,1502,auto,100.0,82.0
426,COMPUTE,275.0,893.0,52.0,67.0,73.0,1502,auto,100.0,81.0
427,COMPUTE,277.0,893.0,52.0,67.0,73.0,1502,auto,100.0,82.0
428,COMPUTE,276.0,893.0,52.0,67.0,73.0,1502,auto,100.0,82.0
429,COMPUTE,277.0,893.0,52.0,67.0,73.0,1502,auto,100.0,81.0
430,COMPUTE,277.0,900.0,52.0,67.0,73.0,1502,auto,100.0,82.0
431,COMPUTE,274.0,893.0,53.0,67.0,73.0,1502,auto,100.0,82.0
432,COMPUTE,276.0,893.0,52.0,67.0,73.0,1502,auto,100.0,82.0
433,COMPUTE,277.0,893.0,52.0,67.0,73.0,1502,auto,100.0,82.0
434,COMPUTE,277.0,893.0,52.0,67.0,73.0,1502,auto,100.0,82.0
435,COMPUTE,276.0,893.0,52.0,67.0,73.0,1502,auto,100.0,82.0
436,COMPUTE,277.0,900.0,52.0,67.0,73.0,1502,auto,100.0,82.0
437,COMPUTE,277.0,893.0,52.0,67.0,73.0,1502,auto,100.0,82.0
438,COMPUTE,277.0,893.0,52.0,67.0,73.0,1502,auto,100.0,82.0
439,COMPUTE,277.0,900.0,52.0,66.0,73.0,1502,auto,100.0,81.0
440,COMPUTE,277.0,893.0,52.0,67.0,73.0,1502,auto,100.0,82.0
441,COMPUTE,277.0,900.0,52.0,67.0,73.0,1502,auto,100.0,82.0
442,COMPUTE,277.0,893.0,52.0,67.0,73.0,1502,auto,100.0,82.0
443,COMPUTE,277.0,893.0,52.0,66.0,73.0,1502,auto,100.0,82.0
444,COMPUTE,277.0,893.0,52.0,67.0,73.0,1502,auto,100.0,82.0
445,COMPUTE,276.0,893.0,52.0,67.0,74.0,1502,auto,100.0,81.0
446,COMPUTE,276.0,893.0,52.0,67.0,74.0,1502,auto,100.0,82.0
447,COMPUTE,276.0,900.0,52.0,67.0,73.0,1502,auto,100.0,82.0
448,COMPUTE,277.0,893.0,52.0,67.0,73.0,1502,auto,100.0,82.0
449,COMPUTE,273.0,893.0,52.0,67.0,73.0,1502,auto,100.0,81.0
450,COMPUTE,277.0,893.0,52.0,67.0,73.0,1502,auto,100.0,81.0
451,COMPUTE,275.0,893.0,52.0,67.0,73.0,1502,auto,100.0,82.0
452,COMPUTE,276.0,893.0,52.0,67.0,73.0,1502,auto,100.0,82.0
453,COMPUTE,277.0,893.0,52.0,67.0,74.0,1502,auto,100.0,82.0
454,COMPUTE,276.0,893.0,52.0,67.0,73.0,1502,auto,100.0,82.0
455,COMPUTE,273.0,900.0,52.0,66.0,73.0,1502,auto,100.0,81.0
456,COMPUTE,276.0,893.0,52.0,67.0,73.0,1502,auto,100.0,82.0
457,COMPUTE,277.0,893.0,52.0,67.0,73.0,1502,auto,100.0,82.0
458,COMPUTE,276.0,893.0,52.0,67.0,73.0,1502,auto,100.0,82.0
459,COMPUTE,275.0,893.0,52.0,67.0,73.0,1502,auto,100.0,82.0
460,COMPUTE,277.0,906.0,52.0,67.0,74.0,1502,auto,100.0,82.0
461,COMPUTE,277.0,893.0,52.0,67.0,73.0,1502,auto,100.0,82.0
462,COMPUTE,276.0,900.0,52.0,66.0,73.0,1502,auto,100.0,82.0
463,COMPUTE,275.0,893.0,52.0,67.0,74.0,1502,auto,100.0,82.0
464,COMPUTE,275.0,893.0,52.0,67.0,73.0,1502,auto,100.0,82.0
465,COMPUTE,277.0,893.0,52.0,67.0,74.0,1502,auto,100.0,82.0
466,COMPUTE,275.0,900.0,52.0,67.0,74.0,1502,auto,100.0,82.0
467,COMPUTE,272.0,893.0,52.0,67.0,73.0,1502,auto,100.0,81.0
468,COMPUTE,275.0,893.0,52.0,67.0,73.0,1502,auto,100.0,82.0
469,COMPUTE,276.0,893.0,52.0,67.0,73.0,1502,auto,100.0,82.0
470,COMPUTE,275.0,900.0,52.0,66.0,74.0,1502,auto,100.0,81.0
471,COMPUTE,272.0,893.0,52.0,67.0,74.0,1502,auto,100.0,82.0
472,COMPUTE,271.0,893.0,52.0,66.0,73.0,1502,auto,100.0,81.0
473,COMPUTE,277.0,893.0,51.0,67.0,74.0,1502,auto,100.0,82.0
474,COMPUTE,277.0,900.0,52.0,67.0,73.0,1502,auto,100.0,82.0
475,COMPUTE,275.0,900.0,52.0,67.0,74.0,1502,auto,100.0,82.0
476,COMPUTE,275.0,900.0,52.0,67.0,74.0,1502,auto,100.0,82.0
477,COMPUTE,275.0,893.0,52.0,67.0,74.0,1502,auto,100.0,82.0
478,COMPUTE,275.0,893.0,52.0,67.0,74.0,1502,auto,100.0,82.0
479,COMPUTE,277.0,900.0,52.0,66.0,73.0,1502,auto,100.0,82.0
480,COMPUTE,277.0,893.0,52.0,67.0,73.0,1502,auto,100.0,82.0
481,COMPUTE,276.0,900.0,51.0,67.0,73.0,1502,auto,100.0,82.0
482,COMPUTE,276.0,893.0,52.0,66.0,74.0,1502,auto,100.0,82.0
483,COMPUTE,276.0,893.0,52.0,67.0,74.0,1502,auto,100.0,82.0
484,COMPUTE,274.0,893.0,52.0,67.0,74.0,1502,auto,100.0,82.0
485,COMPUTE,270.0,893.0,52.0,67.0,73.0,1502,auto,100.0,82.0
486,COMPUTE,276.0,900.0,51.0,67.0,73.0,1502,auto,100.0,82.0
487,COMPUTE,275.0,893.0,51.0,66.0,74.0,1502,auto,100.0,82.0
488,COMPUTE,273.0,893.0,52.0,67.0,73.0,1502,auto,100.0,82.0
489,COMPUTE,272.0,900.0,51.0,67.0,74.0,1502,auto,100.0,82.0
490,COMPUTE,276.0,893.0,51.0,66.0,74.0,1502,auto,100.0,81.0
491,COMPUTE,277.0,893.0,52.0,66.0,73.0,1502,auto,100.0,82.0
492,COMPUTE,277.0,893.0,51.0,67.0,73.0,1502,auto,100.0,81.0
493,COMPUTE,275.0,893.0,51.0,67.0,73.0,1502,auto,100.0,81.0
494,COMPUTE,276.0,893.0,51.0,67.0,74.0,1502,auto,100.0,82.0
495,COMPUTE,276.0,893.0,51.0,66.0,74.0,1502,auto,100.0,82.0
496,COMPUTE,275.0,893.0,52.0,67.0,74.0,1502,auto,100.0,82.0
497,COMPUTE,276.0,893.0,51.0,67.0,73.0,1502,auto,100.0,82.0
498,COMPUTE,275.0,893.0,52.0,67.0,73.0,1502,auto,100.0,82.0
499,COMPUTE,277.0,893.0,51.0,66.0,74.0,1502,auto,100.0,81.0
500,COMPUTE,275.0,893.0,52.0,66.0,74.0,1502,auto,100.0,82.0
501,COMPUTE,275.0,893.0,52.0,66.0,73.0,1502,auto,100.0,82.0
502,COMPUTE,277.0,893.0,51.0,66.0,74.0,1502,auto,100.0,82.0
503,COMPUTE,276.0,893.0,51.0,66.0,72.0,1502,auto,100.0,82.0
504,COMPUTE,275.0,893.0,51.0,66.0,73.0,1502,auto,100.0,82.0
505,COMPUTE,276.0,893.0,52.0,66.0,74.0,1502,auto,100.0,82.0
506,COMPUTE,275.0,900.0,52.0,66.0,73.0,1502,auto,100.0,82.0
507,COMPUTE,275.0,893.0,51.0,66.0,72.0,1502,auto,100.0,82.0
508,COMPUTE,275.0,893.0,52.0,66.0,74.0,1502,auto,100.0,82.0
509,COMPUTE,276.0,893.0,51.0,66.0,73.0,1502,auto,100.0,81.0
510,COMPUTE,275.0,893.0,52.0,66.0,74.0,1502,auto,100.0,82.0
511,COMPUTE,275.0,893.0,52.0,66.0,73.0,1502,auto,100.0,82.0
512,COMPUTE,272.0,900.0,51.0,67.0,72.0,1502,auto,100.0,82.0
513,COMPUTE,276.0,893.0,52.0,66.0,73.0,1502,auto,100.0,82.0
514,COMPUTE,276.0,893.0,51.0,66.0,73.0,1502,auto,100.0,82.0
515,COMPUTE,275.0,893.0,51.0,66.0,72.0,1502,auto,100.0,82.0
516,COMPUTE,276.0,893.0,52.0,66.0,73.0,1502,auto,100.0,82.0
517,COMPUTE,275.0,893.0,52.0,66.0,72.0,1502,auto,100.0,82.0
518,COMPUTE,274.0,893.0,51.0,66.0,72.0,1502,auto,100.0,82.0
519,COMPUTE,276.0,893.0,51.0,66.0,72.0,1502,auto,100.0,82.0
520,COMPUTE,274.0,893.0,51.0,66.0,72.0,1502,auto,100.0,82.0
521,COMPUTE,274.0,893.0,51.0,66.0,72.0,1502,auto,100.0,82.0
522,COMPUTE,276.0,893.0,51.0,66.0,72.0,1502,auto,100.0,82.0
523,COMPUTE,275.0,893.0,51.0,66.0,72.0,1502,auto,100.0,82.0
524,COMPUTE,276.0,893.0,51.0,65.0,72.0,1502,auto,100.0,81.0
525,COMPUTE,276.0,893.0,52.0,66.0,72.0,1502,auto,100.0,82.0
526,COMPUTE,273.0,893.0,51.0,66.0,72.0,1502,auto,100.0,82.0
527,COMPUTE,273.0,900.0,51.0,66.0,72.0,1502,auto,100.0,82.0
528,COMPUTE,277.0,893.0,51.0,66.0,72.0,1502,auto,100.0,82.0
529,COMPUTE,275.0,893.0,51.0,66.0,72.0,1502,auto,100.0,82.0
530,COMPUTE,270.0,893.0,51.0,65.0,72.0,1502,auto,100.0,81.0
531,COMPUTE,276.0,900.0,52.0,66.0,72.0,1502,auto,100.0,82.0
532,COMPUTE,274.0,900.0,51.0,66.0,72.0,1502,auto,100.0,82.0
533,COMPUTE,274.0,900.0,51.0,66.0,72.0,1502,auto,100.0,81.0
534,COMPUTE,275.0,900.0,51.0,67.0,72.0,1502,auto,100.0,81.0
535,COMPUTE,272.0,893.0,51.0,66.0,72.0,1502,auto,100.0,82.0
536,COMPUTE,273.0,893.0,51.0,66.0,72.0,1502,auto,100.0,82.0
537,COMPUTE,274.0,893.0,51.0,66.0,72.0,1502,auto,100.0,82.0
538,COMPUTE,276.0,900.0,51.0,65.0,72.0,1502,auto,100.0,82.0
539,COMPUTE,276.0,893.0,51.0,66.0,72.0,1502,auto,100.0,82.0
540,COMPUTE,274.0,893.0,51.0,66.0,72.0,1502,auto,100.0,79.0
541,COMPUTE,275.0,893.0,51.0,66.0,72.0,1502,auto,100.0,82.0
542,COMPUTE,276.0,893.0,51.0,66.0,72.0,1502,auto,100.0,82.0
543,COMPUTE,274.0,900.0,51.0,66.0,72.0,1502,auto,100.0,82.0
544,COMPUTE,273.0,893.0,51.0,66.0,72.0,1502,auto,100.0,82.0
545,COMPUTE,276.0,893.0,51.0,66.0,72.0,1502,auto,100.0,82.0
546,COMPUTE,275.0,900.0,51.0,66.0,72.0,1502,auto,100.0,82.0
547,COMPUTE,275.0,893.0,51.0,66.0,72.0,1502,auto,100.0,81.0
548,COMPUTE,277.0,893.0,51.0,66.0,72.0,1502,auto,100.0,82.0
549,COMPUTE,277.0,893.0,51.0,65.0,73.0,1502,auto,100.0,82.0
550,COMPUTE,273.0,900.0,51.0,66.0,72.0,1502,auto,100.0,82.0
551,COMPUTE,275.0,893.0,51.0,66.0,72.0,1502,auto,100.0,82.0
552,COMPUTE,272.0,893.0,51.0,66.0,72.0,1502,auto,100.0,81.0
553,COMPUTE,273.0,893.0,51.0,65.0,73.0,1502,auto,100.0,81.0
554,COMPUTE,273.0,893.0,51.0,65.0,72.0,1502,auto,99.0,82.0
555,COMPUTE,274.0,893.0,51.0,65.0,73.0,1502,auto,100.0,82.0
556,COMPUTE,274.0,893.0,51.0,66.0,72.0,1502,auto,100.0,82.0
557,COMPUTE,273.0,893.0,51.0,66.0,73.0,1502,auto,100.0,82.0
558,COMPUTE,276.0,893.0,51.0,66.0,72.0,1502,auto,100.0,82.0
559,COMPUTE,274.0,900.0,51.0,66.0,72.0,1502,auto,100.0,82.0
560,COMPUTE,273.0,900.0,51.0,66.0,72.0,1502,auto,100.0,82.0
561,COMPUTE,274.0,893.0,51.0,66.0,72.0,1502,auto,100.0,81.0
562,COMPUTE,275.0,893.0,51.0,66.0,72.0,1502,auto,100.0,82.0
563,COMPUTE,273.0,893.0,51.0,66.0,72.0,1502,auto,100.0,82.0
564,COMPUTE,274.0,893.0,51.0,66.0,72.0,1502,auto,100.0,81.0
565,COMPUTE,273.0,893.0,51.0,65.0,73.0,1502,auto,100.0,82.0
566,COMPUTE,275.0,893.0,51.0,65.0,73.0,1502,auto,100.0,82.0
567,COMPUTE,275.0,893.0,51.0,65.0,73.0,1502,auto,100.0,82.0
568,COMPUTE,273.0,893.0,51.0,66.0,72.0,1502,auto,100.0,81.0
569,COMPUTE,275.0,893.0,51.0,65.0,72.0,1502,auto,100.0,82.0
570,COMPUTE,274.0,893.0,51.0,66.0,72.0,1502,auto,100.0,82.0
571,COMPUTE,274.0,900.0,51.0,66.0,73.0,1502,auto,100.0,82.0
572,COMPUTE,274.0,893.0,51.0,66.0,73.0,1502,auto,100.0,82.0
573,COMPUTE,271.0,900.0,50.0,66.0,73.0,1502,auto,100.0,81.0
574,COMPUTE,275.0,893.0,51.0,65.0,72.0,1502,auto,100.0,82.0
575,COMPUTE,273.0,893.0,51.0,65.0,73.0,1502,auto,100.0,82.0
576,COMPUTE,271.0,900.0,51.0,65.0,72.0,1502,auto,100.0,82.0
577,COMPUTE,274.0,893.0,51.0,66.0,72.0,1502,auto,100.0,82.0
578,COMPUTE,276.0,893.0,51.0,66.0,73.0,1502,auto,100.0,82.0
579,COMPUTE,273.0,900.0,51.0,66.0,73.0,1502,auto,100.0,82.0
580,COMPUTE,273.0,893.0,50.0,66.0,73.0,1502,auto,100.0,82.0
581,COMPUTE,272.0,893.0,51.0,65.0,73.0,1502,auto,100.0,82.0
582,COMPUTE,275.0,900.0,51.0,66.0,72.0,1502,auto,100.0,82.0
583,COMPUTE,275.0,893.0,51.0,65.0,72.0,1502,auto,100.0,82.0
584,COMPUTE,276.0,893.0,51.0,66.0,73.0,1502,auto,100.0,82.0
585,COMPUTE,277.0,900.0,51.0,66.0,72.0,1502,auto,100.0,82.0
586,COMPUTE,276.0,893.0,50.0,66.0,72.0,1502,auto,100.0,82.0
587,COMPUTE,275.0,900.0,51.0,66.0,73.0,1502,auto,100.0,82.0
588,COMPUTE,274.0,893.0,51.0,66.0,73.0,1502,auto,100.0,82.0
589,COMPUTE,274.0,893.0,50.0,66.0,72.0,1502,auto,100.0,81.0
590,COMPUTE,274.0,893.0,51.0,66.0,72.0,1502,auto,100.0,82.0
591,COMPUTE,276.0,893.0,50.0,66.0,72.0,1502,auto,100.0,82.0
592,COMPUTE,272.0,893.0,51.0,65.0,73.0,1502,auto,100.0,82.0
593,COMPUTE,273.0,900.0,51.0,66.0,72.0,1502,auto,100.0,82.0
594,COMPUTE,274.0,900.0,51.0,66.0,72.0,1502,auto,100.0,82.0
595,COMPUTE,272.0,900.0,50.0,66.0,73.0,1502,auto,100.0,82.0
596,COMPUTE,273.0,900.0,51.0,66.0,73.0,1502,auto,100.0,81.0
597,COMPUTE,272.0,893.0,50.0,65.0,72.0,1502,auto,100.0,82.0
598,COMPUTE,273.0,900.0,51.0,66.0,72.0,1502,auto,100.0,82.0
599,COMPUTE,275.0,893.0,51.0,65.0,72.0,1502,auto,100.0,82.0
600,COMPUTE,272.0,893.0,51.0,66.0,72.0,1502,auto,100.0,82.0
601,COMPUTE,275.0,900.0,51.0,65.0,73.0,1502,auto,100.0,82.0
602,COMPUTE,275.0,893.0,51.0,65.0,73.0,1502,auto,100.0,81.0
603,COMPUTE,276.0,893.0,51.0,65.0,73.0,1502,auto,100.0,82.0
604,COMPUTE,273.0,893.0,50.0,65.0,72.0,1502,auto,100.0,82.0
605,COMPUTE,272.0,893.0,51.0,65.0,72.0,1502,auto,100.0,82.0
606,COMPUTE,270.0,893.0,51.0,65.0,72.0,1502,auto,100.0,81.0
607,COMPUTE,275.0,893.0,51.0,65.0,72.0,1502,auto,100.0,82.0
608,COMPUTE,276.0,893.0,51.0,65.0,72.0,1502,auto,100.0,82.0
609,COMPUTE,276.0,893.0,51.0,65.0,72.0,1502,auto,100.0,82.0
610,COMPUTE,276.0,900.0,50.0,65.0,72.0,1502,auto,100.0,82.0
611,COMPUTE,276.0,893.0,50.0,66.0,73.0,1502,auto,100.0,82.0
612,COMPUTE,272.0,893.0,50.0,65.0,72.0,1502,auto,100.0,82.0
613,COMPUTE,272.0,893.0,51.0,65.0,73.0,1502,auto,100.0,81.0
614,COMPUTE,273.0,893.0,51.0,65.0,72.0,1502,auto,100.0,82.0
615,COMPUTE,273.0,893.0,51.0,66.0,72.0,1502,auto,100.0,82.0
616,COMPUTE,272.0,893.0,51.0,65.0,72.0,1502,auto,100.0,82.0
617,COMPUTE,275.0,893.0,50.0,65.0,73.0,1502,auto,100.0,82.0
618,COMPUTE,277.0,900.0,50.0,65.0,73.0,1502,auto,100.0,82.0
619,COMPUTE,275.0,893.0,51.0,65.0,72.0,1502,auto,100.0,82.0
620,COMPUTE,275.0,893.0,51.0,65.0,72.0,1502,auto,100.0,82.0
621,COMPUTE,273.0,893.0,50.0,65.0,73.0,1502,auto,100.0,82.0
622,COMPUTE,273.0,893.0,50.0,65.0,72.0,1502,auto,100.0,82.0
623,COMPUTE,274.0,893.0,51.0,66.0,72.0,1502,auto,99.0,81.0
624,COMPUTE,274.0,893.0,50.0,65.0,73.0,1502,auto,100.0,82.0
625,COMPUTE,273.0,900.0,50.0,65.0,73.0,1502,auto,100.0,82.0
626,COMPUTE,271.0,893.0,51.0,65.0,72.0,1502,auto,100.0,81.0
627,COMPUTE,273.0,893.0,50.0,65.0,73.0,1502,auto,100.0,82.0
628,COMPUTE,272.0,900.0,51.0,65.0,73.0,1502,auto,100.0,82.0
629,COMPUTE,272.0,893.0,51.0,65.0,72.0,1502,auto,100.0,81.0
630,COMPUTE,275.0,900.0,51.0,65.0,73.0,1502,auto,100.0,82.0
631,COMPUTE,273.0,893.0,50.0,65.0,73.0,1502,auto,100.0,81.0
632,COMPUTE,276.0,893.0,50.0,65.0,72.0,1502,auto,100.0,82.0
633,COMPUTE,272.0,893.0,51.0,65.0,72.0,1502,auto,100.0,82.0
634,COMPUTE,276.0,893.0,50.0,65.0,73.0,1502,auto,100.0,82.0
635,COMPUTE,273.0,893.0,50.0,65.0,72.0,1502,auto,100.0,82.0
636,COMPUTE,273.0,893.0,50.0,65.0,73.0,1502,auto,100.0,82.0
637,COMPUTE,273.0,900.0,50.0,65.0,72.0,1502,auto,100.0,82.0
638,COMPUTE,274.0,893.0,50.0,65.0,72.0,1502,auto,100.0,81.0
639,COMPUTE,273.0,900.0,50.0,65.0,73.0,1502,auto,100.0,81.0
640,COMPUTE,273.0,900.0,50.0,65.0,72.0,1502,auto,100.0,82.0
641,COMPUTE,274.0,893.0,50.0,65.0,72.0,1502,auto,100.0,82.0
642,COMPUTE,274.0,893.0,50.0,65.0,72.0,1502,auto,100.0,82.0
643,COMPUTE,275.0,893.0,50.0,65.0,72.0,1502,auto,100.0,82.0
644,COMPUTE,274.0,900.0,51.0,65.0,72.0,1502,auto,100.0,79.0
645,COMPUTE,272.0,893.0,50.0,65.0,72.0,1502,auto,100.0,82.0
646,COMPUTE,272.0,893.0,50.0,65.0,72.0,1502,auto,100.0,81.0
647,COMPUTE,273.0,893.0,50.0,65.0,72.0,1502,auto,100.0,82.0
648,COMPUTE,272.0,893.0,50.0,65.0,72.0,1502,auto,100.0,82.0
649,COMPUTE,274.0,893.0,50.0,65.0,72.0,1502,auto,100.0,82.0
650,COMPUTE,274.0,900.0,51.0,65.0,72.0,1502,auto,100.0,82.0
651,COMPUTE,272.0,893.0,50.0,65.0,72.0,1502,auto,100.0,82.0
652,COMPUTE,273.0,893.0,50.0,65.0,73.0,1502,auto,100.0,82.0
653,COMPUTE,275.0,893.0,50.0,65.0,72.0,1502,auto,100.0,81.0
654,COMPUTE,273.0,893.0,50.0,65.0,72.0,1502,auto,100.0,82.0
655,COMPUTE,273.0,893.0,50.0,65.0,72.0,1502,auto,100.0,82.0
656,COMPUTE,273.0,900.0,50.0,65.0,72.0,1502,auto,100.0,82.0
657,COMPUTE,274.0,893.0,50.0,65.0,72.0,1502,auto,100.0,82.0
658,COMPUTE,273.0,900.0,50.0,65.0,72.0,1502,auto,100.0,82.0
659,COMPUTE,273.0,893.0,50.0,65.0,72.0,1502,auto,100.0,82.0
660,COMPUTE,273.0,893.0,50.0,65.0,72.0,1502,auto,100.0,82.0
661,COMPUTE,276.0,893.0,50.0,65.0,72.0,1502,auto,100.0,81.0
662,COMPUTE,272.0,893.0,50.0,65.0,72.0,1502,auto,100.0,79.0
663,COMPUTE,275.0,893.0,50.0,65.0,72.0,1502,auto,100.0,82.0
664,COMPUTE,275.0,893.0,50.0,65.0,72.0,1502,auto,100.0,82.0
665,COMPUTE,275.0,893.0,50.0,65.0,72.0,1502,auto,100.0,81.0
666,COMPUTE,275.0,900.0,50.0,65.0,72.0,1502,auto,100.0,81.0
667,COMPUTE,273.0,893.0,50.0,65.0,72.0,1502,auto,100.0,82.0
668,COMPUTE,272.0,900.0,50.0,65.0,72.0,1502,auto,100.0,81.0
669,COMPUTE,275.0,893.0,50.0,65.0,72.0,1502,auto,100.0,82.0
670,COMPUTE,273.0,893.0,50.0,65.0,72.0,1502,auto,100.0,82.0
671,COMPUTE,272.0,906.0,50.0,65.0,72.0,1502,auto,100.0,82.0
672,COMPUTE,273.0,893.0,50.0,65.0,72.0,1502,auto,100.0,81.0
673,COMPUTE,275.0,893.0,50.0,65.0,72.0,1502,auto,100.0,82.0
674,COMPUTE,275.0,893.0,50.0,65.0,72.0,1502,auto,100.0,82.0
675,COMPUTE,272.0,900.0,50.0,65.0,72.0,1502,auto,100.0,81.0
676,COMPUTE,272.0,900.0,50.0,65.0,72.0,1502,auto,100.0,82.0
677,COMPUTE,274.0,893.0,50.0,65.0,72.0,1502,auto,100.0,82.0
678,COMPUTE,274.0,900.0,50.0,65.0,72.0,1502,auto,100.0,82.0
679,COMPUTE,272.0,893.0,50.0,65.0,72.0,1502,auto,100.0,81.0
680,COMPUTE,273.0,893.0,50.0,65.0,72.0,1502,auto,100.0,82.0
681,COMPUTE,272.0,893.0,50.0,64.0,72.0,1502,auto,100.0,82.0
682,COMPUTE,275.0,893.0,50.0,65.0,72.0,1502,auto,100.0,82.0
683,COMPUTE,274.0,893.0,50.0,65.0,72.0,1502,auto,100.0,82.0
684,COMPUTE,274.0,900.0,50.0,65.0,72.0,1502,auto,100.0,81.0
685,COMPUTE,275.0,893.0,50.0,65.0,72.0,1502,auto,100.0,82.0
686,COMPUTE,272.0,893.0,50.0,65.0,72.0,1502,auto,100.0,82.0
687,COMPUTE,273.0,893.0,50.0,65.0,72.0,1502,auto,100.0,82.0
688,COMPUTE,273.0,893.0,50.0,65.0,72.0,1502,auto,100.0,82.0
689,COMPUTE,272.0,893.0,50.0,65.0,72.0,1502,auto,100.0,82.0
690,COMPUTE,273.0,893.0,50.0,65.0,72.0,1502,auto,100.0,82.0
691,COMPUTE,272.0,893.0,50.0,65.0,72.0,1502,auto,100.0,82.0
692,COMPUTE,274.0,893.0,50.0,65.0,72.0,1502,auto,100.0,82.0
693,COMPUTE,273.0,893.0,50.0,65.0,72.0,1502,auto,100.0,81.0
694,COMPUTE,272.0,893.0,50.0,65.0,72.0,1502,auto,100.0,82.0
695,COMPUTE,272.0,900.0,50.0,65.0,72.0,1502,auto,100.0,82.0
696,COMPUTE,272.0,893.0,50.0,65.0,72.0,1502,auto,100.0,81.0
697,COMPUTE,272.0,893.0,50.0,65.0,72.0,1502,auto,100.0,82.0
698,COMPUTE,273.0,893.0,50.0,65.0,72.0,1502,auto,100.0,82.0
699,COMPUTE,272.0,893.0,50.0,65.0,72.0,1502,auto,100.0,82.0
700,COMPUTE,273.0,893.0,50.0,64.0,72.0,1502,auto,100.0,82.0
701,COMPUTE,272.0,893.0,50.0,65.0,72.0,1502,auto,100.0,82.0
702,COMPUTE,272.0,893.0,50.0,65.0,72.0,1502,auto,100.0,82.0
703,COMPUTE,272.0,906.0,50.0,65.0,72.0,1502,auto,100.0,82.0
704,COMPUTE,272.0,900.0,50.0,64.0,72.0,1502,auto,100.0,82.0
705,COMPUTE,274.0,893.0,50.0,65.0,72.0,1502,auto,100.0,81.0
706,COMPUTE,275.0,893.0,50.0,64.0,72.0,1502,auto,100.0,82.0
707,COMPUTE,275.0,900.0,50.0,65.0,72.0,1502,auto,100.0,82.0
708,COMPUTE,273.0,893.0,50.0,65.0,72.0,1502,auto,100.0,82.0
709,COMPUTE,272.0,893.0,50.0,64.0,72.0,1502,auto,100.0,82.0
710,COMPUTE,274.0,893.0,50.0,65.0,72.0,1502,auto,100.0,82.0
711,COMPUTE,274.0,900.0,50.0,64.0,72.0,1502,auto,100.0,82.0
712,COMPUTE,272.0,893.0,49.0,65.0,72.0,1502,auto,100.0,82.0
713,COMPUTE,269.0,893.0,49.0,65.0,72.0,1502,auto,100.0,82.0
714,COMPUTE,273.0,893.0,50.0,64.0,72.0,1502,auto,100.0,82.0
715,COMPUTE,272.0,893.0,50.0,65.0,72.0,1502,auto,100.0,82.0
716,COMPUTE,272.0,893.0,50.0,64.0,72.0,1502,auto,100.0,82.0
717,COMPUTE,272.0,893.0,50.0,64.0,72.0,1502,auto,100.0,82.0
718,COMPUTE,270.0,893.0,50.0,64.0,72.0,1502,auto,100.0,81.0
719,COMPUTE,272.0,893.0,50.0,64.0,72.0,1502,auto,100.0,82.0
720,COMPUTE,275.0,900.0,49.0,65.0,72.0,1502,auto,100.0,82.0
721,COMPUTE,275.0,893.0,50.0,65.0,72.0,1502,auto,100.0,82.0
722,COMPUTE,273.0,900.0,50.0,64.0,72.0,1502,auto,100.0,82.0
723,COMPUTE,273.0,900.0,49.0,64.0,72.0,1502,auto,100.0,82.0
724,COMPUTE,273.0,900.0,49.0,64.0,72.0,1502,auto,100.0,82.0
725,COMPUTE,271.0,893.0,50.0,64.0,72.0,1502,auto,100.0,81.0
726,COMPUTE,273.0,900.0,50.0,65.0,72.0,1502,auto,100.0,82.0
727,COMPUTE,272.0,900.0,50.0,64.0,72.0,1502,auto,100.0,82.0
728,COMPUTE,272.0,893.0,50.0,64.0,72.0,1502,auto,100.0,82.0
729,COMPUTE,272.0,893.0,50.0,65.0,72.0,1502,auto,100.0,82.0
730,COMPUTE,273.0,893.0,49.0,64.0,72.0,1502,auto,100.0,82.0
731,COMPUTE,274.0,893.0,49.0,64.0,72.0,1502,auto,100.0,81.0
732,COMPUTE,272.0,900.0,49.0,64.0,72.0,1502,auto,100.0,81.0
733,COMPUTE,273.0,893.0,49.0,65.0,72.0,1502,auto,100.0,82.0
734,COMPUTE,273.0,900.0,50.0,64.0,72.0,1502,auto,100.0,81.0
735,COMPUTE,272.0,893.0,49.0,64.0,72.0,1502,auto,100.0,82.0
736,COMPUTE,272.0,893.0,49.0,64.0,72.0,1502,auto,100.0,82.0
737,COMPUTE,272.0,893.0,49.0,65.0,72.0,1502,auto,100.0,82.0
738,COMPUTE,272.0,893.0,49.0,65.0,72.0,1502,auto,100.0,82.0
739,COMPUTE,273.0,900.0,50.0,64.0,72.0,1502,auto,100.0,82.0
740,COMPUTE,272.0,900.0,50.0,64.0,72.0,1502,auto,100.0,82.0
741,COMPUTE,273.0,893.0,50.0,64.0,72.0,1502,auto,100.0,82.0
742,COMPUTE,272.0,900.0,50.0,64.0,72.0,1502,auto,100.0,81.0
743,COMPUTE,272.0,900.0,49.0,65.0,72.0,1502,auto,100.0,82.0
744,COMPUTE,272.0,893.0,50.0,64.0,71.0,1502,auto,100.0,82.0
745,COMPUTE,273.0,893.0,50.0,65.0,71.0,1502,auto,100.0,82.0
746,COMPUTE,272.0,900.0,50.0,64.0,71.0,1502,auto,100.0,82.0
747,COMPUTE,272.0,893.0,49.0,64.0,71.0,1502,auto,100.0,82.0
748,COMPUTE,272.0,893.0,49.0,64.0,71.0,1502,auto,100.0,82.0
749,COMPUTE,272.0,893.0,50.0,65.0,71.0,1502,auto,100.0,82.0
750,COMPUTE,273.0,893.0,49.0,64.0,71.0,1502,auto,100.0,82.0
751,COMPUTE,272.0,893.0,49.0,64.0,72.0,1502,auto,100.0,82.0
752,COMPUTE,272.0,893.0,49.0,64.0,72.0,1502,auto,100.0,82.0
753,COMPUTE,273.0,893.0,50.0,65.0,71.0,1502,auto,100.0,81.0
754,COMPUTE,272.0,893.0,49.0,64.0,72.0,1502,auto,100.0,82.0
755,COMPUTE,272.0,900.0,50.0,64.0,72.0,1502,auto,100.0,82.0
756,COMPUTE,272.0,893.0,49.0,64.0,72.0,1502,auto,100.0,82.0
757,COMPUTE,270.0,900.0,50.0,64.0,71.0,1502,auto,100.0,81.0
758,COMPUTE,275.0,893.0,50.0,64.0,71.0,1502,auto,100.0,82.0
759,COMPUTE,274.0,893.0,50.0,64.0,72.0,1502,auto,100.0,82.0
760,COMPUTE,272.0,900.0,49.0,65.0,72.0,1502,auto,100.0,82.0
761,COMPUTE,272.0,893.0,50.0,64.0,71.0,1502,auto,100.0,82.0
762,COMPUTE,272.0,893.0,49.0,64.0,71.0,1502,auto,100.0,82.0
763,COMPUTE,269.0,893.0,50.0,65.0,71.0,1502,auto,100.0,82.0
764,COMPUTE,272.0,900.0,50.0,64.0,70.0,1502,auto,100.0,82.0
765,COMPUTE,273.0,893.0,49.0,64.0,72.0,1502,auto,100.0,81.0
766,COMPUTE,272.0,893.0,50.0,64.0,71.0,1502,auto,100.0,82.0
767,COMPUTE,272.0,893.0,50.0,64.0,72.0,1502,auto,100.0,82.0
768,COMPUTE,272.0,893.0,50.0,64.0,72.0,1502,auto,100.0,82.0
769,COMPUTE,272.0,893.0,50.0,64.0,71.0,1502,auto,100.0,82.0
770,COMPUTE,273.0,893.0,49.0,64.0,71.0,1502,auto,100.0,82.0
771,COMPUTE,272.0,893.0,50.0,64.0,71.0,1502,auto,99.0,82.0
772,COMPUTE,272.0,900.0,50.0,64.0,71.0,1502,auto,100.0,81.0
773,COMPUTE,273.0,893.0,49.0,64.0,72.0,1502,auto,100.0,82.0
774,COMPUTE,272.0,893.0,50.0,64.0,71.0,1502,auto,100.0,82.0
775,COMPUTE,274.0,893.0,49.0,64.0,70.0,1502,auto,100.0,82.0
776,COMPUTE,273.0,900.0,49.0,65.0,70.0,1502,auto,100.0,82.0
777,COMPUTE,272.0,893.0,49.0,64.0,70.0,1502,auto,100.0,82.0
778,COMPUTE,272.0,893.0,49.0,64.0,70.0,1502,auto,100.0,82.0
779,COMPUTE,269.0,900.0,49.0,64.0,71.0,1502,auto,100.0,81.0
780,COMPUTE,272.0,893.0,49.0,64.0,71.0,1502,auto,100.0,81.0
781,COMPUTE,272.0,893.0,50.0,64.0,70.0,1502,auto,100.0,82.0
782,COMPUTE,272.0,893.0,49.0,64.0,70.0,1502,auto,100.0,82.0
783,COMPUTE,272.0,893.0,49.0,64.0,70.0,1502,auto,100.0,81.0
784,COMPUTE,270.0,893.0,50.0,64.0,71.0,1502,auto,100.0,82.0
785,COMPUTE,272.0,906.0,49.0,64.0,72.0,1502,auto,100.0,82.0
786,COMPUTE,272.0,893.0,49.0,64.0,70.0,1502,auto,100.0,82.0
787,COMPUTE,272.0,893.0,49.0,64.0,70.0,1502,auto,100.0,82.0
788,COMPUTE,272.0,900.0,49.0,64.0,70.0,1502,auto,100.0,82.0
789,COMPUTE,272.0,893.0,49.0,64.0,71.0,1502,auto,100.0,82.0
790,COMPUTE,272.0,893.0,49.0,64.0,70.0,1502,auto,100.0,81.0
791,COMPUTE,272.0,893.0,49.0,64.0,70.0,1502,auto,100.0,82.0
792,COMPUTE,272.0,893.0,49.0,64.0,71.0,1502,auto,100.0,82.0
793,COMPUTE,272.0,893.0,49.0,64.0,70.0,1502,auto,100.0,82.0
794,COMPUTE,273.0,893.0,49.0,64.0,72.0,1502,auto,100.0,82.0
795,COMPUTE,275.0,900.0,49.0,64.0,70.0,1502,auto,100.0,82.0
796,COMPUTE,272.0,893.0,49.0,64.0,70.0,1502,auto,100.0,82.0
797,COMPUTE,272.0,893.0,50.0,64.0,70.0,1502,auto,100.0,82.0
798,COMPUTE,272.0,900.0,49.0,64.0,70.0,1502,auto,100.0,82.0
799,COMPUTE,272.0,900.0,49.0,64.0,70.0,1502,auto,100.0,82.0
800,COMPUTE,272.0,900.0,49.0,64.0,70.0,1502,auto,100.0,82.0
801,COMPUTE,273.0,893.0,49.0,64.0,72.0,1502,auto,100.0,82.0
802,COMPUTE,272.0,893.0,49.0,64.0,71.0,1502,auto,100.0,82.0
803,COMPUTE,272.0,900.0,50.0,64.0,70.0,1502,auto,100.0,82.0
804,COMPUTE,273.0,893.0,49.0,64.0,70.0,1502,auto,100.0,82.0
805,COMPUTE,272.0,900.0,49.0,64.0,70.0,1502,auto,100.0,82.0
806,COMPUTE,272.0,893.0,49.0,64.0,70.0,1502,auto,100.0,82.0
807,COMPUTE,272.0,893.0,49.0,64.0,70.0,1502,auto,100.0,79.0
808,COMPUTE,272.0,893.0,49.0,64.0,70.0,1502,auto,100.0,82.0
809,COMPUTE,272.0,900.0,49.0,64.0,70.0,1502,auto,100.0,81.0
810,COMPUTE,272.0,900.0,49.0,64.0,70.0,1502,auto,100.0,82.0
811,COMPUTE,272.0,893.0,49.0,64.0,70.0,1502,auto,100.0,82.0
812,COMPUTE,272.0,900.0,50.0,64.0,71.0,1502,auto,100.0,82.0
813,COMPUTE,272.0,893.0,49.0,64.0,71.0,1502,auto,100.0,82.0
814,COMPUTE,273.0,893.0,49.0,64.0,70.0,1502,auto,100.0,82.0
815,COMPUTE,272.0,893.0,49.0,64.0,70.0,1502,auto,100.0,81.0
816,COMPUTE,272.0,893.0,49.0,64.0,70.0,1502,auto,100.0,82.0
817,COMPUTE,272.0,893.0,50.0,64.0,70.0,1502,auto,100.0,82.0
818,COMPUTE,272.0,893.0,50.0,64.0,70.0,1502,auto,100.0,81.0
819,COMPUTE,274.0,893.0,49.0,64.0,71.0,1502,auto,100.0,82.0
820,COMPUTE,270.0,893.0,49.0,64.0,70.0,1502,auto,100.0,81.0
821,COMPUTE,272.0,893.0,50.0,65.0,70.0,1502,auto,100.0,82.0
822,COMPUTE,272.0,893.0,49.0,65.0,70.0,1502,auto,100.0,82.0
823,COMPUTE,273.0,893.0,49.0,65.0,71.0,1502,auto,100.0,82.0
824,COMPUTE,272.0,893.0,49.0,64.0,71.0,1502,auto,100.0,82.0
825,COMPUTE,272.0,893.0,49.0,65.0,71.0,1502,auto,100.0,81.0
826,COMPUTE,274.0,893.0,49.0,64.0,70.0,1502,auto,100.0,82.0
827,COMPUTE,272.0,893.0,49.0,64.0,70.0,1502,auto,100.0,82.0
828,COMPUTE,272.0,900.0,49.0,64.0,70.0,1502,auto,100.0,82.0
829,COMPUTE,272.0,893.0,49.0,64.0,70.0,1502,auto,100.0,82.0
830,COMPUTE,272.0,893.0,49.0,64.0,70.0,1502,auto,100.0,82.0
831,COMPUTE,272.0,893.0,49.0,64.0,70.0,1502,auto,100.0,82.0
832,COMPUTE,272.0,893.0,49.0,64.0,71.0,1502,auto,100.0,82.0
833,COMPUTE,272.0,893.0,49.0,64.0,70.0,1502,auto,100.0,81.0
834,COMPUTE,272.0,893.0,50.0,64.0,70.0,1502,auto,100.0,82.0
835,COMPUTE,272.0,900.0,49.0,64.0,70.0,1502,auto,100.0,82.0
836,COMPUTE,273.0,893.0,49.0,64.0,70.0,1502,auto,100.0,82.0
837,COMPUTE,272.0,893.0,49.0,64.0,70.0,1502,auto,100.0,82.0
838,COMPUTE,272.0,893.0,49.0,64.0,70.0,1502,auto,100.0,82.0
839,COMPUTE,272.0,893.0,49.0,64.0,70.0,1502,auto,100.0,82.0
840,COMPUTE,272.0,893.0,50.0,64.0,70.0,1502,auto,100.0,82.0
841,COMPUTE,273.0,893.0,49.0,64.0,71.0,1502,auto,100.0,82.0
842,COMPUTE,272.0,893.0,49.0,64.0,72.0,1502,auto,100.0,82.0
843,COMPUTE,272.0,900.0,49.0,64.0,72.0,1502,auto,100.0,82.0
844,COMPUTE,272.0,900.0,49.0,64.0,70.0,1502,auto,100.0,82.0
845,COMPUTE,272.0,893.0,49.0,64.0,70.0,1502,auto,100.0,82.0
846,COMPUTE,272.0,900.0,49.0,64.0,70.0,1502,auto,100.0,81.0
847,COMPUTE,272.0,893.0,50.0,64.0,70.0,1502,auto,100.0,82.0
848,COMPUTE,272.0,893.0,49.0,64.0,70.0,1502,auto,100.0,82.0
849,COMPUTE,273.0,900.0,49.0,64.0,70.0,1502,auto,100.0,82.0
850,COMPUTE,272.0,900.0,49.0,64.0,70.0,1502,auto,100.0,82.0
851,COMPUTE,271.0,900.0,49.0,64.0,71.0,1502,auto,100.0,81.0
852,COMPUTE,272.0,900.0,49.0,64.0,70.0,1502,auto,100.0,82.0
853,COMPUTE,272.0,893.0,49.0,64.0,70.0,1502,auto,100.0,82.0
854,COMPUTE,273.0,893.0,49.0,64.0,70.0,1502,auto,100.0,81.0
855,COMPUTE,272.0,900.0,49.0,64.0,70.0,1502,auto,100.0,82.0
856,COMPUTE,272.0,893.0,49.0,64.0,70.0,1502,auto,100.0,82.0
857,COMPUTE,272.0,893.0,49.0,65.0,70.0,1502,auto,100.0,82.0
858,COMPUTE,274.0,893.0,49.0,64.0,70.0,1502,auto,100.0,82.0
859,COMPUTE,272.0,900.0,49.0,64.0,70.0,1502,auto,100.0,82.0
860,COMPUTE,273.0,900.0,50.0,64.0,70.0,1502,auto,100.0,82.0
861,COMPUTE,272.0,900.0,49.0,64.0,70.0,1502,auto,100.0,82.0
862,COMPUTE,272.0,900.0,49.0,64.0,70.0,1502,auto,100.0,82.0
863,COMPUTE,272.0,893.0,49.0,64.0,70.0,1502,auto,100.0,82.0
864,COMPUTE,270.0,900.0,49.0,64.0,71.0,1502,auto,100.0,81.0
865,COMPUTE,273.0,900.0,49.0,64.0,70.0,1502,auto,100.0,82.0
866,COMPUTE,272.0,900.0,49.0,64.0,70.0,1502,auto,100.0,82.0
867,COMPUTE,274.0,893.0,49.0,64.0,70.0,1502,auto,100.0,82.0
868,COMPUTE,272.0,893.0,49.0,64.0,70.0,1502,auto,100.0,82.0
869,COMPUTE,272.0,900.0,49.0,64.0,70.0,1502,auto,100.0,81.0
870,COMPUTE,272.0,900.0,49.0,64.0,71.0,1502,auto,100.0,82.0
871,COMPUTE,272.0,893.0,49.0,64.0,71.0,1502,auto,100.0,82.0
872,COMPUTE,272.0,893.0,49.0,64.0,70.0,1502,auto,100.0,82.0
873,COMPUTE,273.0,893.0,50.0,64.0,71.0,1502,auto,100.0,82.0
874,COMPUTE,272.0,900.0,49.0,64.0,71.0,1502,auto,100.0,82.0
875,COMPUTE,272.0,893.0,49.0,64.0,70.0,1502,auto,100.0,82.0
876,COMPUTE,273.0,900.0,49.0,64.0,70.0,1502,auto,100.0,82.0
877,COMPUTE,273.0,900.0,49.0,64.0,70.0,1502,auto,100.0,82.0
878,COMPUTE,272.0,893.0,49.0,64.0,70.0,1502,auto,100.0,82.0
879,COMPUTE,272.0,900.0,49.0,64.0,70.0,1502,auto,100.0,82.0
880,COMPUTE,272.0,900.0,49.0,64.0,70.0,1502,auto,100.0,82.0
881,COMPUTE,273.0,893.0,49.0,64.0,70.0,1502,auto,100.0,82.0
882,COMPUTE,272.0,893.0,49.0,64.0,70.0,1502,auto,100.0,82.0
883,COMPUTE,264.0,893.0,49.0,64.0,70.0,1502,auto,100.0,80.0
884,COMPUTE,273.0,893.0,49.0,64.0,71.0,1502,auto,100.0,82.0
885,COMPUTE,272.0,893.0,50.0,64.0,70.0,1502,auto,100.0,81.0
886,COMPUTE,272.0,893.0,49.0,64.0,70.0,1502,auto,100.0,82.0
887,COMPUTE,272.0,893.0,49.0,64.0,70.0,1502,auto,100.0,82.0
888,COMPUTE,272.0,893.0,49.0,64.0,70.0,1502,auto,100.0,81.0
889,COMPUTE,272.0,893.0,49.0,64.0,70.0,1502,auto,100.0,82.0
890,COMPUTE,272.0,893.0,49.0,64.0,70.0,1502,auto,100.0,82.0
891,COMPUTE,269.0,893.0,49.0,64.0,70.0,1502,auto,100.0,82.0
892,COMPUTE,272.0,900.0,49.0,64.0,70.0,1502,auto,100.0,82.0
893,COMPUTE,272.0,893.0,49.0,64.0,70.0,1502,auto,100.0,82.0
894,COMPUTE,273.0,893.0,49.0,64.0,70.0,1502,auto,100.0,82.0
895,COMPUTE,272.0,893.0,50.0,64.0,70.0,1502,auto,100.0,82.0
896,COMPUTE,272.0,893.0,50.0,64.0,70.0,1502,auto,100.0,82.0
897,COMPUTE,273.0,900.0,49.0,64.0,71.0,1502,auto,100.0,82.0
898,COMPUTE,272.0,893.0,49.0,64.0,71.0,1502,auto,100.0,82.0
899,COMPUTE,271.0,900.0,49.0,64.0,71.0,1502,auto,100.0,82.0
900,COMPUTE,272.0,893.0,49.0,64.0,71.0,1502,auto,100.0,82.0
901,COMPUTE,272.0,893.0,49.0,64.0,71.0,1502,auto,100.0,81.0
902,COMPUTE,272.0,893.0,49.0,64.0,71.0,1502,auto,100.0,82.0
903,COMPUTE,272.0,900.0,49.0,64.0,71.0,1502,auto,100.0,82.0
904,COMPUTE,272.0,893.0,49.0,64.0,71.0,1502,auto,100.0,82.0
905,COMPUTE,274.0,893.0,49.0,64.0,71.0,1502,auto,100.0,82.0
906,COMPUTE,270.0,900.0,49.0,64.0,71.0,1502,auto,100.0,81.0
907,COMPUTE,272.0,900.0,49.0,64.0,71.0,1502,auto,100.0,82.0
908,COMPUTE,272.0,893.0,49.0,64.0,71.0,1502,auto,100.0,81.0
909,COMPUTE,272.0,893.0,49.0,64.0,71.0,1502,auto,100.0,82.0
910,COMPUTE,272.0,893.0,50.0,64.0,71.0,1502,auto,100.0,82.0
911,COMPUTE,272.0,893.0,49.0,64.0,71.0,1502,auto,100.0,82.0
912,COMPUTE,272.0,893.0,49.0,64.0,71.0,1502,auto,100.0,82.0
913,COMPUTE,272.0,893.0,49.0,64.0,71.0,1502,auto,100.0,82.0
914,COMPUTE,272.0,900.0,49.0,64.0,71.0,1502,auto,100.0,82.0
915,COMPUTE,272.0,900.0,49.0,64.0,71.0,1502,auto,100.0,82.0
916,COMPUTE,272.0,893.0,49.0,64.0,71.0,1502,auto,100.0,82.0
917,COMPUTE,272.0,900.0,49.0,64.0,71.0,1502,auto,100.0,82.0
918,COMPUTE,273.0,893.0,49.0,64.0,71.0,1502,auto,100.0,82.0
919,COMPUTE,270.0,893.0,49.0,64.0,71.0,1502,auto,100.0,82.0
920,COMPUTE,274.0,900.0,49.0,64.0,71.0,1502,auto,100.0,82.0
921,COMPUTE,272.0,893.0,49.0,64.0,71.0,1502,auto,100.0,82.0
922,COMPUTE,272.0,893.0,49.0,64.0,71.0,1502,auto,100.0,82.0
923,COMPUTE,272.0,893.0,49.0,64.0,71.0,1502,auto,100.0,81.0
924,COMPUTE,272.0,893.0,49.0,64.0,71.0,1502,auto,100.0,81.0
925,COMPUTE,272.0,893.0,49.0,64.0,71.0,1502,auto,100.0,82.0
926,COMPUTE,272.0,893.0,49.0,64.0,71.0,1502,auto,100.0,82.0
927,COMPUTE,272.0,893.0,49.0,64.0,71.0,1502,auto,100.0,82.0
928,COMPUTE,272.0,906.0,49.0,64.0,71.0,1502,auto,100.0,82.0
929,COMPUTE,272.0,893.0,49.0,64.0,71.0,1502,auto,100.0,82.0
930,COMPUTE,272.0,893.0,49.0,64.0,71.0,1502,auto,100.0,82.0
931,COMPUTE,272.0,893.0,49.0,64.0,71.0,1502,auto,100.0,82.0
932,COMPUTE,272.0,893.0,49.0,64.0,71.0,1502,auto,100.0,82.0
933,COMPUTE,272.0,893.0,48.0,64.0,71.0,1502,auto,100.0,82.0
934,COMPUTE,272.0,900.0,49.0,63.0,71.0,1502,auto,100.0,82.0
935,COMPUTE,272.0,900.0,49.0,64.0,71.0,1502,auto,100.0,82.0
936,COMPUTE,272.0,900.0,49.0,64.0,71.0,1502,auto,100.0,82.0
937,COMPUTE,272.0,893.0,49.0,64.0,71.0,1502,auto,100.0,82.0
938,COMPUTE,272.0,900.0,49.0,64.0,71.0,1502,auto,100.0,82.0
939,COMPUTE,272.0,893.0,49.0,64.0,71.0,1502,auto,100.0,82.0
940,COMPUTE,272.0,893.0,49.0,64.0,71.0,1502,auto,100.0,82.0
941,COMPUTE,272.0,900.0,49.0,63.0,71.0,1502,auto,100.0,82.0
942,COMPUTE,272.0,900.0,49.0,64.0,71.0,1502,auto,100.0,82.0
943,COMPUTE,270.0,893.0,49.0,64.0,71.0,1502,auto,100.0,81.0
944,COMPUTE,273.0,893.0,49.0,64.0,71.0,1502,auto,100.0,82.0
945,COMPUTE,272.0,893.0,49.0,64.0,71.0,1502,auto,100.0,82.0
946,COMPUTE,272.0,893.0,49.0,64.0,71.0,1502,auto,100.0,82.0
947,COMPUTE,269.0,893.0,49.0,64.0,71.0,1502,auto,100.0,81.0
948,COMPUTE,272.0,893.0,49.0,64.0,71.0,1502,auto,100.0,82.0
949,COMPUTE,271.0,893.0,49.0,64.0,71.0,1502,auto,100.0,81.0
950,COMPUTE,273.0,893.0,49.0,64.0,71.0,1502,auto,100.0,82.0
951,COMPUTE,272.0,893.0,49.0,64.0,71.0,1502,auto,100.0,82.0
952,COMPUTE,272.0,893.0,49.0,64.0,71.0,1502,auto,100.0,82.0
953,COMPUTE,272.0,893.0,49.0,64.0,71.0,1502,auto,100.0,82.0
954,COMPUTE,272.0,893.0,49.0,64.0,71.0,1502,auto,100.0,82.0
955,COMPUTE,272.0,893.0,49.0,64.0,71.0,1502,auto,100.0,82.0
956,COMPUTE,272.0,900.0,49.0,64.0,71.0,1502,auto,100.0,82.0
957,COMPUTE,272.0,893.0,49.0,64.0,71.0,1502,auto,100.0,82.0
958,COMPUTE,272.0,893.0,48.0,64.0,71.0,1502,auto,100.0,82.0
959,COMPUTE,272.0,893.0,49.0,64.0,71.0,1502,auto,100.0,81.0
960,COMPUTE,273.0,900.0,49.0,64.0,71.0,1502,auto,100.0,82.0
961,COMPUTE,273.0,893.0,49.0,63.0,71.0,1502,auto,100.0,82.0
962,COMPUTE,272.0,900.0,49.0,63.0,71.0,1502,auto,100.0,82.0
963,COMPUTE,269.0,900.0,48.0,64.0,71.0,1502,auto,100.0,82.0
964,COMPUTE,273.0,893.0,49.0,64.0,71.0,1502,auto,100.0,82.0
965,COMPUTE,272.0,893.0,49.0,64.0,71.0,1502,auto,100.0,82.0
966,COMPUTE,272.0,893.0,48.0,63.0,70.0,1502,auto,100.0,82.0
967,COMPUTE,272.0,893.0,49.0,63.0,70.0,1502,auto,100.0,82.0
968,COMPUTE,272.0,893.0,49.0,63.0,71.0,1502,auto,100.0,82.0
969,COMPUTE,261.0,893.0,48.0,64.0,70.0,1502,auto,100.0,81.0
970,COMPUTE,272.0,893.0,49.0,64.0,70.0,1502,auto,100.0,82.0
971,COMPUTE,272.0,893.0,49.0,63.0,70.0,1502,auto,100.0,82.0
972,COMPUTE,272.0,893.0,49.0,64.0,71.0,1502,auto,100.0,82.0
973,COMPUTE,272.0,900.0,48.0,64.0,70.0,1502,auto,100.0,81.0
974,COMPUTE,272.0,893.0,48.0,64.0,70.0,1502,auto,100.0,82.0
975,COMPUTE,271.0,900.0,48.0,63.0,70.0,1502,auto,100.0,81.0
976,COMPUTE,272.0,900.0,49.0,64.0,70.0,1502,auto,100.0,82.0
977,COMPUTE,272.0,893.0,49.0,63.0,70.0,1502,auto,100.0,82.0
978,COMPUTE,272.0,893.0,48.0,63.0,70.0,1502,auto,99.0,79.0
979,COMPUTE,272.0,893.0,48.0,64.0,70.0,1502,auto,100.0,82.0
980,COMPUTE,272.0,893.0,48.0,63.0,70.0,1502,auto,100.0,82.0
981,COMPUTE,272.0,900.0,49.0,63.0,71.0,1502,auto,100.0,81.0
982,COMPUTE,269.0,900.0,49.0,64.0,70.0,1502,auto,100.0,82.0
983,COMPUTE,272.0,893.0,49.0,63.0,70.0,1502,auto,100.0,82.0
984,COMPUTE,272.0,893.0,49.0,63.0,70.0,1502,auto,100.0,82.0
985,COMPUTE,272.0,893.0,49.0,63.0,70.0,1502,auto,100.0,82.0
986,COMPUTE,272.0,893.0,48.0,64.0,71.0,1502,auto,100.0,82.0
987,COMPUTE,272.0,900.0,48.0,63.0,70.0,1502,auto,100.0,82.0
988,COMPUTE,272.0,893.0,48.0,63.0,70.0,1502,auto,100.0,82.0
989,COMPUTE,270.0,900.0,48.0,63.0,70.0,1502,auto,100.0,81.0
990,COMPUTE,272.0,900.0,48.0,63.0,70.0,1502,auto,100.0,82.0
991,COMPUTE,272.0,900.0,48.0,63.0,70.0,1502,auto,100.0,82.0
992,COMPUTE,272.0,893.0,48.0,63.0,71.0,1502,auto,100.0,82.0
993,COMPUTE,272.0,893.0,48.0,63.0,70.0,1502,auto,100.0,82.0
994,COMPUTE,272.0,893.0,49.0,63.0,71.0,1502,auto,100.0,82.0
995,COMPUTE,272.0,893.0,49.0,63.0,69.0,1502,auto,100.0,82.0
996,COMPUTE,272.0,893.0,48.0,63.0,69.0,1502,auto,100.0,82.0
997,COMPUTE,272.0,900.0,49.0,63.0,69.0,1502,auto,100.0,82.0
998,COMPUTE,272.0,893.0,48.0,63.0,70.0,1502,auto,100.0,82.0
999,COMPUTE,272.0,893.0,48.0,64.0,69.0,1502,auto,100.0,81.0
1000,COMPUTE,273.0,893.0,48.0,63.0,69.0,1502,auto,100.0,82.0
1001,COMPUTE,272.0,893.0,48.0,63.0,70.0,1502,auto,100.0,82.0
1002,COMPUTE,272.0,893.0,48.0,63.0,69.0,1502,auto,100.0,82.0
1003,COMPUTE,272.0,900.0,48.0,63.0,70.0,1502,auto,100.0,82.0
1004,COMPUTE,272.0,893.0,48.0,63.0,69.0,1502,auto,100.0,82.0
1005,COMPUTE,272.0,900.0,48.0,63.0,69.0,1502,auto,100.0,82.0
1006,COMPUTE,272.0,893.0,49.0,63.0,70.0,1502,auto,100.0,81.0
1007,COMPUTE,272.0,900.0,48.0,63.0,69.0,1502,auto,100.0,82.0
1008,COMPUTE,272.0,900.0,48.0,63.0,69.0,1502,auto,100.0,82.0
1009,COMPUTE,272.0,893.0,48.0,63.0,69.0,1502,auto,100.0,82.0
1010,COMPUTE,272.0,893.0,48.0,63.0,70.0,1502,auto,100.0,81.0
1011,COMPUTE,272.0,893.0,49.0,63.0,71.0,1502,auto,100.0,82.0
1012,COMPUTE,272.0,900.0,48.0,63.0,70.0,1502,auto,100.0,81.0
1013,COMPUTE,272.0,900.0,49.0,63.0,71.0,1502,auto,100.0,82.0
1014,COMPUTE,272.0,893.0,49.0,63.0,70.0,1502,auto,100.0,82.0
1015,COMPUTE,272.0,893.0,48.0,63.0,71.0,1502,auto,100.0,82.0
1016,COMPUTE,272.0,893.0,48.0,63.0,70.0,1502,auto,100.0,82.0
1017,COMPUTE,272.0,893.0,48.0,63.0,70.0,1502,auto,100.0,81.0
1018,COMPUTE,272.0,893.0,48.0,63.0,70.0,1502,auto,100.0,82.0
1019,COMPUTE,272.0,893.0,48.0,63.0,70.0,1502,auto,100.0,82.0
1020,COMPUTE,272.0,900.0,48.0,63.0,69.0,1502,auto,100.0,82.0
1021,COMPUTE,272.0,893.0,48.0,63.0,69.0,1502,auto,100.0,82.0
1022,COMPUTE,272.0,893.0,48.0,64.0,69.0,1502,auto,100.0,82.0
1023,COMPUTE,272.0,893.0,48.0,63.0,69.0,1502,auto,100.0,81.0
1024,COMPUTE,272.0,893.0,48.0,63.0,69.0,1502,auto,100.0,82.0
1025,COMPUTE,272.0,893.0,48.0,63.0,69.0,1502,auto,100.0,82.0
1026,COMPUTE,272.0,893.0,48.0,63.0,69.0,1502,auto,100.0,82.0
1027,COMPUTE,270.0,893.0,49.0,63.0,69.0,1502,auto,100.0,82.0
1028,COMPUTE,272.0,893.0,48.0,64.0,69.0,1502,auto,100.0,82.0
1029,COMPUTE,272.0,900.0,48.0,63.0,69.0,1502,auto,100.0,82.0
1030,COMPUTE,272.0,900.0,48.0,63.0,69.0,1502,auto,100.0,80.0
1031,COMPUTE,272.0,893.0,48.0,63.0,69.0,1502,auto,100.0,82.0
1032,COMPUTE,272.0,893.0,48.0,63.0,69.0,1502,auto,100.0,82.0
1033,COMPUTE,272.0,893.0,48.0,63.0,70.0,1502,auto,100.0,82.0
1034,COMPUTE,272.0,893.0,48.0,63.0,70.0,1502,auto,100.0,82.0
1035,COMPUTE,272.0,893.0,48.0,63.0,69.0,1502,auto,100.0,82.0
1036,COMPUTE,272.0,893.0,48.0,63.0,69.0,1502,auto,100.0,82.0
1037,COMPUTE,272.0,900.0,48.0,63.0,71.0,1502,auto,100.0,82.0
1038,COMPUTE,269.0,893.0,48.0,63.0,69.0,1502,auto,100.0,82.0
1039,COMPUTE,272.0,893.0,48.0,63.0,69.0,1502,auto,100.0,81.0
1040,COMPUTE,272.0,893.0,48.0,63.0,69.0,1502,auto,100.0,82.0
1041,COMPUTE,272.0,893.0,48.0,63.0,69.0,1502,auto,100.0,82.0
1042,COMPUTE,272.0,893.0,48.0,63.0,69.0,1502,auto,100.0,81.0
1043,COMPUTE,272.0,893.0,48.0,63.0,70.0,1502,auto,100.0,82.0
1044,COMPUTE,272.0,893.0,48.0,63.0,69.0,1502,auto,100.0,82.0
1045,COMPUTE,272.0,900.0,48.0,63.0,69.0,1502,auto,100.0,82.0
1046,COMPUTE,272.0,893.0,48.0,63.0,69.0,1502,auto,100.0,82.0
1047,COMPUTE,272.0,900.0,48.0,63.0,69.0,1502,auto,100.0,82.0
1048,COMPUTE,272.0,893.0,48.0,63.0,71.0,1502,auto,100.0,81.0
1049,COMPUTE,272.0,893.0,48.0,63.0,69.0,1502,auto,100.0,82.0
1050,COMPUTE,272.0,893.0,48.0,63.0,69.0,1502,auto,100.0,82.0
1051,COMPUTE,272.0,893.0,48.0,63.0,69.0,1502,auto,100.0,82.0
1052,COMPUTE,272.0,893.0,49.0,63.0,69.0,1502,auto,100.0,82.0
1053,COMPUTE,272.0,893.0,49.0,63.0,69.0,1502,auto,100.0,82.0
1054,COMPUTE,272.0,900.0,48.0,63.0,69.0,1502,auto,100.0,82.0
1055,COMPUTE,272.0,900.0,48.0,63.0,69.0,1502,auto,100.0,82.0
1056,COMPUTE,272.0,893.0,48.0,63.0,69.0,1502,auto,100.0,81.0
1057,COMPUTE,272.0,900.0,48.0,63.0,69.0,1502,auto,100.0,82.0
1058,COMPUTE,272.0,893.0,48.0,63.0,69.0,1502,auto,100.0,82.0
1059,COMPUTE,272.0,893.0,48.0,63.0,70.0,1502,auto,100.0,82.0
1060,COMPUTE,272.0,900.0,48.0,63.0,70.0,1502,auto,100.0,82.0
1061,COMPUTE,272.0,893.0,48.0,63.0,69.0,1502,auto,100.0,82.0
1062,COMPUTE,272.0,906.0,48.0,63.0,69.0,1502,auto,100.0,82.0
1063,COMPUTE,272.0,900.0,48.0,63.0,69.0,1502,auto,100.0,82.0
1064,COMPUTE,272.0,900.0,48.0,63.0,69.0,1502,auto,100.0,82.0
1065,COMPUTE,272.0,893.0,48.0,63.0,70.0,1502,auto,100.0,82.0
1066,COMPUTE,272.0,893.0,48.0,63.0,69.0,1502,auto,100.0,81.0
1067,COMPUTE,272.0,893.0,48.0,63.0,69.0,1502,auto,100.0,81.0
1068,COMPUTE,272.0,893.0,48.0,63.0,70.0,1502,auto,100.0,82.0
1069,COMPUTE,273.0,893.0,48.0,63.0,69.0,1502,auto,100.0,82.0
1070,COMPUTE,272.0,900.0,48.0,63.0,69.0,1502,auto,100.0,82.0
1071,COMPUTE,269.0,893.0,49.0,63.0,69.0,1502,auto,100.0,81.0
1072,COMPUTE,272.0,893.0,48.0,63.0,69.0,1502,auto,100.0,82.0
1073,COMPUTE,272.0,900.0,48.0,63.0,69.0,1502,auto,100.0,82.0
1074,COMPUTE,272.0,893.0,48.0,63.0,69.0,1502,auto,100.0,82.0
1075,COMPUTE,272.0,900.0,49.0,63.0,69.0,1502,auto,100.0,82.0
1076,COMPUTE,272.0,893.0,48.0,63.0,69.0,1502,auto,100.0,81.0
1077,COMPUTE,272.0,893.0,48.0,63.0,69.0,1502,auto,100.0,82.0
1078,COMPUTE,272.0,893.0,48.0,63.0,69.0,1502,auto,100.0,82.0
1079,COMPUTE,272.0,893.0,48.0,63.0,69.0,1502,auto,100.0,81.0
1080,COMPUTE,272.0,900.0,49.0,63.0,69.0,1502,auto,100.0,82.0
1081,COMPUTE,272.0,893.0,49.0,63.0,69.0,1502,auto,100.0,82.0
1082,COMPUTE,272.0,893.0,48.0,63.0,70.0,1502,auto,100.0,82.0
1083,COMPUTE,273.0,893.0,48.0,63.0,69.0,1502,auto,100.0,82.0
1084,COMPUTE,272.0,900.0,48.0,63.0,69.0,1502,auto,100.0,82.0
1085,COMPUTE,272.0,900.0,48.0,63.0,69.0,1502,auto,100.0,81.0
1086,COMPUTE,272.0,900.0,49.0,63.0,69.0,1502,auto,100.0,82.0
1087,COMPUTE,272.0,893.0,48.0,63.0,69.0,1502,auto,100.0,82.0
1088,COMPUTE,272.0,893.0,48.0,63.0,69.0,1502,auto,100.0,82.0
1089,COMPUTE,272.0,893.0,48.0,63.0,69.0,1502,auto,100.0,81.0
1090,COMPUTE,272.0,893.0,48.0,63.0,69.0,1502,auto,100.0,82.0
1091,COMPUTE,273.0,893.0,48.0,63.0,69.0,1502,auto,100.0,82.0
1092,COMPUTE,272.0,893.0,48.0,63.0,70.0,1502,auto,100.0,79.0
1093,COMPUTE,272.0,900.0,48.0,63.0,69.0,1502,auto,100.0,82.0
1094,COMPUTE,272.0,893.0,48.0,63.0,69.0,1502,auto,100.0,82.0
1095,COMPUTE,272.0,893.0,48.0,63.0,69.0,1502,auto,100.0,81.0
1096,COMPUTE,272.0,893.0,48.0,63.0,69.0,1502,auto,100.0,82.0
1097,COMPUTE,272.0,893.0,48.0,63.0,69.0,1502,auto,100.0,82.0
1098,COMPUTE,272.0,900.0,48.0,63.0,69.0,1502,auto,100.0,81.0
1099,COMPUTE,272.0,893.0,48.0,63.0,69.0,1502,auto,100.0,82.0
1100,COMPUTE,272.0,893.0,48.0,63.0,69.0,1502,auto,100.0,82.0
1101,COMPUTE,270.0,893.0,48.0,63.0,69.0,1502,auto,100.0,81.0
1102,COMPUTE,272.0,900.0,49.0,63.0,69.0,1502,auto,100.0,82.0
1103,COMPUTE,272.0,900.0,48.0,64.0,69.0,1502,auto,100.0,82.0
1104,COMPUTE,270.0,893.0,48.0,63.0,69.0,1502,auto,100.0,81.0
1105,COMPUTE,272.0,893.0,48.0,63.0,69.0,1502,auto,100.0,82.0
1106,COMPUTE,272.0,893.0,48.0,63.0,69.0,1502,auto,100.0,82.0
1107,COMPUTE,272.0,893.0,48.0,63.0,69.0,1502,auto,100.0,82.0
1108,COMPUTE,272.0,893.0,49.0,63.0,69.0,1502,auto,100.0,82.0
1109,COMPUTE,272.0,893.0,48.0,63.0,69.0,1502,auto,100.0,82.0
1110,COMPUTE,272.0,893.0,48.0,63.0,69.0,1502,auto,100.0,82.0
1111,COMPUTE,272.0,900.0,48.0,63.0,69.0,1502,auto,100.0,82.0
1112,COMPUTE,272.0,900.0,49.0,63.0,69.0,1502,auto,100.0,82.0
1113,COMPUTE,272.0,893.0,48.0,63.0,69.0,1502,auto,100.0,82.0
1114,COMPUTE,272.0,893.0,48.0,63.0,69.0,1502,auto,100.0,82.0
1115,COMPUTE,272.0,893.0,48.0,63.0,69.0,1502,auto,100.0,79.0
1116,COMPUTE,272.0,900.0,48.0,63.0,69.0,1502,auto,100.0,82.0
1117,COMPUTE,272.0,893.0,48.0,64.0,69.0,1502,auto,100.0,82.0
1118,COMPUTE,272.0,893.0,48.0,63.0,69.0,1502,auto,100.0,82.0
1119,COMPUTE,272.0,900.0,48.0,63.0,69.0,1502,auto,100.0,82.0
1120,COMPUTE,272.0,900.0,48.0,63.0,69.0,1502,auto,100.0,82.0
1121,COMPUTE,272.0,893.0,48.0,63.0,69.0,1502,auto,100.0,82.0
1122,COMPUTE,272.0,900.0,48.0,64.0,69.0,1502,auto,100.0,82.0
1123,COMPUTE,272.0,893.0,48.0,63.0,69.0,1502,auto,100.0,82.0
1124,COMPUTE,272.0,900.0,48.0,64.0,69.0,1502,auto,100.0,79.0
1125,COMPUTE,272.0,893.0,48.0,63.0,69.0,1502,auto,100.0,82.0
1126,COMPUTE,272.0,893.0,48.0,63.0,69.0,1502,auto,100.0,82.0
1127,COMPUTE,272.0,900.0,48.0,63.0,69.0,1502,auto,100.0,82.0
1128,COMPUTE,272.0,893.0,48.0,63.0,69.0,1502,auto,100.0,81.0
1129,COMPUTE,272.0,900.0,48.0,63.0,69.0,1502,auto,100.0,81.0
1130,COMPUTE,272.0,893.0,48.0,64.0,69.0,1502,auto,100.0,82.0
1131,COMPUTE,272.0,900.0,48.0,63.0,69.0,1502,auto,100.0,82.0
1132,COMPUTE,269.0,893.0,48.0,63.0,69.0,1502,auto,100.0,82.0
1133,COMPUTE,272.0,893.0,48.0,63.0,69.0,1502,auto,100.0,81.0
1134,COMPUTE,272.0,900.0,48.0,63.0,69.0,1502,auto,100.0,82.0
1135,COMPUTE,272.0,900.0,48.0,64.0,69.0,1502,auto,100.0,82.0
1136,COMPUTE,272.0,893.0,48.0,63.0,69.0,1502,auto,100.0,82.0
1137,COMPUTE,272.0,893.0,48.0,63.0,69.0,1502,auto,100.0,82.0
1138,COMPUTE,272.0,893.0,48.0,64.0,70.0,1502,auto,100.0,82.0
1139,COMPUTE,272.0,893.0,48.0,63.0,69.0,1502,auto,100.0,82.0
1140,COMPUTE,272.0,893.0,48.0,63.0,70.0,1502,auto,100.0,81.0
1141,COMPUTE,272.0,893.0,48.0,63.0,69.0,1502,auto,100.0,82.0
1142,COMPUTE,272.0,900.0,48.0,63.0,69.0,1502,auto,100.0,82.0
1143,COMPUTE,272.0,900.0,48.0,63.0,69.0,1502,auto,100.0,82.0
1144,COMPUTE,272.0,893.0,49.0,64.0,69.0,1502,auto,100.0,82.0
1145,COMPUTE,272.0,893.0,48.0,63.0,71.0,1502,auto,100.0,81.0
1146,COMPUTE,272.0,893.0,48.0,63.0,69.0,1502,auto,100.0,82.0
1147,COMPUTE,272.0,893.0,48.0,63.0,70.0,1502,auto,100.0,82.0
1148,COMPUTE,270.0,900.0,48.0,63.0,69.0,1502,auto,100.0,82.0
1149,COMPUTE,272.0,893.0,48.0,63.0,69.0,1502,auto,100.0,82.0
1150,COMPUTE,272.0,893.0,48.0,63.0,69.0,1502,auto,100.0,82.0
1151,COMPUTE,270.0,900.0,48.0,63.0,69.0,1502,auto,100.0,81.0
1152,COMPUTE,272.0,900.0,48.0,63.0,69.0,1502,auto,100.0,82.0
1153,COMPUTE,272.0,900.0,48.0,63.0,70.0,1502,auto,100.0,82.0
1154,COMPUTE,271.0,893.0,48.0,63.0,69.0,1502,auto,100.0,82.0
1155,COMPUTE,272.0,893.0,48.0,63.0,69.0,1502,auto,100.0,82.0
1156,COMPUTE,272.0,900.0,49.0,63.0,69.0,1502,auto,100.0,82.0
1157,COMPUTE,272.0,893.0,48.0,63.0,69.0,1502,auto,100.0,81.0
1158,COMPUTE,272.0,893.0,48.0,63.0,69.0,1502,auto,100.0,82.0
1159,COMPUTE,272.0,900.0,48.0,63.0,69.0,1502,auto,100.0,82.0
1160,COMPUTE,272.0,900.0,48.0,63.0,69.0,1502,auto,100.0,82.0
1161,COMPUTE,272.0,900.0,48.0,63.0,69.0,1502,auto,100.0,82.0
1162,COMPUTE,272.0,893.0,48.0,63.0,69.0,1502,auto,100.0,81.0
1163,COMPUTE,272.0,893.0,48.0,63.0,69.0,1502,auto,100.0,82.0
1164,COMPUTE,272.0,893.0,48.0,63.0,69.0,1502,auto,100.0,82.0
1165,COMPUTE,273.0,893.0,48.0,64.0,69.0,1502,auto,100.0,82.0
1166,COMPUTE,272.0,893.0,48.0,63.0,69.0,1502,auto,100.0,82.0
1167,COMPUTE,269.0,893.0,48.0,63.0,69.0,1502,auto,100.0,81.0
1168,COMPUTE,272.0,900.0,48.0,63.0,69.0,1502,auto,100.0,82.0
1169,COMPUTE,272.0,893.0,48.0,63.0,69.0,1502,auto,100.0,82.0
1170,COMPUTE,272.0,893.0,48.0,63.0,69.0,1502,auto,100.0,82.0
1171,COMPUTE,272.0,900.0,48.0,63.0,69.0,1502,auto,100.0,82.0
1172,COMPUTE,272.0,900.0,48.0,63.0,69.0,1502,auto,100.0,82.0
1173,COMPUTE,272.0,906.0,48.0,63.0,69.0,1502,auto,100.0,82.0
1174,COMPUTE,272.0,893.0,48.0,63.0,69.0,1502,auto,100.0,82.0
1175,COMPUTE,272.0,893.0,49.0,63.0,69.0,1502,auto,100.0,82.0
1176,COMPUTE,269.0,893.0,48.0,63.0,69.0,1502,auto,100.0,81.0
1177,COMPUTE,272.0,893.0,48.0,63.0,69.0,1502,auto,100.0,81.0
1178,COMPUTE,272.0,893.0,48.0,63.0,69.0,1502,auto,100.0,82.0
1179,COMPUTE,272.0,893.0,48.0,62.0,69.0,1502,auto,100.0,82.0
1180,COMPUTE,272.0,893.0,49.0,63.0,69.0,1502,auto,100.0,82.0
1181,COMPUTE,272.0,893.0,48.0,63.0,69.0,1502,auto,100.0,82.0
1182,COMPUTE,272.0,893.0,48.0,63.0,69.0,1502,auto,100.0,82.0
1183,COMPUTE,272.0,893.0,48.0,63.0,69.0,1502,auto,100.0,82.0
1184,COMPUTE,272.0,893.0,48.0,63.0,69.0,1502,auto,100.0,79.0
1185,COMPUTE,272.0,900.0,48.0,63.0,69.0,1502,auto,100.0,82.0
1186,COMPUTE,272.0,893.0,48.0,63.0,69.0,1502,auto,100.0,82.0
1187,COMPUTE,272.0,900.0,48.0,63.0,69.0,1502,auto,100.0,82.0
1188,COMPUTE,272.0,893.0,48.0,63.0,69.0,1502,auto,100.0,82.0
1189,COMPUTE,272.0,893.0,48.0,63.0,69.0,1502,auto,100.0,82.0
1190,COMPUTE,272.0,893.0,48.0,63.0,69.0,1502,auto,100.0,82.0
1191,COMPUTE,272.0,893.0,48.0,63.0,69.0,1502,auto,100.0,82.0
1192,COMPUTE,272.0,900.0,48.0,63.0,69.0,1502,auto,100.0,81.0
1193,COMPUTE,272.0,900.0,48.0,63.0,69.0,1502,auto,100.0,82.0
1194,COMPUTE,272.0,893.0,49.0,63.0,69.0,1502,auto,100.0,82.0
1195,COMPUTE,272.0,893.0,48.0,63.0,69.0,1502,auto,100.0,82.0
1196,COMPUTE,269.0,900.0,48.0,63.0,69.0,1502,auto,100.0,81.0
1197,COMPUTE,272.0,893.0,48.0,63.0,69.0,1502,auto,100.0,82.0
1198,COMPUTE,272.0,893.0,48.0,63.0,69.0,1502,auto,100.0,82.0
1199,COMPUTE,272.0,893.0,48.0,63.0,69.0,1502,auto,100.0,82.0
1200,COMPUTE,272.0,893.0,48.0,63.0,69.0,1502,auto,100.0,82.0
1201,COMPUTE,272.0,893.0,48.0,63.0,69.0,1502,auto,100.0,82.0
1202,COMPUTE,272.0,893.0,48.0,63.0,69.0,1502,auto,100.0,82.0
1203,COMPUTE,272.0,900.0,48.0,63.0,69.0,1502,auto,100.0,81.0
1204,COMPUTE,272.0,900.0,48.0,63.0,69.0,1502,auto,100.0,82.0
1205,COMPUTE,272.0,900.0,48.0,63.0,69.0,1502,auto,100.0,82.0
1206,COMPUTE,272.0,900.0,48.0,63.0,69.0,1502,auto,100.0,82.0
1207,COMPUTE,272.0,900.0,48.0,63.0,69.0,1502,auto,100.0,82.0
1208,COMPUTE,272.0,893.0,48.0,63.0,69.0,1502,auto,100.0,82.0
1209,COMPUTE,272.0,893.0,48.0,63.0,69.0,1502,auto,100.0,82.0
1210,COMPUTE,272.0,893.0,48.0,63.0,69.0,1502,auto,100.0,82.0
1211,COMPUTE,272.0,900.0,48.0,63.0,69.0,1502,auto,100.0,82.0
1212,COMPUTE,43.0,656.0,47.0,52.0,56.0,300,auto,0.0,0.0
1213,COMPUTE,41.0,656.0,44.0,48.0,49.0,300,auto,0.0,0.0
1214,COMPUTE,41.0,662.0,44.0,46.0,47.0,300,auto,0.0,0.0
1215,COMPUTE,40.0,656.0,43.0,46.0,46.0,300,auto,0.0,0.0
1216,COMPUTE,40.0,656.0,42.0,45.0,47.0,300,auto,0.0,0.0
1217,COMPUTE,39.0,650.0,42.0,45.0,45.0,300,auto,0.0,0.0
1218,COMPUTE,39.0,656.0,41.0,44.0,46.0,300,auto,0.0,0.0
1219,COMPUTE,39.0,656.0,41.0,44.0,44.0,300,auto,0.0,0.0
1220,COMPUTE,60.0,793.0,41.0,44.0,44.0,1502,auto,3.0,0.0
1221,COMPUTE,55.0,656.0,40.0,44.0,44.0,300,auto,1.0,1.0
1222,COMPUTE,45.0,906.0,40.0,43.0,44.0,300,auto,0.0,1.0
1223,COMPUTE,39.0,656.0,40.0,43.0,43.0,300,auto,0.0,0.0
1224,COMPUTE,39.0,656.0,40.0,43.0,44.0,300,auto,0.0,0.0
1225,COMPUTE,39.0,656.0,39.0,42.0,42.0,300,auto,0.0,0.0
1226,COMPUTE,39.0,656.0,39.0,42.0,42.0,300,auto,0.0,0.0
1227,BOOTUP DEFAULT,39.0,656.0,38.0,42.0,42.0,300,auto,0.0,0.0
1228,BOOTUP DEFAULT,44.0,656.0,38.0,42.0,42.0,300,auto,0.0,2.0
