index,power_profile,power_usage,voltage,edge_temperature,junction_temperature,memory_temperature,sclk,performance,gpu_usage,memory_usage
0,VIDEO,34.0,668.0,20.0,24.0,28.0,300,manual,0.0,0.0
1,VIDEO,34.0,668.0,20.0,24.0,28.0,300,manual,0.0,0.0
2,VIDEO,34.0,662.0,20.0,24.0,28.0,300,manual,0.0,0.0
3,VIDEO,34.0,668.0,20.0,24.0,29.0,300,manual,0.0,0.0
4,VIDEO,34.0,662.0,20.0,25.0,29.0,300,manual,0.0,0.0
5,VIDEO,34.0,662.0,20.0,24.0,28.0,300,manual,0.0,0.0
6,VIDEO,34.0,662.0,20.0,24.0,28.0,300,manual,0.0,0.0
7,VIDEO,34.0,662.0,20.0,24.0,28.0,300,manual,0.0,0.0
8,VIDEO,34.0,662.0,20.0,24.0,28.0,300,manual,0.0,0.0
9,VIDEO,34.0,662.0,20.0,24.0,29.0,300,manual,0.0,0.0
10,VIDEO,34.0,668.0,20.0,24.0,28.0,300,manual,0.0,0.0
11,VIDEO,34.0,662.0,20.0,24.0,28.0,300,manual,0.0,0.0
12,VIDEO,34.0,662.0,20.0,24.0,28.0,300,manual,0.0,0.0
13,VIDEO,34.0,662.0,20.0,24.0,28.0,300,manual,0.0,0.0
14,VIDEO,34.0,662.0,20.0,25.0,28.0,300,manual,0.0,0.0
15,VIDEO,34.0,662.0,20.0,24.0,28.0,300,manual,0.0,0.0
16,VIDEO,34.0,662.0,20.0,24.0,28.0,300,manual,0.0,0.0
17,VIDEO,34.0,662.0,20.0,24.0,28.0,300,manual,0.0,0.0
18,VIDEO,34.0,662.0,20.0,24.0,28.0,300,manual,0.0,0.0
19,VIDEO,34.0,662.0,20.0,24.0,29.0,300,manual,0.0,0.0
20,VIDEO,34.0,675.0,20.0,24.0,28.0,300,manual,0.0,0.0
21,VIDEO,34.0,662.0,20.0,24.0,28.0,300,manual,0.0,0.0
22,VIDEO,34.0,662.0,20.0,24.0,28.0,300,manual,0.0,0.0
23,VIDEO,34.0,662.0,20.0,24.0,28.0,300,manual,0.0,0.0
24,VIDEO,34.0,662.0,20.0,24.0,29.0,300,manual,0.0,0.0
25,VIDEO,34.0,662.0,20.0,24.0,28.0,300,manual,0.0,0.0
26,VIDEO,34.0,668.0,20.0,24.0,28.0,300,manual,0.0,0.0
27,VIDEO,34.0,662.0,20.0,24.0,28.0,300,manual,0.0,0.0
28,VIDEO,34.0,668.0,20.0,25.0,28.0,300,manual,0.0,0.0
29,VIDEO,42.0,662.0,20.0,24.0,28.0,1502,manual,7.0,0.0
30,VIDEO,34.0,662.0,20.0,25.0,28.0,300,manual,0.0,0.0
31,VIDEO,34.0,668.0,20.0,25.0,28.0,300,manual,0.0,0.0
32,VIDEO,34.0,662.0,20.0,24.0,28.0,300,manual,0.0,0.0
33,VIDEO,35.0,912.0,20.0,24.0,29.0,300,manual,0.0,0.0
34,VIDEO,35.0,668.0,20.0,24.0,29.0,300,manual,0.0,0.0
35,VIDEO,36.0,925.0,21.0,24.0,28.0,300,manual,0.0,0.0
36,VIDEO,54.0,668.0,20.0,24.0,28.0,300,manual,3.0,0.0
37,VIDEO,36.0,662.0,20.0,24.0,29.0,300,manual,0.0,0.0
38,VIDEO,36.0,912.0,20.0,24.0,29.0,300,manual,0.0,0.0
39,VIDEO,35.0,662.0,20.0,25.0,29.0,300,manual,0.0,0.0
40,VIDEO,34.0,662.0,20.0,25.0,28.0,300,manual,0.0,0.0
41,VIDEO,34.0,662.0,20.0,25.0,29.0,300,manual,0.0,0.0
42,VIDEO,82.0,918.0,20.0,24.0,28.0,1502,manual,10.0,0.0
43,VIDEO,35.0,662.0,21.0,24.0,29.0,300,manual,0.0,0.0
44,VIDEO,35.0,668.0,20.0,25.0,28.0,300,manual,0.0,0.0
45,VIDEO,35.0,662.0,20.0,24.0,29.0,300,manual,0.0,0.0
46,VIDEO,34.0,662.0,20.0,24.0,29.0,300,manual,0.0,0.0
47,VIDEO,34.0,662.0,20.0,24.0,29.0,300,manual,0.0,0.0
48,VIDEO,35.0,662.0,20.0,24.0,29.0,300,manual,0.0,0.0
49,VIDEO,34.0,662.0,20.0,25.0,29.0,300,manual,0.0,0.0
50,VIDEO,35.0,662.0,20.0,24.0,29.0,300,manual,0.0,0.0
51,VIDEO,34.0,662.0,20.0,24.0,29.0,300,manual,0.0,0.0
52,VIDEO,34.0,662.0,20.0,24.0,29.0,300,manual,0.0,0.0
53,VIDEO,34.0,662.0,20.0,24.0,28.0,300,manual,0.0,0.0
54,VIDEO,34.0,662.0,20.0,24.0,28.0,300,manual,0.0,0.0
55,VIDEO,35.0,668.0,20.0,24.0,28.0,300,manual,0.0,0.0
56,VIDEO,35.0,662.0,20.0,25.0,29.0,300,manual,0.0,0.0
57,VIDEO,34.0,662.0,20.0,24.0,28.0,300,manual,0.0,0.0
58,VIDEO,35.0,662.0,20.0,24.0,28.0,300,manual,0.0,0.0
59,VIDEO,34.0,662.0,20.0,25.0,29.0,300,manual,0.0,0.0
60,VIDEO,34.0,668.0,20.0,24.0,28.0,300,manual,0.0,0.0
61,VIDEO,35.0,662.0,20.0,24.0,28.0,300,manual,0.0,0.0
62,VIDEO,34.0,662.0,20.0,24.0,28.0,300,manual,0.0,0.0
63,VIDEO,35.0,668.0,20.0,24.0,28.0,300,manual,0.0,0.0
64,VIDEO,35.0,662.0,20.0,24.0,28.0,300,manual,0.0,0.0
65,VIDEO,35.0,662.0,20.0,24.0,28.0,300,manual,0.0,0.0
66,VIDEO,35.0,662.0,20.0,24.0,29.0,300,manual,0.0,0.0
67,VIDEO,34.0,662.0,20.0,24.0,28.0,300,manual,0.0,0.0
68,VIDEO,35.0,662.0,20.0,24.0,28.0,300,manual,0.0,0.0
69,VIDEO,35.0,662.0,20.0,24.0,28.0,300,manual,0.0,0.0
70,VIDEO,34.0,662.0,20.0,24.0,28.0,300,manual,0.0,0.0
71,VIDEO,34.0,668.0,20.0,24.0,28.0,300,manual,0.0,0.0
72,VIDEO,35.0,662.0,20.0,24.0,28.0,300,manual,0.0,0.0
73,VIDEO,54.0,662.0,22.0,31.0,34.0,300,manual,22.0,2.0
74,VIDEO,34.0,662.0,20.0,25.0,29.0,300,manual,0.0,0.0
75,VIDEO,36.0,662.0,20.0,25.0,29.0,300,manual,0.0,0.0
76,VIDEO,36.0,668.0,20.0,25.0,29.0,300,manual,0.0,0.0
77,VIDEO,36.0,662.0,20.0,24.0,28.0,300,manual,0.0,0.0
78,VIDEO,36.0,662.0,20.0,24.0,28.0,300,manual,5.0,0.0
79,VIDEO,36.0,668.0,21.0,25.0,29.0,300,manual,0.0,0.0
80,VIDEO,54.0,662.0,21.0,25.0,29.0,300,manual,12.0,1.0
81,VIDEO,34.0,668.0,21.0,25.0,29.0,300,manual,0.0,0.0
82,VIDEO,37.0,662.0,21.0,25.0,29.0,300,manual,0.0,0.0
83,VIDEO,34.0,925.0,21.0,25.0,29.0,300,manual,3.0,0.0
84,VIDEO,36.0,668.0,21.0,25.0,29.0,300,manual,0.0,0.0
85,VIDEO,38.0,712.0,21.0,26.0,29.0,300,manual,7.0,0.0
86,VIDEO,36.0,662.0,21.0,25.0,29.0,300,manual,0.0,0.0
87,VIDEO,37.0,668.0,21.0,25.0,29.0,300,manual,0.0,0.0
88,VIDEO,34.0,668.0,21.0,25.0,29.0,300,manual,0.0,0.0
89,VIDEO,38.0,662.0,24.0,35.0,36.0,300,manual,0.0,0.0
90,VIDEO,253.0,668.0,25.0,37.0,39.0,1502,manual,100.0,48.0
91,VIDEO,290.0,893.0,25.0,36.0,39.0,1502,manual,100.0,41.0
92,VIDEO,314.0,862.0,25.0,35.0,37.0,1472,manual,99.0,36.0
93,VIDEO,300.0,893.0,25.0,34.0,37.0,1502,manual,90.0,26.0
94,VIDEO,313.0,893.0,24.0,31.0,34.0,1472,manual,96.0,33.0
95,VIDEO,188.0,868.0,24.0,28.0,32.0,1502,manual,48.0,39.0
96,VIDEO,36.0,893.0,25.0,29.0,33.0,300,manual,0.0,0.0
97,VIDEO,37.0,662.0,25.0,29.0,34.0,300,manual,0.0,0.0
98,VIDEO,36.0,662.0,25.0,30.0,35.0,300,manual,0.0,0.0
99,VIDEO,38.0,662.0,26.0,32.0,36.0,300,manual,0.0,0.0
100,VIDEO,39.0,662.0,27.0,34.0,38.0,300,manual,0.0,0.0
101,VIDEO,302.0,662.0,28.0,40.0,42.0,1472,manual,100.0,52.0
102,VIDEO,295.0,662.0,28.0,39.0,42.0,1472,manual,100.0,46.0
103,VIDEO,263.0,662.0,28.0,39.0,41.0,1472,manual,100.0,44.0
104,VIDEO,290.0,881.0,28.0,38.0,40.0,1472,manual,100.0,31.0
105,VIDEO,301.0,900.0,27.0,37.0,39.0,1502,manual,93.0,41.0
106,VIDEO,38.0,668.0,28.0,35.0,39.0,300,manual,0.0,0.0
107,VIDEO,39.0,662.0,28.0,36.0,39.0,300,manual,0.0,0.0
108,VIDEO,39.0,662.0,29.0,39.0,41.0,300,manual,0.0,0.0
109,VIDEO,267.0,668.0,29.0,41.0,44.0,1472,manual,100.0,47.0
110,VIDEO,271.0,668.0,29.0,40.0,42.0,1472,manual,100.0,48.0
111,VIDEO,358.0,881.0,29.0,40.0,42.0,1430,manual,100.0,53.0
112,VIDEO,358.0,893.0,29.0,39.0,41.0,1472,manual,99.0,47.0
113,VIDEO,295.0,868.0,28.0,37.0,39.0,1502,manual,95.0,48.0
114,VIDEO,238.0,925.0,28.0,35.0,39.0,1502,manual,88.0,48.0
115,VIDEO,313.0,912.0,27.0,32.0,37.0,1472,manual,96.0,40.0
116,VIDEO,37.0,887.0,27.0,32.0,36.0,300,manual,0.0,0.0
117,VIDEO,39.0,918.0,28.0,32.0,37.0,300,manual,0.0,0.0
118,VIDEO,38.0,918.0,28.0,32.0,36.0,300,manual,0.0,0.0
119,VIDEO,37.0,662.0,28.0,33.0,37.0,300,manual,0.0,0.0
120,VIDEO,39.0,675.0,29.0,34.0,38.0,300,manual,0.0,0.0
121,VIDEO,39.0,668.0,29.0,35.0,39.0,300,manual,0.0,0.0
122,VIDEO,188.0,906.0,31.0,43.0,43.0,1502,manual,79.0,23.0
123,VIDEO,268.0,906.0,28.0,35.0,39.0,1502,manual,88.0,29.0
124,VIDEO,47.0,875.0,29.0,32.0,37.0,1502,manual,21.0,14.0
125,VIDEO,36.0,906.0,29.0,33.0,37.0,300,manual,0.0,0.0
126,VIDEO,39.0,906.0,29.0,33.0,38.0,300,manual,0.0,0.0
127,VIDEO,39.0,662.0,29.0,34.0,38.0,300,manual,0.0,0.0
128,VIDEO,39.0,662.0,29.0,34.0,39.0,300,manual,0.0,0.0
129,VIDEO,39.0,662.0,30.0,35.0,39.0,300,manual,0.0,0.0
130,VIDEO,39.0,662.0,30.0,36.0,40.0,300,manual,0.0,0.0
131,VIDEO,39.0,662.0,31.0,39.0,41.0,300,manual,0.0,0.0
132,VIDEO,39.0,662.0,31.0,44.0,44.0,300,manual,0.0,0.0
133,VIDEO,270.0,662.0,31.0,43.0,45.0,1472,manual,100.0,43.0
134,VIDEO,338.0,662.0,31.0,43.0,45.0,1430,manual,100.0,38.0
135,VIDEO,269.0,906.0,31.0,42.0,44.0,1472,manual,100.0,48.0
136,VIDEO,348.0,906.0,31.0,41.0,43.0,1472,manual,99.0,47.0
137,VIDEO,237.0,906.0,31.0,40.0,42.0,1502,manual,87.0,47.0
138,VIDEO,283.0,900.0,30.0,39.0,42.0,1502,manual,89.0,25.0
139,VIDEO,216.0,900.0,30.0,36.0,39.0,1502,manual,90.0,25.0
140,VIDEO,39.0,662.0,33.0,46.0,46.0,300,manual,3.0,0.0
141,VIDEO,307.0,668.0,32.0,44.0,45.0,1472,manual,100.0,41.0
142,VIDEO,300.0,668.0,32.0,43.0,46.0,1472,manual,100.0,44.0
143,VIDEO,295.0,850.0,32.0,43.0,45.0,1430,manual,100.0,36.0
144,VIDEO,285.0,881.0,31.0,42.0,44.0,1502,manual,99.0,48.0
145,VIDEO,217.0,875.0,31.0,41.0,43.0,1502,manual,90.0,29.0
146,VIDEO,271.0,906.0,31.0,38.0,42.0,1502,manual,89.0,26.0
147,VIDEO,38.0,906.0,30.0,34.0,38.0,300,manual,3.0,1.0
148,VIDEO,39.0,906.0,30.0,34.0,39.0,300,manual,0.0,0.0
149,VIDEO,39.0,893.0,30.0,35.0,39.0,300,manual,0.0,0.0
150,VIDEO,39.0,662.0,31.0,35.0,39.0,300,manual,0.0,0.0
151,VIDEO,39.0,662.0,31.0,35.0,40.0,300,manual,0.0,0.0
152,VIDEO,39.0,662.0,31.0,37.0,41.0,300,manual,0.0,0.0
153,VIDEO,39.0,668.0,31.0,39.0,42.0,300,manual,0.0,0.0
154,VIDEO,305.0,887.0,32.0,44.0,46.0,1472,manual,96.0,48.0
155,VIDEO,325.0,893.0,33.0,47.0,48.0,1430,manual,100.0,41.0
156,VIDEO,39.0,893.0,31.0,36.0,41.0,300,manual,0.0,0.0
157,VIDEO,295.0,881.0,34.0,47.0,48.0,1472,manual,100.0,57.0
158,VIDEO,289.0,893.0,33.0,44.0,45.0,1472,manual,100.0,40.0
159,VIDEO,283.0,893.0,33.0,43.0,44.0,1502,manual,89.0,30.0
160,VIDEO,203.0,893.0,32.0,41.0,44.0,1502,manual,90.0,33.0
161,VIDEO,234.0,893.0,31.0,38.0,42.0,1502,manual,89.0,25.0
162,VIDEO,74.0,912.0,31.0,36.0,40.0,1502,manual,37.0,9.0
163,VIDEO,263.0,906.0,34.0,48.0,48.0,1472,manual,100.0,57.0
164,VIDEO,39.0,906.0,32.0,37.0,41.0,300,manual,0.0,0.0
165,VIDEO,39.0,662.0,32.0,37.0,40.0,300,manual,0.0,0.0
166,VIDEO,39.0,662.0,32.0,38.0,42.0,300,manual,0.0,0.0
167,VIDEO,39.0,662.0,33.0,40.0,43.0,300,manual,0.0,0.0
168,VIDEO,39.0,662.0,33.0,45.0,45.0,300,manual,0.0,0.0
169,VIDEO,291.0,943.0,34.0,45.0,46.0,1472,manual,100.0,52.0
170,VIDEO,39.0,662.0,32.0,37.0,41.0,300,manual,0.0,0.0
171,VIDEO,39.0,662.0,32.0,37.0,41.0,300,manual,0.0,0.0
172,VIDEO,250.0,881.0,34.0,47.0,46.0,1502,manual,88.0,47.0
173,VIDEO,255.0,893.0,33.0,42.0,43.0,1502,manual,88.0,26.0
174,VIDEO,270.0,893.0,32.0,39.0,41.0,1502,manual,87.0,35.0
175,VIDEO,247.0,900.0,32.0,36.0,40.0,1502,manual,61.0,41.0
176,VIDEO,39.0,875.0,32.0,37.0,41.0,300,manual,0.0,0.0
177,VIDEO,39.0,912.0,32.0,37.0,41.0,300,manual,0.0,0.0
178,VIDEO,39.0,662.0,32.0,37.0,41.0,300,manual,0.0,0.0
179,VIDEO,39.0,662.0,33.0,38.0,41.0,300,manual,0.0,0.0
180,VIDEO,39.0,662.0,33.0,39.0,43.0,300,manual,0.0,0.0
181,VIDEO,250.0,893.0,35.0,47.0,47.0,1502,manual,90.0,27.0
182,VIDEO,178.0,906.0,32.0,36.0,41.0,1502,manual,90.0,32.0
183,VIDEO,39.0,900.0,32.0,36.0,41.0,300,manual,0.0,0.0
184,VIDEO,39.0,881.0,32.0,37.0,41.0,300,manual,0.0,0.0
185,VIDEO,39.0,662.0,33.0,37.0,42.0,300,manual,0.0,0.0
186,VIDEO,39.0,662.0,33.0,38.0,41.0,300,manual,0.0,0.0
187,VIDEO,39.0,662.0,33.0,39.0,43.0,300,manual,0.0,0.0
188,VIDEO,39.0,662.0,33.0,41.0,44.0,300,manual,0.0,0.0
189,VIDEO,39.0,662.0,35.0,45.0,47.0,300,manual,0.0,0.0
190,VIDEO,351.0,668.0,35.0,47.0,48.0,1430,manual,100.0,39.0
191,VIDEO,261.0,668.0,35.0,46.0,48.0,1472,manual,100.0,38.0
192,VIDEO,264.0,900.0,34.0,46.0,47.0,1472,manual,100.0,37.0
193,VIDEO,340.0,893.0,34.0,45.0,47.0,1472,manual,100.0,45.0
194,VIDEO,266.0,887.0,34.0,44.0,45.0,1502,manual,99.0,43.0
195,VIDEO,307.0,881.0,33.0,43.0,45.0,1472,manual,97.0,46.0
196,VIDEO,315.0,893.0,33.0,41.0,44.0,1472,manual,93.0,50.0
197,VIDEO,40.0,662.0,35.0,49.0,47.0,300,manual,0.0,0.0
198,VIDEO,296.0,881.0,35.0,48.0,48.0,1472,manual,100.0,49.0
199,VIDEO,39.0,912.0,33.0,37.0,42.0,300,manual,0.0,0.0
200,VIDEO,39.0,918.0,33.0,38.0,42.0,300,manual,0.0,0.0
201,VIDEO,39.0,662.0,33.0,38.0,42.0,300,manual,0.0,0.0
202,VIDEO,39.0,662.0,34.0,39.0,43.0,300,manual,0.0,0.0
203,VIDEO,39.0,918.0,34.0,41.0,44.0,300,manual,0.0,0.0
204,VIDEO,39.0,662.0,34.0,43.0,45.0,300,manual,0.0,0.0
205,VIDEO,39.0,662.0,35.0,47.0,49.0,300,manual,2.0,0.0
206,VIDEO,287.0,662.0,35.0,46.0,48.0,1430,manual,100.0,41.0
207,VIDEO,282.0,662.0,35.0,46.0,48.0,1472,manual,100.0,42.0
208,VIDEO,283.0,850.0,34.0,45.0,47.0,1430,manual,100.0,50.0
209,VIDEO,352.0,875.0,35.0,49.0,49.0,1472,manual,99.0,54.0
210,VIDEO,220.0,850.0,34.0,45.0,46.0,1502,manual,83.0,23.0
211,VIDEO,285.0,881.0,34.0,43.0,45.0,1502,manual,86.0,24.0
212,VIDEO,251.0,875.0,34.0,41.0,43.0,1502,manual,89.0,27.0
213,VIDEO,62.0,662.0,33.0,37.0,42.0,1502,manual,3.0,0.0
214,VIDEO,39.0,662.0,32.0,36.0,39.0,300,manual,0.0,0.0
215,VIDEO,39.0,675.0,32.0,35.0,39.0,300,manual,0.0,0.0
216,VIDEO,38.0,675.0,31.0,35.0,38.0,300,manual,0.0,0.0
217,VIDEO,39.0,662.0,31.0,34.0,38.0,300,manual,0.0,0.0
218,VIDEO,204.0,906.0,33.0,43.0,44.0,1502,manual,85.0,25.0
219,VIDEO,287.0,893.0,34.0,48.0,46.0,1502,manual,92.0,29.0
220,VIDEO,188.0,918.0,35.0,49.0,47.0,1502,manual,84.0,30.0
221,VIDEO,328.0,887.0,35.0,50.0,48.0,1472,manual,92.0,39.0
222,VIDEO,304.0,906.0,36.0,50.0,48.0,1472,manual,89.0,40.0
223,VIDEO,293.0,893.0,37.0,50.0,48.0,1502,manual,92.0,31.0
224,VIDEO,230.0,887.0,37.0,51.0,49.0,1502,manual,82.0,35.0
225,VIDEO,309.0,893.0,37.0,51.0,49.0,1472,manual,93.0,39.0
226,VIDEO,192.0,906.0,37.0,51.0,49.0,1502,manual,89.0,28.0
227,VIDEO,248.0,912.0,37.0,51.0,49.0,1502,manual,88.0,25.0
228,VIDEO,82.0,881.0,38.0,52.0,50.0,1502,manual,44.0,5.0
229,VIDEO,245.0,881.0,38.0,52.0,49.0,1502,manual,89.0,27.0
230,VIDEO,191.0,887.0,38.0,52.0,49.0,1502,manual,79.0,20.0
231,VIDEO,206.0,887.0,38.0,52.0,50.0,1502,manual,80.0,23.0
232,VIDEO,228.0,925.0,38.0,52.0,50.0,1502,manual,82.0,32.0
233,VIDEO,296.0,881.0,38.0,53.0,50.0,1502,manual,87.0,44.0
234,VIDEO,255.0,893.0,38.0,53.0,51.0,1502,manual,89.0,12.0
235,VIDEO,309.0,875.0,39.0,53.0,50.0,1472,manual,94.0,36.0
236,VIDEO,322.0,893.0,39.0,53.0,51.0,1472,manual,94.0,46.0
237,VIDEO,273.0,906.0,39.0,53.0,51.0,1502,manual,87.0,37.0
238,VIDEO,306.0,906.0,39.0,53.0,51.0,1472,manual,92.0,40.0
239,VIDEO,234.0,893.0,39.0,53.0,51.0,1502,manual,88.0,27.0
240,VIDEO,322.0,900.0,39.0,54.0,51.0,1472,manual,96.0,38.0
241,VIDEO,311.0,906.0,40.0,54.0,51.0,1472,manual,93.0,41.0
242,VIDEO,240.0,900.0,40.0,54.0,52.0,1502,manual,85.0,41.0
243,VIDEO,91.0,881.0,40.0,54.0,52.0,1502,manual,54.0,13.0
244,VIDEO,323.0,875.0,39.0,52.0,51.0,1472,manual,100.0,45.0
245,VIDEO,275.0,875.0,40.0,54.0,53.0,1502,manual,97.0,44.0
246,VIDEO,41.0,668.0,39.0,46.0,49.0,300,manual,0.0,0.0
247,VIDEO,40.0,662.0,39.0,46.0,49.0,300,manual,0.0,0.0
248,VIDEO,39.0,662.0,39.0,50.0,50.0,300,manual,0.0,0.0
249,VIDEO,300.0,662.0,39.0,51.0,52.0,1472,manual,100.0,40.0
250,VIDEO,306.0,668.0,39.0,51.0,52.0,1430,manual,100.0,49.0
251,VIDEO,245.0,893.0,38.0,49.0,51.0,1472,manual,100.0,43.0
252,VIDEO,243.0,875.0,38.0,49.0,49.0,1472,manual,100.0,54.0
253,VIDEO,257.0,893.0,37.0,48.0,49.0,1502,manual,97.0,33.0
254,VIDEO,39.0,668.0,38.0,44.0,48.0,300,manual,0.0,0.0
255,VIDEO,305.0,875.0,39.0,51.0,51.0,1472,manual,91.0,26.0
256,VIDEO,219.0,906.0,40.0,54.0,52.0,1502,manual,82.0,36.0
257,VIDEO,39.0,912.0,37.0,41.0,45.0,300,manual,0.0,0.0
258,VIDEO,40.0,906.0,37.0,41.0,45.0,300,manual,0.0,0.0
259,VIDEO,39.0,918.0,37.0,41.0,45.0,300,manual,0.0,0.0
260,VIDEO,39.0,662.0,37.0,42.0,45.0,300,manual,0.0,0.0
261,VIDEO,39.0,662.0,37.0,42.0,46.0,300,manual,0.0,0.0
262,VIDEO,39.0,675.0,37.0,43.0,47.0,300,manual,0.0,0.0
263,VIDEO,290.0,912.0,39.0,50.0,51.0,1502,manual,91.0,43.0
264,VIDEO,212.0,906.0,36.0,41.0,45.0,1502,manual,84.0,35.0
265,VIDEO,39.0,893.0,36.0,40.0,44.0,300,manual,0.0,0.0
266,VIDEO,39.0,918.0,37.0,41.0,45.0,300,manual,0.0,0.0
267,VIDEO,39.0,662.0,36.0,41.0,45.0,300,manual,0.0,0.0
268,VIDEO,39.0,668.0,36.0,41.0,45.0,300,manual,0.0,0.0
269,VIDEO,39.0,668.0,36.0,42.0,46.0,300,manual,0.0,0.0
270,VIDEO,41.0,668.0,37.0,44.0,47.0,300,manual,0.0,0.0
271,VIDEO,245.0,906.0,38.0,50.0,51.0,1502,manual,87.0,29.0
272,VIDEO,39.0,893.0,36.0,40.0,43.0,300,manual,0.0,0.0
273,VIDEO,39.0,881.0,36.0,40.0,44.0,300,manual,0.0,0.0
274,VIDEO,297.0,893.0,39.0,52.0,52.0,1472,manual,100.0,33.0
275,VIDEO,220.0,850.0,38.0,48.0,48.0,1502,manual,99.0,44.0
276,VIDEO,301.0,906.0,37.0,46.0,47.0,1472,manual,96.0,35.0
277,VIDEO,257.0,906.0,36.0,43.0,45.0,1502,manual,87.0,47.0
278,VIDEO,42.0,662.0,39.0,52.0,52.0,300,manual,17.0,2.0
279,VIDEO,339.0,662.0,38.0,50.0,50.0,1430,manual,100.0,49.0
280,VIDEO,289.0,875.0,38.0,49.0,51.0,1430,manual,100.0,52.0
281,VIDEO,339.0,875.0,37.0,48.0,50.0,1430,manual,100.0,45.0
282,VIDEO,256.0,881.0,37.0,47.0,48.0,1502,manual,88.0,21.0
283,VIDEO,331.0,881.0,36.0,45.0,48.0,1472,manual,93.0,27.0
284,VIDEO,304.0,887.0,35.0,42.0,44.0,1472,manual,92.0,35.0
285,VIDEO,39.0,931.0,35.0,39.0,43.0,300,manual,0.0,0.0
286,VIDEO,39.0,912.0,35.0,40.0,43.0,300,manual,0.0,0.0
287,VIDEO,39.0,668.0,36.0,40.0,44.0,300,manual,0.0,0.0
288,VIDEO,54.0,662.0,36.0,41.0,45.0,300,manual,1.0,0.0
289,VIDEO,39.0,675.0,36.0,42.0,46.0,300,manual,0.0,0.0
290,VIDEO,39.0,918.0,37.0,44.0,47.0,300,manual,0.0,0.0
291,VIDEO,295.0,893.0,38.0,49.0,51.0,1472,manual,95.0,38.0
292,VIDEO,39.0,912.0,35.0,40.0,44.0,300,manual,0.0,0.0
293,VIDEO,39.0,912.0,35.0,40.0,43.0,300,manual,0.0,0.0
294,VIDEO,270.0,881.0,38.0,51.0,51.0,1472,manual,100.0,42.0
295,VIDEO,256.0,887.0,37.0,48.0,49.0,1472,manual,99.0,47.0
296,VIDEO,39.0,662.0,37.0,42.0,46.0,300,manual,0.0,0.0
297,VIDEO,312.0,875.0,38.0,51.0,51.0,1472,manual,96.0,28.0
298,VIDEO,40.0,662.0,39.0,50.0,51.0,300,manual,0.0,0.0
299,VIDEO,247.0,906.0,38.0,50.0,51.0,1472,manual,100.0,44.0
300,VIDEO,39.0,900.0,36.0,41.0,45.0,300,manual,0.0,0.0
301,VIDEO,251.0,893.0,39.0,52.0,52.0,1502,manual,100.0,51.0
302,VIDEO,39.0,662.0,37.0,42.0,46.0,300,manual,0.0,0.0
303,VIDEO,221.0,875.0,39.0,51.0,51.0,1502,manual,86.0,29.0
304,VIDEO,317.0,887.0,37.0,46.0,49.0,1472,manual,91.0,30.0
305,VIDEO,278.0,912.0,37.0,44.0,47.0,1502,manual,87.0,51.0
306,VIDEO,315.0,881.0,35.0,40.0,44.0,1502,manual,89.0,50.0
307,VIDEO,265.0,662.0,39.0,52.0,52.0,1472,manual,100.0,36.0
308,VIDEO,343.0,662.0,39.0,50.0,51.0,1472,manual,100.0,42.0
309,VIDEO,265.0,881.0,38.0,49.0,51.0,1472,manual,100.0,44.0
310,VIDEO,281.0,900.0,39.0,52.0,52.0,1430,manual,100.0,40.0
311,VIDEO,311.0,918.0,37.0,48.0,49.0,1472,manual,97.0,40.0
312,VIDEO,39.0,662.0,38.0,44.0,48.0,300,manual,0.0,0.0
313,VIDEO,244.0,906.0,38.0,51.0,51.0,1502,manual,90.0,32.0
314,VIDEO,93.0,881.0,36.0,40.0,45.0,1502,manual,50.0,12.0
315,VIDEO,39.0,912.0,36.0,40.0,44.0,300,manual,0.0,0.0
316,VIDEO,39.0,881.0,36.0,41.0,45.0,300,manual,0.0,0.0
317,VIDEO,39.0,662.0,37.0,41.0,44.0,300,manual,0.0,0.0
318,VIDEO,39.0,662.0,36.0,41.0,44.0,300,manual,0.0,0.0
319,VIDEO,39.0,662.0,37.0,42.0,45.0,300,manual,0.0,0.0
320,VIDEO,239.0,875.0,38.0,51.0,51.0,1502,manual,85.0,44.0
321,VIDEO,221.0,906.0,39.0,52.0,52.0,1502,manual,83.0,45.0
322,VIDEO,223.0,662.0,40.0,53.0,53.0,1502,manual,88.0,12.0
323,VIDEO,289.0,662.0,39.0,51.0,52.0,1472,manual,100.0,42.0
324,VIDEO,287.0,925.0,39.0,50.0,51.0,1430,manual,100.0,42.0
325,VIDEO,304.0,875.0,37.0,49.0,50.0,1472,manual,100.0,35.0
326,VIDEO,279.0,856.0,37.0,48.0,49.0,1502,manual,99.0,42.0
327,VIDEO,212.0,881.0,37.0,46.0,48.0,1502,manual,84.0,34.0
328,VIDEO,40.0,662.0,38.0,46.0,49.0,300,manual,0.0,0.0
329,VIDEO,168.0,912.0,39.0,51.0,51.0,1502,manual,69.0,26.0
330,VIDEO,39.0,900.0,36.0,41.0,45.0,300,manual,0.0,0.0
331,VIDEO,254.0,662.0,39.0,52.0,52.0,1430,manual,100.0,50.0
332,VIDEO,255.0,925.0,38.0,50.0,51.0,1502,manual,100.0,45.0
333,VIDEO,39.0,668.0,37.0,43.0,46.0,300,manual,0.0,0.0
334,VIDEO,40.0,662.0,37.0,43.0,47.0,300,manual,0.0,0.0
335,VIDEO,39.0,662.0,38.0,46.0,48.0,300,manual,0.0,0.0
336,VIDEO,40.0,668.0,39.0,51.0,52.0,300,manual,0.0,0.0
337,VIDEO,275.0,912.0,38.0,50.0,51.0,1472,manual,100.0,49.0
338,VIDEO,39.0,700.0,36.0,41.0,45.0,300,manual,0.0,0.0
339,VIDEO,39.0,662.0,36.0,41.0,45.0,300,manual,0.0,0.0
340,VIDEO,40.0,662.0,37.0,42.0,46.0,300,manual,0.0,0.0
341,VIDEO,291.0,887.0,38.0,51.0,51.0,1502,manual,92.0,39.0
342,VIDEO,256.0,893.0,39.0,52.0,52.0,1502,manual,90.0,48.0
343,VIDEO,292.0,862.0,37.0,43.0,46.0,1502,manual,90.0,41.0
344,VIDEO,278.0,900.0,39.0,52.0,53.0,1472,manual,100.0,51.0
345,VIDEO,39.0,912.0,37.0,41.0,46.0,300,manual,0.0,0.0
346,VIDEO,297.0,881.0,39.0,52.0,52.0,1472,manual,100.0,45.0
347,VIDEO,282.0,900.0,38.0,49.0,50.0,1472,manual,100.0,38.0
348,VIDEO,40.0,662.0,38.0,43.0,47.0,300,manual,0.0,0.0
349,VIDEO,219.0,906.0,39.0,51.0,52.0,1502,manual,87.0,31.0
350,VIDEO,210.0,893.0,36.0,43.0,47.0,1502,manual,88.0,37.0
351,VIDEO,39.0,912.0,37.0,40.0,45.0,1502,manual,0.0,41.0
352,VIDEO,39.0,893.0,36.0,40.0,45.0,300,manual,0.0,0.0
353,VIDEO,39.0,943.0,36.0,41.0,45.0,300,manual,0.0,0.0
354,VIDEO,39.0,662.0,36.0,41.0,45.0,300,manual,0.0,0.0
355,VIDEO,54.0,662.0,37.0,42.0,45.0,300,manual,0.0,0.0
356,VIDEO,328.0,900.0,38.0,51.0,50.0,1472,manual,92.0,36.0
357,VIDEO,266.0,925.0,39.0,52.0,51.0,1502,manual,89.0,26.0
358,VIDEO,263.0,906.0,40.0,53.0,51.0,1502,manual,90.0,36.0
359,VIDEO,250.0,906.0,40.0,53.0,51.0,1502,manual,86.0,41.0
360,VIDEO,222.0,875.0,40.0,54.0,52.0,1502,manual,87.0,29.0
361,VIDEO,244.0,912.0,40.0,54.0,52.0,1502,manual,89.0,32.0
362,VIDEO,205.0,893.0,40.0,54.0,52.0,1502,manual,90.0,28.0
363,VIDEO,286.0,893.0,41.0,54.0,52.0,1502,manual,90.0,22.0
364,VIDEO,328.0,900.0,40.0,54.0,52.0,1472,manual,95.0,31.0
365,VIDEO,262.0,887.0,41.0,54.0,53.0,1502,manual,87.0,45.0
366,VIDEO,276.0,900.0,41.0,54.0,53.0,1502,manual,90.0,35.0
367,VIDEO,81.0,850.0,42.0,55.0,53.0,1502,manual,50.0,20.0
368,VIDEO,263.0,887.0,41.0,55.0,53.0,1472,manual,90.0,28.0
369,VIDEO,307.0,918.0,41.0,55.0,53.0,1472,manual,93.0,26.0
370,VIDEO,313.0,906.0,41.0,55.0,53.0,1472,manual,93.0,45.0
371,VIDEO,324.0,893.0,42.0,55.0,53.0,1472,manual,94.0,40.0
372,VIDEO,270.0,893.0,42.0,55.0,52.0,1502,manual,93.0,30.0
373,VIDEO,238.0,900.0,42.0,56.0,52.0,1502,manual,89.0,30.0
374,VIDEO,328.0,912.0,42.0,56.0,54.0,1472,manual,90.0,29.0
375,VIDEO,232.0,900.0,42.0,56.0,54.0,1502,manual,89.0,21.0
376,VIDEO,305.0,918.0,42.0,56.0,54.0,1472,manual,88.0,22.0
377,VIDEO,322.0,925.0,42.0,56.0,54.0,1472,manual,96.0,29.0
378,VIDEO,342.0,912.0,42.0,57.0,54.0,1472,manual,94.0,30.0
379,VIDEO,266.0,887.0,42.0,56.0,53.0,1502,manual,88.0,27.0
380,VIDEO,236.0,906.0,42.0,56.0,53.0,1502,manual,89.0,29.0
381,VIDEO,250.0,906.0,43.0,57.0,54.0,1502,manual,86.0,45.0
382,VIDEO,42.0,662.0,42.0,55.0,56.0,300,manual,0.0,0.0
383,VIDEO,298.0,662.0,42.0,53.0,54.0,1472,manual,100.0,54.0
384,VIDEO,263.0,887.0,41.0,53.0,54.0,1430,manual,100.0,47.0
385,VIDEO,330.0,881.0,42.0,56.0,55.0,1430,manual,100.0,43.0
386,VIDEO,126.0,893.0,43.0,56.0,55.0,1502,manual,85.0,29.0
387,VIDEO,297.0,893.0,43.0,56.0,55.0,1472,manual,91.0,47.0
388,VIDEO,43.0,662.0,42.0,50.0,51.0,300,manual,0.0,0.0
389,VIDEO,242.0,906.0,42.0,54.0,55.0,1502,manual,87.0,38.0
390,VIDEO,254.0,893.0,42.0,56.0,57.0,1472,manual,100.0,52.0
391,VIDEO,40.0,912.0,41.0,45.0,49.0,300,manual,0.0,0.0
392,VIDEO,39.0,662.0,40.0,45.0,47.0,300,manual,0.0,0.0
393,VIDEO,356.0,912.0,42.0,55.0,54.0,1430,manual,100.0,40.0
394,VIDEO,248.0,875.0,42.0,56.0,56.0,1502,manual,86.0,33.0
395,VIDEO,43.0,662.0,42.0,49.0,52.0,300,manual,0.0,0.0
396,VIDEO,41.0,662.0,42.0,51.0,53.0,300,manual,0.0,0.0
397,VIDEO,292.0,906.0,41.0,54.0,55.0,1472,manual,100.0,36.0
398,VIDEO,39.0,893.0,39.0,44.0,48.0,300,manual,0.0,0.0
399,VIDEO,39.0,668.0,40.0,44.0,48.0,300,manual,0.0,0.0
400,VIDEO,242.0,875.0,42.0,54.0,55.0,1430,manual,100.0,52.0
401,VIDEO,259.0,925.0,41.0,51.0,52.0,1472,manual,91.0,53.0
402,VIDEO,300.0,850.0,40.0,49.0,51.0,1472,manual,98.0,50.0
403,VIDEO,285.0,893.0,40.0,47.0,50.0,1502,manual,89.0,34.0
404,VIDEO,308.0,881.0,42.0,54.0,54.0,1472,manual,95.0,36.0
405,VIDEO,39.0,875.0,39.0,43.0,47.0,300,manual,0.0,0.0
406,VIDEO,39.0,893.0,39.0,43.0,47.0,300,manual,0.0,0.0
407,VIDEO,296.0,906.0,42.0,54.0,55.0,1472,manual,100.0,42.0
408,VIDEO,273.0,887.0,40.0,52.0,52.0,1472,manual,99.0,33.0
409,VIDEO,42.0,662.0,40.0,46.0,49.0,300,manual,0.0,0.0
410,VIDEO,232.0,893.0,41.0,53.0,54.0,1502,manual,87.0,42.0
411,VIDEO,297.0,893.0,39.0,43.0,47.0,1502,manual,91.0,30.0
412,VIDEO,39.0,875.0,39.0,43.0,47.0,300,manual,0.0,0.0
413,VIDEO,277.0,893.0,41.0,54.0,55.0,1472,manual,100.0,45.0
414,VIDEO,39.0,925.0,39.0,44.0,48.0,300,manual,0.0,0.0
415,VIDEO,55.0,668.0,39.0,43.0,48.0,300,manual,0.0,0.0
416,VIDEO,285.0,868.0,42.0,54.0,54.0,1502,manual,99.0,41.0
417,VIDEO,306.0,893.0,42.0,55.0,54.0,1472,manual,97.0,40.0
418,VIDEO,316.0,912.0,40.0,49.0,51.0,1472,manual,97.0,37.0
419,VIDEO,41.0,662.0,41.0,50.0,52.0,300,manual,0.0,0.0
420,VIDEO,43.0,662.0,41.0,53.0,53.0,300,manual,0.0,0.0
421,VIDEO,207.0,662.0,41.0,53.0,54.0,1472,manual,83.0,31.0
422,VIDEO,253.0,662.0,41.0,52.0,54.0,1472,manual,100.0,47.0
423,VIDEO,325.0,662.0,40.0,52.0,53.0,1430,manual,100.0,44.0
424,VIDEO,272.0,893.0,40.0,51.0,52.0,1472,manual,100.0,46.0
425,VIDEO,275.0,893.0,41.0,54.0,55.0,1472,manual,100.0,44.0
426,VIDEO,39.0,662.0,40.0,45.0,49.0,300,manual,0.0,0.0
427,VIDEO,40.0,662.0,40.0,46.0,49.0,300,manual,0.0,0.0
428,VIDEO,255.0,925.0,41.0,53.0,54.0,1502,manual,89.0,27.0
429,VIDEO,41.0,668.0,42.0,54.0,54.0,300,manual,0.0,0.0
430,VIDEO,240.0,900.0,41.0,53.0,54.0,1502,manual,100.0,46.0
431,VIDEO,317.0,662.0,42.0,55.0,56.0,1430,manual,100.0,34.0
432,VIDEO,327.0,906.0,41.0,52.0,54.0,1430,manual,100.0,40.0
433,VIDEO,263.0,843.0,41.0,55.0,55.0,1430,manual,100.0,33.0
434,VIDEO,294.0,893.0,40.0,51.0,52.0,1472,manual,99.0,45.0
435,VIDEO,258.0,875.0,40.0,50.0,51.0,1502,manual,89.0,41.0
436,VIDEO,271.0,893.0,39.0,47.0,50.0,1502,manual,91.0,47.0
437,VIDEO,324.0,893.0,38.0,44.0,48.0,1472,manual,97.0,38.0
438,VIDEO,62.0,893.0,41.0,54.0,54.0,1502,manual,35.0,9.0
439,VIDEO,268.0,668.0,42.0,55.0,56.0,1430,manual,100.0,52.0
440,VIDEO,263.0,881.0,41.0,53.0,54.0,1430,manual,100.0,47.0
441,VIDEO,263.0,893.0,42.0,55.0,55.0,1472,manual,100.0,35.0
442,VIDEO,287.0,856.0,41.0,52.0,52.0,1472,manual,100.0,38.0
443,VIDEO,259.0,881.0,42.0,55.0,53.0,1472,manual,86.0,20.0
444,VIDEO,273.0,893.0,40.0,50.0,51.0,1502,manual,92.0,48.0
445,VIDEO,39.0,662.0,41.0,48.0,51.0,300,manual,0.0,0.0
446,VIDEO,42.0,662.0,41.0,49.0,51.0,300,manual,0.0,0.0
447,VIDEO,273.0,906.0,41.0,52.0,54.0,1472,manual,100.0,43.0
448,VIDEO,39.0,925.0,39.0,43.0,46.0,300,manual,0.0,0.0
449,VIDEO,256.0,662.0,41.0,54.0,55.0,1472,manual,100.0,50.0
450,VIDEO,282.0,881.0,40.0,52.0,52.0,1472,manual,100.0,41.0
451,VIDEO,290.0,912.0,40.0,51.0,51.0,1472,manual,100.0,53.0
452,VIDEO,289.0,906.0,41.0,55.0,54.0,1502,manual,98.0,37.0
453,VIDEO,332.0,893.0,39.0,49.0,51.0,1472,manual,96.0,35.0
454,VIDEO,255.0,850.0,39.0,48.0,50.0,1502,manual,89.0,43.0
455,VIDEO,256.0,893.0,41.0,54.0,54.0,1502,manual,89.0,27.0
456,VIDEO,40.0,875.0,39.0,43.0,47.0,1502,manual,3.0,1.0
457,VIDEO,39.0,862.0,38.0,43.0,46.0,300,manual,0.0,0.0
458,VIDEO,39.0,912.0,38.0,43.0,46.0,300,manual,0.0,0.0
459,VIDEO,39.0,662.0,38.0,43.0,47.0,300,manual,0.0,0.0
460,VIDEO,39.0,662.0,38.0,43.0,47.0,300,manual,0.0,0.0
461,VIDEO,258.0,881.0,41.0,53.0,53.0,1502,manual,87.0,34.0
462,VIDEO,41.0,662.0,40.0,47.0,50.0,300,manual,0.0,0.0
463,VIDEO,42.0,668.0,40.0,49.0,51.0,300,manual,0.0,0.0
464,VIDEO,60.0,668.0,41.0,52.0,54.0,300,manual,24.0,5.0
465,VIDEO,292.0,862.0,40.0,52.0,53.0,1472,manual,100.0,50.0
466,VIDEO,39.0,887.0,39.0,42.0,47.0,300,manual,0.0,0.0
467,VIDEO,243.0,900.0,41.0,54.0,54.0,1472,manual,100.0,51.0
468,VIDEO,279.0,893.0,40.0,51.0,52.0,1472,manual,100.0,54.0
469,VIDEO,40.0,668.0,39.0,45.0,48.0,300,manual,0.0,0.0
470,VIDEO,39.0,662.0,39.0,44.0,48.0,300,manual,0.0,0.0
471,VIDEO,328.0,881.0,40.0,52.0,53.0,1472,manual,93.0,33.0
472,VIDEO,273.0,887.0,38.0,44.0,48.0,1502,manual,87.0,42.0
473,VIDEO,66.0,906.0,38.0,42.0,46.0,1502,manual,27.0,5.0
474,VIDEO,272.0,925.0,40.0,54.0,54.0,1472,manual,100.0,45.0
475,VIDEO,256.0,906.0,41.0,55.0,55.0,1430,manual,100.0,33.0
476,VIDEO,39.0,925.0,39.0,44.0,48.0,300,manual,0.0,0.0
477,VIDEO,252.0,862.0,41.0,54.0,54.0,1472,manual,100.0,45.0
478,VIDEO,297.0,875.0,42.0,55.0,54.0,1502,manual,99.0,52.0
479,VIDEO,307.0,900.0,42.0,55.0,55.0,1472,manual,98.0,51.0
480,VIDEO,39.0,875.0,39.0,43.0,47.0,300,manual,14.0,0.0
481,VIDEO,314.0,912.0,41.0,54.0,53.0,1472,manual,96.0,43.0
482,VIDEO,293.0,881.0,42.0,55.0,53.0,1472,manual,93.0,29.0
483,VIDEO,297.0,912.0,42.0,55.0,53.0,1472,manual,94.0,30.0
484,VIDEO,296.0,906.0,42.0,56.0,54.0,1502,manual,91.0,32.0
485,VIDEO,325.0,843.0,42.0,56.0,53.0,1472,manual,95.0,36.0
486,VIDEO,282.0,850.0,42.0,56.0,53.0,1472,manual,90.0,32.0
487,VIDEO,208.0,900.0,43.0,56.0,54.0,1502,manual,87.0,29.0
488,VIDEO,275.0,931.0,42.0,56.0,53.0,1502,manual,84.0,33.0
489,VIDEO,281.0,931.0,43.0,56.0,53.0,1472,manual,88.0,30.0
490,VIDEO,259.0,925.0,43.0,56.0,54.0,1502,manual,90.0,35.0
491,VIDEO,323.0,875.0,43.0,56.0,54.0,1472,manual,94.0,43.0
492,VIDEO,285.0,906.0,43.0,57.0,55.0,1502,manual,85.0,34.0
493,VIDEO,226.0,906.0,43.0,57.0,54.0,1502,manual,81.0,13.0
494,VIDEO,278.0,900.0,43.0,57.0,55.0,1502,manual,87.0,36.0
495,VIDEO,274.0,856.0,43.0,57.0,55.0,1502,manual,91.0,28.0
496,VIDEO,318.0,906.0,44.0,57.0,54.0,1472,manual,89.0,30.0
497,VIDEO,299.0,881.0,43.0,58.0,54.0,1472,manual,93.0,33.0
498,VIDEO,241.0,881.0,43.0,57.0,55.0,1502,manual,90.0,28.0
499,VIDEO,252.0,881.0,43.0,57.0,55.0,1502,manual,85.0,23.0
500,VIDEO,328.0,912.0,44.0,58.0,56.0,1472,manual,92.0,44.0
501,VIDEO,255.0,925.0,43.0,58.0,55.0,1502,manual,88.0,24.0
502,VIDEO,280.0,900.0,44.0,58.0,55.0,1472,manual,89.0,39.0
503,VIDEO,282.0,912.0,44.0,58.0,56.0,1472,manual,89.0,37.0
504,VIDEO,329.0,925.0,44.0,58.0,56.0,1472,manual,94.0,27.0
505,VIDEO,308.0,906.0,44.0,58.0,55.0,1472,manual,94.0,30.0
506,VIDEO,304.0,668.0,43.0,56.0,56.0,1472,manual,100.0,58.0
507,VIDEO,266.0,875.0,43.0,54.0,55.0,1472,manual,100.0,43.0
508,VIDEO,301.0,875.0,44.0,57.0,57.0,1430,manual,100.0,51.0
509,VIDEO,41.0,662.0,42.0,48.0,51.0,300,manual,0.0,0.0
510,VIDEO,237.0,875.0,43.0,56.0,56.0,1502,manual,92.0,31.0
511,VIDEO,229.0,868.0,42.0,50.0,52.0,1502,manual,86.0,47.0
512,VIDEO,237.0,912.0,40.0,46.0,50.0,1502,manual,87.0,30.0
513,VIDEO,239.0,900.0,43.0,56.0,57.0,1502,manual,100.0,54.0
514,VIDEO,279.0,893.0,44.0,57.0,57.0,1472,manual,100.0,40.0
515,VIDEO,39.0,912.0,42.0,46.0,50.0,300,manual,0.0,0.0
516,VIDEO,40.0,662.0,41.0,46.0,49.0,300,manual,0.0,0.0
517,VIDEO,65.0,662.0,41.0,46.0,49.0,1502,manual,4.0,0.0
518,VIDEO,39.0,662.0,41.0,47.0,50.0,300,manual,0.0,0.0
519,VIDEO,42.0,662.0,42.0,49.0,51.0,300,manual,0.0,0.0
520,VIDEO,157.0,856.0,43.0,54.0,55.0,1502,manual,63.0,28.0
521,VIDEO,39.0,887.0,40.0,44.0,48.0,300,manual,0.0,0.0
522,VIDEO,295.0,668.0,42.0,56.0,56.0,1472,manual,100.0,53.0
523,VIDEO,295.0,893.0,42.0,53.0,54.0,1472,manual,100.0,36.0
524,VIDEO,258.0,875.0,41.0,51.0,52.0,1502,manual,99.0,53.0
525,VIDEO,320.0,912.0,40.0,49.0,51.0,1472,manual,97.0,27.0
526,VIDEO,316.0,893.0,40.0,47.0,50.0,1472,manual,93.0,48.0
527,VIDEO,318.0,925.0,39.0,43.0,47.0,1502,manual,88.0,38.0
528,VIDEO,255.0,906.0,42.0,55.0,56.0,1502,manual,100.0,46.0
529,VIDEO,39.0,925.0,40.0,44.0,47.0,300,manual,0.0,0.0
530,VIDEO,39.0,662.0,40.0,45.0,48.0,300,manual,0.0,0.0
531,VIDEO,41.0,662.0,40.0,45.0,47.0,300,manual,0.0,0.0
532,VIDEO,247.0,893.0,42.0,54.0,54.0,1502,manual,87.0,43.0
533,VIDEO,41.0,668.0,42.0,50.0,51.0,300,manual,0.0,0.0
534,VIDEO,58.0,906.0,42.0,54.0,55.0,300,manual,21.0,5.0
535,VIDEO,39.0,893.0,39.0,43.0,48.0,300,manual,0.0,0.0
536,VIDEO,260.0,843.0,42.0,54.0,56.0,1430,manual,100.0,36.0
537,VIDEO,301.0,875.0,41.0,52.0,52.0,1430,manual,100.0,50.0
538,VIDEO,41.0,662.0,40.0,45.0,49.0,300,manual,0.0,0.0
539,VIDEO,244.0,862.0,42.0,54.0,54.0,1502,manual,89.0,43.0
540,VIDEO,281.0,893.0,39.0,46.0,50.0,1472,manual,90.0,48.0
541,VIDEO,315.0,868.0,39.0,43.0,47.0,1472,manual,93.0,52.0
542,VIDEO,39.0,912.0,39.0,43.0,46.0,300,manual,0.0,0.0
543,VIDEO,40.0,925.0,39.0,43.0,46.0,300,manual,0.0,0.0
544,VIDEO,341.0,893.0,42.0,54.0,54.0,1472,manual,100.0,37.0
545,VIDEO,41.0,662.0,40.0,45.0,49.0,300,manual,0.0,0.0
546,VIDEO,272.0,875.0,42.0,54.0,54.0,1502,manual,88.0,29.0
547,VIDEO,316.0,906.0,40.0,47.0,49.0,1472,manual,95.0,38.0
548,VIDEO,43.0,668.0,42.0,55.0,54.0,300,manual,0.0,0.0
549,VIDEO,290.0,662.0,41.0,53.0,54.0,1472,manual,100.0,40.0
550,VIDEO,284.0,918.0,40.0,52.0,54.0,1472,manual,100.0,57.0
551,VIDEO,281.0,875.0,42.0,55.0,55.0,1472,manual,100.0,39.0
552,VIDEO,40.0,668.0,40.0,46.0,49.0,300,manual,0.0,0.0
553,VIDEO,41.0,668.0,41.0,47.0,49.0,300,manual,0.0,0.0
554,VIDEO,302.0,887.0,41.0,52.0,53.0,1472,manual,96.0,38.0
555,VIDEO,344.0,662.0,42.0,55.0,56.0,1404,manual,100.0,46.0
556,VIDEO,274.0,662.0,40.0,53.0,54.0,1472,manual,100.0,44.0
557,VIDEO,236.0,875.0,41.0,52.0,53.0,1472,manual,100.0,41.0
558,VIDEO,290.0,893.0,40.0,50.0,52.0,1472,manual,99.0,50.0
559,VIDEO,207.0,875.0,40.0,49.0,51.0,1502,manual,86.0,34.0
560,VIDEO,213.0,893.0,41.0,54.0,54.0,1502,manual,87.0,33.0
561,VIDEO,40.0,662.0,41.0,51.0,53.0,300,manual,0.0,0.0
562,VIDEO,284.0,881.0,41.0,53.0,55.0,1430,manual,100.0,50.0
563,VIDEO,39.0,893.0,39.0,43.0,47.0,300,manual,0.0,0.0
564,VIDEO,39.0,662.0,39.0,43.0,47.0,300,manual,0.0,0.0
565,VIDEO,297.0,893.0,41.0,54.0,54.0,1430,manual,100.0,52.0
566,VIDEO,40.0,662.0,40.0,45.0,48.0,300,manual,0.0,0.0
567,VIDEO,39.0,662.0,40.0,46.0,50.0,300,manual,0.0,0.0
568,VIDEO,41.0,662.0,41.0,50.0,51.0,300,manual,0.0,0.0
569,VIDEO,257.0,668.0,41.0,53.0,54.0,1430,manual,100.0,32.0
570,VIDEO,365.0,893.0,40.0,52.0,53.0,1430,manual,100.0,44.0
571,VIDEO,39.0,662.0,39.0,43.0,47.0,300,manual,0.0,0.0
572,VIDEO,283.0,881.0,41.0,54.0,54.0,1472,manual,100.0,55.0
573,VIDEO,258.0,893.0,41.0,55.0,54.0,1502,manual,90.0,40.0
574,VIDEO,221.0,887.0,42.0,55.0,55.0,1502,manual,90.0,34.0
575,VIDEO,41.0,668.0,41.0,51.0,53.0,300,manual,0.0,0.0
576,VIDEO,66.0,925.0,41.0,54.0,54.0,1502,manual,40.0,2.0
577,VIDEO,308.0,662.0,42.0,55.0,56.0,1430,manual,100.0,41.0
578,VIDEO,291.0,906.0,41.0,53.0,54.0,1472,manual,100.0,32.0
579,VIDEO,253.0,843.0,42.0,55.0,55.0,1472,manual,100.0,36.0
580,VIDEO,39.0,675.0,40.0,45.0,49.0,300,manual,0.0,0.0
581,VIDEO,306.0,881.0,41.0,54.0,54.0,1472,manual,96.0,48.0
582,VIDEO,228.0,868.0,40.0,47.0,50.0,1502,manual,90.0,40.0
583,VIDEO,43.0,662.0,42.0,54.0,53.0,300,manual,0.0,0.0
584,VIDEO,258.0,893.0,41.0,54.0,54.0,1502,manual,100.0,48.0
585,VIDEO,260.0,662.0,42.0,55.0,56.0,1430,manual,100.0,44.0
586,VIDEO,303.0,893.0,41.0,53.0,54.0,1472,manual,100.0,53.0
587,VIDEO,280.0,875.0,42.0,55.0,55.0,1430,manual,100.0,54.0
588,VIDEO,40.0,668.0,41.0,46.0,50.0,300,manual,0.0,0.0
589,VIDEO,268.0,906.0,42.0,54.0,54.0,1472,manual,90.0,44.0
590,VIDEO,214.0,875.0,39.0,44.0,49.0,1502,manual,82.0,30.0
591,VIDEO,293.0,906.0,42.0,55.0,56.0,1430,manual,100.0,45.0
592,VIDEO,265.0,875.0,42.0,55.0,56.0,1472,manual,100.0,52.0
593,VIDEO,375.0,850.0,42.0,56.0,56.0,1430,manual,100.0,47.0
594,VIDEO,346.0,893.0,42.0,56.0,56.0,1430,manual,99.0,43.0
595,VIDEO,41.0,662.0,41.0,47.0,51.0,300,manual,0.0,0.0
596,VIDEO,329.0,900.0,42.0,54.0,54.0,1472,manual,93.0,33.0
597,VIDEO,43.0,662.0,42.0,53.0,53.0,300,manual,0.0,0.0
598,VIDEO,224.0,906.0,42.0,54.0,56.0,1502,manual,100.0,54.0
599,VIDEO,295.0,912.0,42.0,56.0,56.0,1430,manual,100.0,52.0
600,VIDEO,39.0,925.0,40.0,45.0,48.0,300,manual,0.0,0.0
601,VIDEO,260.0,856.0,42.0,55.0,55.0,1430,manual,100.0,37.0
602,VIDEO,39.0,668.0,41.0,46.0,49.0,300,manual,0.0,0.0
603,VIDEO,56.0,900.0,41.0,47.0,50.0,1502,manual,6.0,8.0
604,VIDEO,251.0,943.0,42.0,55.0,54.0,1502,manual,86.0,26.0
605,VIDEO,275.0,893.0,42.0,56.0,54.0,1472,manual,89.0,31.0
606,VIDEO,313.0,925.0,42.0,57.0,55.0,1472,manual,94.0,44.0
607,VIDEO,268.0,900.0,43.0,56.0,54.0,1502,manual,91.0,42.0
608,VIDEO,219.0,912.0,43.0,56.0,55.0,1502,manual,85.0,22.0
609,VIDEO,155.0,925.0,43.0,57.0,55.0,1502,manual,53.0,12.0
610,VIDEO,294.0,875.0,43.0,57.0,55.0,1502,manual,91.0,41.0
611,VIDEO,280.0,931.0,43.0,57.0,55.0,1472,manual,90.0,31.0
612,VIDEO,316.0,887.0,43.0,57.0,55.0,1472,manual,97.0,30.0
613,VIDEO,243.0,875.0,43.0,57.0,55.0,1502,manual,89.0,29.0
614,VIDEO,325.0,906.0,43.0,57.0,55.0,1472,manual,95.0,31.0
615,VIDEO,293.0,925.0,44.0,57.0,55.0,1472,manual,92.0,26.0
616,VIDEO,318.0,931.0,44.0,57.0,55.0,1472,manual,92.0,33.0
617,VIDEO,247.0,937.0,44.0,57.0,55.0,1502,manual,83.0,28.0
618,VIDEO,233.0,887.0,44.0,58.0,56.0,1502,manual,85.0,31.0
619,VIDEO,233.0,906.0,44.0,58.0,56.0,1502,manual,85.0,36.0
620,VIDEO,259.0,887.0,44.0,58.0,56.0,1472,manual,91.0,33.0
621,VIDEO,242.0,925.0,44.0,58.0,56.0,1502,manual,83.0,44.0
622,VIDEO,285.0,868.0,44.0,58.0,56.0,1472,manual,93.0,43.0
623,VIDEO,320.0,856.0,44.0,58.0,56.0,1502,manual,80.0,33.0
624,VIDEO,262.0,881.0,45.0,58.0,56.0,1472,manual,92.0,31.0
625,VIDEO,334.0,906.0,44.0,58.0,56.0,1472,manual,92.0,29.0
626,VIDEO,325.0,906.0,44.0,58.0,56.0,1472,manual,95.0,41.0
627,VIDEO,287.0,906.0,44.0,58.0,56.0,1472,manual,91.0,22.0
628,VIDEO,323.0,925.0,44.0,59.0,56.0,1472,manual,88.0,23.0
629,VIDEO,324.0,662.0,45.0,59.0,56.0,1472,manual,94.0,26.0
630,VIDEO,43.0,662.0,43.0,49.0,52.0,300,manual,0.0,0.0
631,VIDEO,42.0,668.0,43.0,52.0,53.0,300,manual,0.0,0.0
632,VIDEO,64.0,662.0,43.0,55.0,56.0,300,manual,23.0,4.0
633,VIDEO,286.0,662.0,43.0,55.0,56.0,1430,manual,100.0,46.0
634,VIDEO,273.0,837.0,42.0,54.0,55.0,1430,manual,100.0,32.0
635,VIDEO,303.0,875.0,42.0,53.0,53.0,1472,manual,99.0,32.0
636,VIDEO,286.0,887.0,43.0,57.0,56.0,1502,manual,90.0,49.0
637,VIDEO,41.0,668.0,43.0,51.0,54.0,300,manual,0.0,0.0
638,VIDEO,316.0,906.0,43.0,55.0,55.0,1502,manual,92.0,37.0
639,VIDEO,39.0,862.0,41.0,45.0,48.0,300,manual,0.0,0.0
640,VIDEO,40.0,918.0,41.0,45.0,48.0,300,manual,0.0,0.0
641,VIDEO,283.0,875.0,43.0,56.0,56.0,1472,manual,100.0,37.0
642,VIDEO,261.0,875.0,43.0,57.0,56.0,1502,manual,97.0,40.0
643,VIDEO,315.0,868.0,42.0,51.0,52.0,1472,manual,93.0,49.0
644,VIDEO,43.0,662.0,42.0,50.0,52.0,300,manual,0.0,0.0
645,VIDEO,206.0,893.0,43.0,55.0,55.0,1502,manual,83.0,24.0
646,VIDEO,39.0,875.0,41.0,45.0,48.0,300,manual,0.0,0.0
647,VIDEO,270.0,662.0,43.0,56.0,56.0,1472,manual,100.0,33.0
648,VIDEO,270.0,881.0,42.0,53.0,54.0,1430,manual,100.0,33.0
649,VIDEO,73.0,668.0,42.0,46.0,50.0,1502,manual,3.0,0.0
650,VIDEO,285.0,881.0,42.0,55.0,55.0,1502,manual,91.0,30.0
651,VIDEO,41.0,668.0,42.0,51.0,53.0,300,manual,0.0,0.0
652,VIDEO,296.0,900.0,43.0,55.0,56.0,1502,manual,88.0,28.0
653,VIDEO,39.0,906.0,40.0,44.0,47.0,300,manual,0.0,0.0
654,VIDEO,361.0,925.0,42.0,56.0,56.0,1430,manual,100.0,55.0
655,VIDEO,294.0,856.0,43.0,57.0,57.0,1472,manual,100.0,39.0
656,VIDEO,331.0,906.0,44.0,57.0,56.0,1472,manual,95.0,53.0
657,VIDEO,302.0,856.0,44.0,57.0,57.0,1472,manual,88.0,28.0
658,VIDEO,240.0,881.0,41.0,48.0,52.0,1502,manual,86.0,46.0
659,VIDEO,301.0,900.0,43.0,56.0,57.0,1430,manual,100.0,41.0
660,VIDEO,39.0,906.0,41.0,45.0,49.0,300,manual,0.0,0.0
661,VIDEO,256.0,893.0,43.0,56.0,57.0,1472,manual,100.0,46.0
662,VIDEO,272.0,912.0,42.0,53.0,54.0,1502,manual,100.0,32.0
663,VIDEO,287.0,862.0,43.0,56.0,56.0,1502,manual,92.0,49.0
664,VIDEO,318.0,893.0,42.0,50.0,53.0,1502,manual,90.0,27.0
665,VIDEO,317.0,925.0,43.0,56.0,56.0,1472,manual,93.0,31.0
666,VIDEO,292.0,875.0,44.0,57.0,58.0,1472,manual,100.0,53.0
667,VIDEO,284.0,887.0,44.0,57.0,58.0,1430,manual,100.0,48.0
668,VIDEO,301.0,881.0,44.0,57.0,58.0,1472,manual,100.0,50.0
669,VIDEO,368.0,893.0,44.0,58.0,57.0,1430,manual,99.0,54.0
670,VIDEO,304.0,887.0,44.0,58.0,58.0,1472,manual,89.0,30.0
671,VIDEO,227.0,918.0,42.0,50.0,52.0,1502,manual,86.0,40.0
672,VIDEO,212.0,931.0,41.0,46.0,50.0,1502,manual,84.0,41.0
673,VIDEO,296.0,887.0,43.0,57.0,57.0,1472,manual,100.0,38.0
674,VIDEO,40.0,925.0,41.0,45.0,49.0,300,manual,0.0,0.0
675,VIDEO,39.0,662.0,41.0,45.0,48.0,300,manual,0.0,0.0
676,VIDEO,41.0,662.0,41.0,46.0,50.0,300,manual,0.0,0.0
677,VIDEO,219.0,893.0,43.0,55.0,55.0,1502,manual,85.0,40.0
678,VIDEO,254.0,906.0,43.0,57.0,56.0,1502,manual,89.0,38.0
679,VIDEO,44.0,662.0,44.0,56.0,58.0,300,manual,0.0,0.0
680,VIDEO,283.0,875.0,43.0,54.0,56.0,1472,manual,100.0,43.0
681,VIDEO,301.0,912.0,43.0,56.0,57.0,1430,manual,100.0,42.0
682,VIDEO,283.0,850.0,44.0,57.0,57.0,1430,manual,100.0,54.0
683,VIDEO,288.0,850.0,43.0,53.0,53.0,1502,manual,99.0,33.0
684,VIDEO,330.0,875.0,42.0,51.0,53.0,1472,manual,94.0,34.0
685,VIDEO,339.0,893.0,41.0,49.0,51.0,1472,manual,95.0,42.0
686,VIDEO,313.0,925.0,40.0,44.0,48.0,1502,manual,90.0,52.0
687,VIDEO,295.0,662.0,43.0,55.0,56.0,1430,manual,100.0,44.0
688,VIDEO,281.0,662.0,42.0,54.0,55.0,1472,manual,100.0,42.0
689,VIDEO,254.0,875.0,42.0,52.0,54.0,1430,manual,100.0,33.0
690,VIDEO,295.0,893.0,41.0,51.0,53.0,1472,manual,99.0,49.0
691,VIDEO,240.0,893.0,43.0,56.0,55.0,1502,manual,88.0,38.0
692,VIDEO,234.0,900.0,43.0,56.0,56.0,1502,manual,92.0,27.0
693,VIDEO,277.0,893.0,44.0,56.0,57.0,1502,manual,91.0,33.0
694,VIDEO,40.0,906.0,40.0,44.0,49.0,300,manual,0.0,0.0
695,VIDEO,39.0,675.0,40.0,44.0,49.0,300,manual,0.0,0.0
696,VIDEO,319.0,906.0,42.0,55.0,55.0,1430,manual,99.0,52.0
697,VIDEO,306.0,906.0,43.0,56.0,56.0,1472,manual,95.0,34.0
698,VIDEO,295.0,931.0,43.0,57.0,56.0,1502,manual,87.0,30.0
699,VIDEO,227.0,881.0,41.0,47.0,51.0,1502,manual,92.0,31.0
700,VIDEO,257.0,875.0,43.0,56.0,57.0,1472,manual,100.0,35.0
701,VIDEO,40.0,893.0,40.0,45.0,49.0,300,manual,0.0,0.0
702,VIDEO,309.0,893.0,43.0,56.0,56.0,1430,manual,100.0,42.0
703,VIDEO,281.0,893.0,43.0,57.0,57.0,1472,manual,99.0,33.0
704,VIDEO,294.0,881.0,42.0,52.0,53.0,1502,manual,87.0,35.0
705,VIDEO,313.0,881.0,43.0,56.0,55.0,1472,manual,96.0,51.0
706,VIDEO,305.0,906.0,44.0,56.0,56.0,1472,manual,89.0,33.0
707,VIDEO,39.0,912.0,40.0,45.0,49.0,300,manual,0.0,6.0
708,VIDEO,271.0,906.0,43.0,56.0,56.0,1472,manual,100.0,42.0
709,VIDEO,275.0,875.0,43.0,57.0,57.0,1472,manual,100.0,56.0
710,VIDEO,272.0,887.0,42.0,53.0,54.0,1472,manual,99.0,32.0
711,VIDEO,42.0,662.0,42.0,47.0,50.0,300,manual,0.0,0.0
712,VIDEO,270.0,918.0,43.0,55.0,55.0,1472,manual,93.0,47.0
713,VIDEO,237.0,893.0,43.0,57.0,56.0,1502,manual,87.0,36.0
714,VIDEO,39.0,906.0,41.0,45.0,49.0,300,manual,0.0,0.0
715,VIDEO,297.0,668.0,43.0,56.0,57.0,1430,manual,100.0,45.0
716,VIDEO,270.0,875.0,42.0,54.0,55.0,1472,manual,100.0,50.0
717,VIDEO,355.0,893.0,44.0,57.0,56.0,1472,manual,99.0,55.0
718,VIDEO,281.0,881.0,44.0,57.0,57.0,1472,manual,90.0,27.0
719,VIDEO,42.0,662.0,42.0,51.0,54.0,300,manual,0.0,0.0
720,VIDEO,43.0,925.0,43.0,56.0,57.0,300,manual,1.0,0.0
721,VIDEO,74.0,912.0,43.0,56.0,55.0,1502,manual,32.0,7.0
722,VIDEO,279.0,893.0,44.0,57.0,55.0,1472,manual,89.0,29.0
723,VIDEO,191.0,881.0,44.0,57.0,55.0,1502,manual,83.0,40.0
724,VIDEO,227.0,881.0,44.0,57.0,55.0,1502,manual,90.0,25.0
725,VIDEO,264.0,912.0,44.0,58.0,56.0,1502,manual,86.0,28.0
726,VIDEO,241.0,937.0,44.0,58.0,56.0,1502,manual,89.0,25.0
727,VIDEO,325.0,893.0,44.0,57.0,56.0,1472,manual,96.0,31.0
728,VIDEO,243.0,875.0,44.0,57.0,56.0,1502,manual,83.0,40.0
729,VIDEO,225.0,906.0,44.0,58.0,56.0,1502,manual,85.0,23.0
730,VIDEO,317.0,912.0,44.0,58.0,56.0,1472,manual,96.0,32.0
731,VIDEO,297.0,925.0,44.0,58.0,56.0,1472,manual,94.0,29.0
732,VIDEO,266.0,925.0,45.0,58.0,56.0,1502,manual,86.0,27.0
733,VIDEO,119.0,906.0,45.0,58.0,56.0,1502,manual,47.0,13.0
734,VIDEO,332.0,906.0,45.0,58.0,56.0,1472,manual,93.0,46.0
735,VIDEO,300.0,893.0,44.0,58.0,56.0,1472,manual,87.0,34.0
736,VIDEO,324.0,906.0,45.0,58.0,56.0,1472,manual,96.0,43.0
737,VIDEO,232.0,906.0,45.0,59.0,57.0,1502,manual,84.0,31.0
738,VIDEO,326.0,887.0,45.0,59.0,56.0,1472,manual,95.0,31.0
739,VIDEO,247.0,893.0,45.0,59.0,56.0,1502,manual,85.0,24.0
740,VIDEO,334.0,906.0,45.0,58.0,56.0,1472,manual,91.0,45.0
741,VIDEO,342.0,875.0,45.0,59.0,57.0,1472,manual,91.0,39.0
742,VIDEO,264.0,906.0,45.0,59.0,57.0,1502,manual,88.0,26.0
743,VIDEO,320.0,912.0,45.0,59.0,56.0,1472,manual,93.0,31.0
744,VIDEO,195.0,893.0,45.0,59.0,56.0,1502,manual,86.0,29.0
745,VIDEO,194.0,925.0,45.0,59.0,57.0,1502,manual,85.0,40.0
746,VIDEO,304.0,925.0,45.0,59.0,56.0,1472,manual,89.0,25.0
747,VIDEO,39.0,662.0,42.0,47.0,49.0,300,manual,0.0,0.0
748,VIDEO,39.0,675.0,41.0,45.0,47.0,300,manual,0.0,0.0
749,VIDEO,39.0,662.0,40.0,43.0,46.0,300,manual,0.0,0.0
750,VIDEO,39.0,662.0,40.0,43.0,45.0,300,manual,0.0,0.0
