index,power_profile,power_usage,voltage,edge_temperature,junction_temperature,memory_temperature,sclk,performance,gpu_usage,memory_usage
0,VIDEO,34.0,668.0,21.0,25.0,30.0,300,manual,0.0,0.0
1,VIDEO,34.0,668.0,20.0,25.0,30.0,300,manual,0.0,0.0
2,VIDEO,34.0,662.0,20.0,25.0,30.0,300,manual,0.0,0.0
3,VIDEO,34.0,662.0,21.0,25.0,30.0,300,manual,0.0,0.0
4,VIDEO,34.0,668.0,21.0,25.0,30.0,300,manual,0.0,0.0
5,VIDEO,34.0,668.0,20.0,24.0,30.0,300,manual,0.0,0.0
6,VIDEO,34.0,662.0,20.0,25.0,30.0,300,manual,0.0,0.0
7,VIDEO,34.0,662.0,20.0,24.0,30.0,300,manual,0.0,0.0
8,VIDEO,34.0,668.0,21.0,25.0,30.0,300,manual,0.0,0.0
9,VIDEO,34.0,662.0,21.0,25.0,30.0,300,manual,0.0,0.0
10,VIDEO,54.0,918.0,21.0,25.0,30.0,300,manual,1.0,0.0
11,VIDEO,79.0,662.0,21.0,25.0,30.0,1502,manual,8.0,0.0
12,VIDEO,35.0,668.0,21.0,25.0,30.0,300,manual,0.0,0.0
13,VIDEO,35.0,668.0,21.0,25.0,30.0,300,manual,0.0,0.0
14,VIDEO,35.0,662.0,20.0,25.0,30.0,300,manual,0.0,0.0
15,VIDEO,35.0,668.0,21.0,26.0,30.0,300,manual,0.0,0.0
16,VIDEO,35.0,662.0,20.0,25.0,30.0,300,manual,0.0,0.0
17,VIDEO,35.0,662.0,21.0,26.0,30.0,300,manual,0.0,0.0
18,VIDEO,34.0,662.0,20.0,25.0,30.0,300,manual,0.0,0.0
19,VIDEO,34.0,668.0,21.0,25.0,30.0,300,manual,0.0,0.0
20,VIDEO,35.0,662.0,21.0,25.0,30.0,300,manual,0.0,0.0
21,VIDEO,36.0,662.0,21.0,25.0,30.0,300,manual,0.0,0.0
22,VIDEO,35.0,668.0,21.0,25.0,30.0,300,manual,0.0,0.0
23,VIDEO,35.0,662.0,21.0,25.0,30.0,300,manual,0.0,0.0
24,VIDEO,34.0,668.0,21.0,25.0,30.0,300,manual,0.0,0.0
25,VIDEO,35.0,662.0,21.0,25.0,30.0,300,manual,0.0,0.0
26,VIDEO,35.0,668.0,21.0,25.0,30.0,300,manual,0.0,0.0
27,VIDEO,35.0,662.0,21.0,25.0,30.0,300,manual,0.0,0.0
28,VIDEO,35.0,668.0,21.0,25.0,30.0,300,manual,0.0,0.0
29,VIDEO,35.0,662.0,21.0,25.0,30.0,300,manual,0.0,0.0
30,VIDEO,35.0,668.0,21.0,25.0,30.0,300,manual,0.0,0.0
31,VIDEO,35.0,662.0,20.0,25.0,30.0,300,manual,0.0,0.0
32,VIDEO,35.0,662.0,21.0,25.0,30.0,300,manual,0.0,0.0
33,VIDEO,36.0,662.0,21.0,25.0,30.0,300,manual,0.0,0.0
34,VIDEO,35.0,668.0,21.0,25.0,30.0,300,manual,0.0,0.0
35,VIDEO,36.0,668.0,21.0,25.0,30.0,300,manual,0.0,0.0
36,VIDEO,36.0,662.0,21.0,25.0,30.0,300,manual,0.0,0.0
37,VIDEO,35.0,918.0,21.0,25.0,30.0,300,manual,0.0,0.0
38,VIDEO,36.0,668.0,21.0,25.0,30.0,300,manual,0.0,0.0
39,VIDEO,37.0,662.0,21.0,25.0,30.0,300,manual,0.0,0.0
40,VIDEO,35.0,662.0,21.0,25.0,30.0,300,manual,0.0,0.0
41,VIDEO,77.0,668.0,21.0,25.0,30.0,1502,manual,16.0,0.0
42,VIDEO,34.0,668.0,21.0,25.0,30.0,300,manual,0.0,0.0
43,VIDEO,35.0,662.0,21.0,25.0,30.0,300,manual,0.0,0.0
44,VIDEO,35.0,918.0,21.0,25.0,30.0,300,manual,0.0,0.0
45,VIDEO,34.0,668.0,21.0,25.0,30.0,300,manual,0.0,0.0
46,VIDEO,64.0,662.0,21.0,25.0,30.0,1502,manual,33.0,1.0
47,VIDEO,37.0,662.0,21.0,25.0,30.0,300,manual,0.0,0.0
48,VIDEO,35.0,662.0,20.0,25.0,30.0,300,manual,0.0,0.0
49,VIDEO,34.0,662.0,21.0,25.0,30.0,300,manual,0.0,0.0
50,VIDEO,34.0,656.0,21.0,25.0,30.0,300,manual,0.0,0.0
51,VIDEO,35.0,662.0,21.0,25.0,30.0,300,manual,0.0,0.0
52,VIDEO,35.0,668.0,21.0,25.0,30.0,300,manual,0.0,0.0
53,VIDEO,34.0,668.0,21.0,25.0,30.0,300,manual,0.0,0.0
54,VIDEO,35.0,693.0,21.0,25.0,30.0,300,manual,0.0,0.0
55,VIDEO,37.0,662.0,21.0,25.0,30.0,300,manual,0.0,0.0
56,VIDEO,34.0,668.0,21.0,25.0,30.0,300,manual,0.0,0.0
57,VIDEO,35.0,662.0,21.0,25.0,30.0,300,manual,0.0,0.0
58,VIDEO,37.0,662.0,21.0,25.0,30.0,300,manual,0.0,0.0
59,VIDEO,36.0,662.0,21.0,25.0,30.0,300,manual,0.0,0.0
60,VIDEO,287.0,893.0,22.0,30.0,32.0,1502,manual,80.0,16.0
61,VIDEO,68.0,887.0,25.0,38.0,35.0,1502,manual,24.0,1.0
62,VIDEO,66.0,918.0,26.0,40.0,36.0,1502,manual,44.0,14.0
63,VIDEO,256.0,906.0,27.0,40.0,36.0,1502,manual,100.0,41.0
64,VIDEO,289.0,918.0,27.0,39.0,37.0,1502,manual,99.0,17.0
65,VIDEO,271.0,925.0,28.0,42.0,37.0,1502,manual,100.0,40.0
66,VIDEO,237.0,906.0,28.0,40.0,38.0,1502,manual,99.0,17.0
67,VIDEO,305.0,912.0,29.0,42.0,38.0,1472,manual,99.0,21.0
68,VIDEO,244.0,925.0,28.0,42.0,39.0,1502,manual,99.0,17.0
69,VIDEO,204.0,906.0,30.0,43.0,39.0,1502,manual,97.0,9.0
70,VIDEO,300.0,900.0,30.0,42.0,39.0,1502,manual,92.0,17.0
71,VIDEO,281.0,887.0,29.0,43.0,39.0,1502,manual,88.0,35.0
72,VIDEO,76.0,912.0,30.0,44.0,40.0,1502,manual,24.0,3.0
73,VIDEO,38.0,662.0,28.0,33.0,36.0,300,manual,0.0,0.0
74,VIDEO,38.0,662.0,27.0,31.0,35.0,300,manual,0.0,0.0
75,VIDEO,255.0,937.0,29.0,38.0,38.0,1502,manual,98.0,8.0
76,VIDEO,250.0,912.0,29.0,40.0,37.0,1502,manual,99.0,12.0
77,VIDEO,317.0,893.0,30.0,42.0,39.0,1472,manual,98.0,21.0
78,VIDEO,259.0,918.0,31.0,43.0,40.0,1502,manual,98.0,28.0
79,VIDEO,260.0,918.0,30.0,44.0,40.0,1502,manual,100.0,40.0
80,VIDEO,267.0,925.0,31.0,44.0,40.0,1502,manual,99.0,11.0
81,VIDEO,309.0,893.0,31.0,43.0,41.0,1502,manual,91.0,17.0
82,VIDEO,54.0,925.0,31.0,44.0,41.0,1502,manual,14.0,2.0
83,VIDEO,300.0,893.0,31.0,45.0,41.0,1502,manual,99.0,27.0
84,VIDEO,294.0,937.0,32.0,44.0,41.0,1502,manual,98.0,22.0
85,VIDEO,39.0,906.0,32.0,45.0,42.0,1502,manual,2.0,0.0
86,VIDEO,293.0,906.0,32.0,45.0,41.0,1502,manual,99.0,12.0
87,VIDEO,258.0,906.0,32.0,44.0,42.0,1502,manual,99.0,15.0
88,VIDEO,255.0,912.0,32.0,47.0,42.0,1502,manual,90.0,16.0
89,VIDEO,314.0,906.0,32.0,43.0,41.0,1502,manual,96.0,30.0
90,VIDEO,244.0,887.0,31.0,38.0,40.0,1502,manual,99.0,11.0
91,VIDEO,74.0,906.0,33.0,46.0,42.0,1502,manual,18.0,3.0
92,VIDEO,293.0,875.0,33.0,45.0,42.0,1502,manual,99.0,17.0
93,VIDEO,288.0,893.0,33.0,46.0,43.0,1502,manual,99.0,18.0
94,VIDEO,70.0,943.0,34.0,47.0,42.0,1502,manual,19.0,3.0
95,VIDEO,204.0,893.0,33.0,47.0,42.0,1502,manual,99.0,21.0
96,VIDEO,290.0,906.0,34.0,48.0,43.0,1502,manual,98.0,23.0
97,VIDEO,267.0,906.0,33.0,47.0,43.0,1502,manual,100.0,25.0
98,VIDEO,323.0,893.0,34.0,47.0,43.0,1472,manual,98.0,18.0
99,VIDEO,293.0,893.0,34.0,48.0,44.0,1502,manual,88.0,33.0
100,VIDEO,298.0,912.0,35.0,48.0,44.0,1502,manual,100.0,40.0
101,VIDEO,192.0,887.0,35.0,47.0,43.0,1502,manual,99.0,10.0
102,VIDEO,240.0,887.0,35.0,47.0,44.0,1502,manual,99.0,17.0
103,VIDEO,39.0,662.0,35.0,49.0,45.0,300,manual,1.0,0.0
104,VIDEO,266.0,662.0,34.0,46.0,43.0,1502,manual,99.0,16.0
105,VIDEO,291.0,918.0,35.0,48.0,43.0,1502,manual,100.0,35.0
106,VIDEO,166.0,893.0,35.0,48.0,44.0,1502,manual,99.0,13.0
107,VIDEO,233.0,906.0,35.0,48.0,45.0,1502,manual,99.0,16.0
108,VIDEO,221.0,912.0,35.0,49.0,44.0,1502,manual,99.0,21.0
109,VIDEO,79.0,925.0,35.0,49.0,45.0,1502,manual,27.0,16.0
110,VIDEO,263.0,893.0,36.0,49.0,45.0,1502,manual,100.0,45.0
111,VIDEO,324.0,906.0,36.0,49.0,45.0,1472,manual,94.0,20.0
112,VIDEO,54.0,900.0,36.0,49.0,45.0,300,manual,12.0,3.0
113,VIDEO,288.0,893.0,37.0,50.0,45.0,1502,manual,99.0,26.0
114,VIDEO,229.0,906.0,36.0,50.0,46.0,1502,manual,98.0,17.0
115,VIDEO,56.0,906.0,37.0,50.0,45.0,300,manual,8.0,29.0
116,VIDEO,235.0,893.0,37.0,50.0,45.0,1502,manual,99.0,10.0
117,VIDEO,161.0,893.0,36.0,49.0,46.0,1502,manual,92.0,11.0
118,VIDEO,230.0,937.0,36.0,48.0,45.0,1502,manual,99.0,16.0
119,VIDEO,325.0,937.0,35.0,47.0,44.0,1472,manual,99.0,11.0
120,VIDEO,114.0,925.0,37.0,49.0,46.0,1502,manual,81.0,8.0
121,VIDEO,243.0,893.0,37.0,51.0,45.0,1502,manual,99.0,25.0
122,VIDEO,299.0,906.0,37.0,50.0,46.0,1502,manual,100.0,44.0
123,VIDEO,291.0,893.0,37.0,51.0,46.0,1502,manual,99.0,23.0
124,VIDEO,214.0,893.0,37.0,51.0,45.0,1502,manual,99.0,20.0
125,VIDEO,262.0,912.0,37.0,51.0,45.0,1502,manual,99.0,13.0
126,VIDEO,100.0,881.0,37.0,52.0,46.0,1502,manual,21.0,13.0
127,VIDEO,205.0,925.0,37.0,51.0,46.0,1502,manual,99.0,20.0
128,VIDEO,327.0,906.0,38.0,51.0,47.0,1472,manual,99.0,18.0
129,VIDEO,274.0,925.0,38.0,51.0,47.0,1502,manual,99.0,17.0
130,VIDEO,151.0,893.0,38.0,53.0,47.0,1502,manual,66.0,11.0
131,VIDEO,236.0,912.0,38.0,51.0,46.0,1502,manual,99.0,22.0
132,VIDEO,246.0,906.0,37.0,48.0,46.0,1502,manual,57.0,26.0
133,VIDEO,275.0,887.0,36.0,45.0,45.0,1502,manual,100.0,23.0
134,VIDEO,169.0,881.0,38.0,51.0,46.0,1502,manual,99.0,12.0
135,VIDEO,283.0,893.0,38.0,52.0,47.0,1502,manual,99.0,14.0
136,VIDEO,295.0,893.0,39.0,52.0,47.0,1502,manual,99.0,16.0
137,VIDEO,81.0,912.0,38.0,53.0,46.0,1502,manual,18.0,1.0
138,VIDEO,270.0,662.0,39.0,53.0,46.0,1502,manual,100.0,41.0
139,VIDEO,260.0,906.0,38.0,53.0,47.0,1502,manual,100.0,27.0
140,VIDEO,275.0,943.0,39.0,53.0,47.0,1502,manual,99.0,18.0
141,VIDEO,292.0,918.0,39.0,53.0,48.0,1502,manual,96.0,36.0
142,VIDEO,279.0,925.0,39.0,52.0,47.0,1502,manual,100.0,40.0
143,VIDEO,263.0,893.0,38.0,53.0,48.0,1502,manual,100.0,24.0
144,VIDEO,172.0,893.0,39.0,53.0,48.0,1502,manual,99.0,14.0
145,VIDEO,266.0,893.0,39.0,53.0,48.0,1502,manual,98.0,18.0
146,VIDEO,294.0,906.0,38.0,48.0,47.0,1502,manual,65.0,31.0
147,VIDEO,39.0,893.0,38.0,43.0,45.0,300,manual,0.0,0.0
148,VIDEO,238.0,875.0,39.0,53.0,48.0,1502,manual,99.0,16.0
149,VIDEO,206.0,943.0,39.0,53.0,48.0,1502,manual,99.0,16.0
150,VIDEO,328.0,925.0,39.0,53.0,49.0,1472,manual,98.0,16.0
151,VIDEO,286.0,912.0,40.0,53.0,48.0,1502,manual,99.0,16.0
152,VIDEO,243.0,893.0,40.0,53.0,49.0,1502,manual,99.0,11.0
153,VIDEO,283.0,900.0,40.0,54.0,49.0,1502,manual,92.0,32.0
154,VIDEO,64.0,900.0,40.0,53.0,49.0,1502,manual,19.0,4.0
155,VIDEO,67.0,912.0,40.0,54.0,49.0,1502,manual,24.0,1.0
156,VIDEO,67.0,893.0,40.0,54.0,49.0,1502,manual,27.0,1.0
157,VIDEO,261.0,662.0,40.0,54.0,48.0,1502,manual,100.0,45.0
158,VIDEO,297.0,906.0,40.0,53.0,49.0,1502,manual,99.0,14.0
159,VIDEO,196.0,912.0,40.0,54.0,49.0,1502,manual,99.0,17.0
160,VIDEO,301.0,925.0,39.0,49.0,47.0,1502,manual,70.0,30.0
161,VIDEO,39.0,925.0,39.0,44.0,46.0,300,manual,0.0,0.0
162,VIDEO,301.0,893.0,40.0,53.0,49.0,1502,manual,67.0,34.0
163,VIDEO,59.0,906.0,40.0,54.0,49.0,1502,manual,14.0,18.0
164,VIDEO,260.0,925.0,40.0,54.0,49.0,1502,manual,100.0,41.0
165,VIDEO,244.0,887.0,41.0,54.0,49.0,1502,manual,99.0,25.0
166,VIDEO,285.0,887.0,40.0,54.0,49.0,1502,manual,99.0,16.0
167,VIDEO,230.0,912.0,41.0,54.0,49.0,1502,manual,99.0,10.0
168,VIDEO,322.0,881.0,41.0,54.0,48.0,1472,manual,99.0,14.0
169,VIDEO,255.0,912.0,41.0,54.0,50.0,1502,manual,89.0,16.0
170,VIDEO,299.0,893.0,41.0,54.0,49.0,1502,manual,99.0,14.0
171,VIDEO,293.0,912.0,41.0,55.0,49.0,1502,manual,90.0,29.0
172,VIDEO,80.0,912.0,41.0,55.0,50.0,1502,manual,19.0,2.0
173,VIDEO,293.0,912.0,41.0,55.0,49.0,1502,manual,100.0,32.0
174,VIDEO,300.0,918.0,40.0,49.0,47.0,1502,manual,99.0,16.0
175,VIDEO,39.0,662.0,40.0,46.0,47.0,300,manual,0.0,0.0
176,VIDEO,39.0,662.0,38.0,41.0,44.0,300,manual,0.0,0.0
177,VIDEO,39.0,668.0,37.0,41.0,44.0,300,manual,0.0,0.0
