index,power_profile,power_usage,voltage,edge_temperature,junction_temperature,memory_temperature,sclk,performance,gpu_usage,memory_usage
0,COMPUTE,39.0,662.0,37.0,41.0,44.0,300,manual,0.0,0.0
1,COMPUTE,39.0,662.0,37.0,41.0,44.0,300,manual,0.0,0.0
2,COMPUTE,39.0,662.0,37.0,40.0,44.0,300,manual,0.0,0.0
3,COMPUTE,39.0,662.0,36.0,40.0,44.0,300,manual,0.0,0.0
4,COMPUTE,39.0,662.0,36.0,40.0,43.0,300,manual,0.0,0.0
5,COMPUTE,39.0,668.0,36.0,40.0,43.0,300,manual,0.0,0.0
6,COMPUTE,39.0,662.0,35.0,39.0,43.0,300,manual,0.0,0.0
7,COMPUTE,39.0,662.0,35.0,39.0,43.0,300,manual,0.0,0.0
8,COMPUTE,38.0,662.0,35.0,39.0,43.0,300,manual,0.0,0.0
9,COMPUTE,39.0,668.0,35.0,38.0,42.0,300,manual,0.0,0.0
10,COMPUTE,297.0,881.0,38.0,49.0,45.0,1472,manual,99.0,10.0
11,COMPUTE,60.0,893.0,38.0,48.0,45.0,1502,manual,10.0,2.0
12,COMPUTE,282.0,875.0,40.0,55.0,46.0,1502,manual,100.0,14.0
13,COMPUTE,246.0,881.0,40.0,55.0,46.0,1502,manual,100.0,10.0
14,COMPUTE,217.0,856.0,41.0,56.0,48.0,1472,manual,100.0,13.0
15,COMPUTE,286.0,893.0,41.0,56.0,48.0,1472,manual,99.0,12.0
16,COMPUTE,317.0,881.0,41.0,56.0,48.0,1472,manual,99.0,13.0
17,COMPUTE,282.0,887.0,41.0,56.0,48.0,1472,manual,100.0,10.0
18,COMPUTE,242.0,881.0,41.0,49.0,47.0,1502,manual,55.0,6.0
19,COMPUTE,246.0,906.0,42.0,57.0,48.0,1472,manual,99.0,13.0
20,COMPUTE,274.0,875.0,42.0,56.0,48.0,1472,manual,100.0,12.0
21,COMPUTE,265.0,662.0,42.0,57.0,49.0,1472,manual,100.0,11.0
22,COMPUTE,266.0,887.0,42.0,57.0,49.0,1472,manual,100.0,14.0
23,COMPUTE,292.0,881.0,42.0,58.0,49.0,1430,manual,99.0,14.0
24,COMPUTE,312.0,900.0,42.0,57.0,49.0,1472,manual,99.0,13.0
25,COMPUTE,322.0,875.0,43.0,58.0,49.0,1472,manual,100.0,14.0
26,COMPUTE,299.0,893.0,43.0,58.0,50.0,1472,manual,100.0,11.0
27,COMPUTE,314.0,893.0,42.0,58.0,49.0,1472,manual,100.0,14.0
28,COMPUTE,298.0,662.0,43.0,58.0,50.0,1472,manual,100.0,13.0
29,COMPUTE,294.0,862.0,42.0,58.0,50.0,1502,manual,100.0,10.0
30,COMPUTE,284.0,893.0,43.0,58.0,50.0,1502,manual,99.0,12.0
31,COMPUTE,320.0,906.0,44.0,59.0,50.0,1472,manual,100.0,12.0
32,COMPUTE,330.0,881.0,42.0,55.0,49.0,1430,manual,100.0,12.0
33,COMPUTE,311.0,881.0,43.0,59.0,50.0,1472,manual,100.0,13.0
34,COMPUTE,44.0,881.0,44.0,59.0,50.0,300,manual,0.0,0.0
35,COMPUTE,316.0,856.0,44.0,59.0,49.0,1472,manual,100.0,12.0
36,COMPUTE,275.0,862.0,43.0,56.0,49.0,1472,manual,99.0,11.0
37,COMPUTE,280.0,881.0,44.0,60.0,51.0,1472,manual,100.0,13.0
38,COMPUTE,308.0,881.0,44.0,59.0,51.0,1430,manual,100.0,11.0
39,COMPUTE,290.0,843.0,43.0,57.0,50.0,1472,manual,100.0,11.0
40,COMPUTE,303.0,893.0,44.0,59.0,51.0,1472,manual,100.0,14.0
41,COMPUTE,331.0,856.0,45.0,60.0,51.0,1430,manual,100.0,14.0
42,COMPUTE,281.0,893.0,44.0,60.0,51.0,1472,manual,99.0,9.0
43,COMPUTE,224.0,881.0,45.0,60.0,51.0,1502,manual,100.0,11.0
44,COMPUTE,288.0,881.0,44.0,60.0,51.0,1472,manual,100.0,12.0
45,COMPUTE,268.0,887.0,45.0,60.0,51.0,1430,manual,100.0,12.0
46,COMPUTE,273.0,868.0,45.0,60.0,51.0,1472,manual,99.0,9.0
47,COMPUTE,304.0,893.0,44.0,60.0,51.0,1430,manual,100.0,14.0
48,COMPUTE,279.0,893.0,45.0,60.0,51.0,1472,manual,100.0,11.0
49,COMPUTE,328.0,906.0,45.0,60.0,51.0,1472,manual,100.0,13.0
50,COMPUTE,307.0,850.0,45.0,61.0,52.0,1472,manual,100.0,12.0
51,COMPUTE,282.0,893.0,45.0,61.0,52.0,1430,manual,99.0,12.0
52,COMPUTE,312.0,881.0,45.0,60.0,52.0,1472,manual,99.0,13.0
53,COMPUTE,217.0,881.0,45.0,61.0,52.0,1472,manual,100.0,11.0
54,COMPUTE,317.0,856.0,46.0,61.0,52.0,1472,manual,100.0,12.0
55,COMPUTE,296.0,906.0,45.0,61.0,52.0,1472,manual,100.0,11.0
56,COMPUTE,308.0,875.0,46.0,61.0,52.0,1472,manual,99.0,14.0
57,COMPUTE,319.0,881.0,46.0,62.0,52.0,1472,manual,100.0,14.0
58,COMPUTE,307.0,850.0,46.0,62.0,52.0,1430,manual,100.0,13.0
59,COMPUTE,44.0,887.0,45.0,54.0,51.0,300,manual,0.0,0.0
60,COMPUTE,283.0,881.0,45.0,62.0,52.0,1472,manual,100.0,10.0
61,COMPUTE,285.0,875.0,46.0,62.0,52.0,1472,manual,99.0,12.0
62,COMPUTE,322.0,881.0,45.0,61.0,52.0,1430,manual,100.0,13.0
63,COMPUTE,291.0,881.0,46.0,62.0,52.0,1472,manual,100.0,10.0
64,COMPUTE,291.0,881.0,46.0,62.0,53.0,1472,manual,100.0,11.0
65,COMPUTE,292.0,881.0,46.0,62.0,51.0,1472,manual,100.0,13.0
66,COMPUTE,308.0,881.0,46.0,62.0,53.0,1472,manual,100.0,10.0
67,COMPUTE,281.0,881.0,46.0,61.0,52.0,1472,manual,100.0,11.0
68,COMPUTE,291.0,906.0,46.0,62.0,53.0,1472,manual,100.0,11.0
69,COMPUTE,287.0,912.0,46.0,62.0,53.0,1502,manual,100.0,11.0
70,COMPUTE,255.0,862.0,46.0,62.0,53.0,1472,manual,100.0,8.0
71,COMPUTE,295.0,881.0,46.0,61.0,53.0,1472,manual,100.0,11.0
72,COMPUTE,291.0,881.0,47.0,62.0,53.0,1472,manual,100.0,12.0
73,COMPUTE,324.0,900.0,47.0,62.0,53.0,1472,manual,100.0,13.0
74,COMPUTE,289.0,881.0,46.0,62.0,53.0,1472,manual,100.0,13.0
75,COMPUTE,322.0,893.0,46.0,62.0,53.0,1472,manual,100.0,14.0
76,COMPUTE,291.0,881.0,47.0,62.0,53.0,1472,manual,100.0,12.0
77,COMPUTE,296.0,881.0,46.0,55.0,52.0,1502,manual,99.0,13.0
78,COMPUTE,283.0,662.0,47.0,62.0,52.0,1472,manual,100.0,13.0
79,COMPUTE,286.0,906.0,47.0,62.0,52.0,1472,manual,100.0,12.0
80,COMPUTE,282.0,906.0,47.0,62.0,53.0,1472,manual,99.0,9.0
81,COMPUTE,288.0,893.0,47.0,62.0,53.0,1472,manual,100.0,10.0
82,COMPUTE,335.0,906.0,47.0,63.0,53.0,1472,manual,100.0,13.0
83,COMPUTE,244.0,881.0,47.0,63.0,53.0,1502,manual,100.0,11.0
84,COMPUTE,335.0,875.0,47.0,63.0,53.0,1430,manual,100.0,14.0
85,COMPUTE,275.0,868.0,47.0,62.0,53.0,1430,manual,100.0,12.0
86,COMPUTE,263.0,856.0,48.0,63.0,53.0,1472,manual,100.0,12.0
87,COMPUTE,295.0,881.0,46.0,60.0,53.0,1472,manual,100.0,12.0
88,COMPUTE,314.0,881.0,47.0,63.0,53.0,1472,manual,100.0,12.0
89,COMPUTE,305.0,850.0,47.0,63.0,54.0,1472,manual,100.0,12.0
90,COMPUTE,272.0,856.0,46.0,59.0,53.0,1472,manual,100.0,12.0
91,COMPUTE,270.0,856.0,47.0,63.0,53.0,1430,manual,100.0,10.0
92,COMPUTE,311.0,893.0,47.0,62.0,53.0,1472,manual,100.0,11.0
93,COMPUTE,321.0,906.0,47.0,63.0,54.0,1430,manual,100.0,12.0
94,COMPUTE,310.0,881.0,47.0,63.0,54.0,1472,manual,100.0,10.0
95,COMPUTE,289.0,881.0,48.0,63.0,54.0,1472,manual,100.0,11.0
96,COMPUTE,291.0,668.0,47.0,63.0,54.0,1472,manual,100.0,12.0
97,COMPUTE,339.0,900.0,48.0,63.0,54.0,1472,manual,100.0,13.0
98,COMPUTE,286.0,887.0,47.0,64.0,54.0,1472,manual,100.0,13.0
99,COMPUTE,260.0,900.0,47.0,63.0,54.0,1472,manual,100.0,9.0
100,COMPUTE,336.0,893.0,48.0,63.0,54.0,1430,manual,100.0,13.0
101,COMPUTE,322.0,875.0,48.0,63.0,54.0,1430,manual,100.0,12.0
102,COMPUTE,304.0,881.0,48.0,63.0,54.0,1430,manual,99.0,9.0
103,COMPUTE,250.0,850.0,47.0,61.0,53.0,1472,manual,100.0,11.0
104,COMPUTE,302.0,881.0,47.0,60.0,53.0,1472,manual,100.0,12.0
105,COMPUTE,292.0,893.0,48.0,63.0,54.0,1472,manual,100.0,13.0
106,COMPUTE,290.0,881.0,48.0,63.0,53.0,1472,manual,100.0,12.0
107,COMPUTE,271.0,881.0,48.0,63.0,54.0,1472,manual,100.0,8.0
108,COMPUTE,278.0,906.0,48.0,63.0,53.0,1472,manual,99.0,12.0
109,COMPUTE,281.0,881.0,47.0,62.0,54.0,1472,manual,100.0,11.0
110,COMPUTE,314.0,881.0,48.0,63.0,54.0,1430,manual,100.0,13.0
111,COMPUTE,290.0,887.0,48.0,63.0,54.0,1472,manual,100.0,12.0
112,COMPUTE,291.0,668.0,47.0,63.0,54.0,1430,manual,100.0,13.0
113,COMPUTE,68.0,881.0,46.0,56.0,53.0,300,manual,22.0,1.0
114,COMPUTE,263.0,875.0,48.0,63.0,53.0,1472,manual,100.0,11.0
115,COMPUTE,336.0,925.0,48.0,63.0,53.0,1430,manual,100.0,14.0
116,COMPUTE,292.0,893.0,48.0,63.0,54.0,1472,manual,99.0,14.0
117,COMPUTE,265.0,881.0,48.0,61.0,54.0,1472,manual,100.0,10.0
118,COMPUTE,295.0,900.0,48.0,64.0,54.0,1472,manual,100.0,12.0
119,COMPUTE,290.0,881.0,48.0,62.0,54.0,1502,manual,100.0,13.0
120,COMPUTE,274.0,881.0,48.0,64.0,54.0,1472,manual,100.0,11.0
121,COMPUTE,274.0,862.0,48.0,64.0,54.0,1472,manual,100.0,12.0
122,COMPUTE,216.0,856.0,48.0,62.0,54.0,1502,manual,100.0,9.0
123,COMPUTE,300.0,862.0,48.0,64.0,54.0,1472,manual,100.0,11.0
124,COMPUTE,330.0,881.0,48.0,64.0,53.0,1430,manual,100.0,12.0
125,COMPUTE,244.0,887.0,48.0,64.0,54.0,1502,manual,100.0,11.0
126,COMPUTE,300.0,893.0,48.0,63.0,53.0,1472,manual,99.0,12.0
127,COMPUTE,277.0,856.0,48.0,63.0,54.0,1472,manual,100.0,13.0
128,COMPUTE,304.0,856.0,49.0,64.0,54.0,1430,manual,100.0,14.0
129,COMPUTE,309.0,912.0,48.0,63.0,54.0,1472,manual,100.0,13.0
130,COMPUTE,296.0,881.0,48.0,63.0,54.0,1472,manual,100.0,12.0
131,COMPUTE,304.0,862.0,48.0,60.0,54.0,1430,manual,100.0,14.0
132,COMPUTE,272.0,906.0,48.0,63.0,54.0,1430,manual,100.0,13.0
133,COMPUTE,263.0,881.0,48.0,64.0,54.0,1472,manual,100.0,12.0
134,COMPUTE,283.0,881.0,48.0,63.0,54.0,1472,manual,100.0,14.0
135,COMPUTE,261.0,856.0,49.0,64.0,54.0,1472,manual,100.0,11.0
136,COMPUTE,265.0,856.0,48.0,63.0,54.0,1472,manual,100.0,12.0
137,COMPUTE,226.0,881.0,49.0,63.0,54.0,1472,manual,100.0,9.0
138,COMPUTE,272.0,893.0,49.0,64.0,55.0,1430,manual,99.0,9.0
139,COMPUTE,46.0,893.0,48.0,58.0,53.0,1502,manual,0.0,3.0
140,COMPUTE,283.0,862.0,49.0,63.0,55.0,1430,manual,100.0,13.0
141,COMPUTE,286.0,862.0,48.0,61.0,54.0,1430,manual,100.0,12.0
142,COMPUTE,44.0,856.0,48.0,60.0,53.0,300,manual,0.0,0.0
143,COMPUTE,291.0,662.0,48.0,64.0,54.0,1472,manual,100.0,13.0
144,COMPUTE,296.0,887.0,49.0,63.0,54.0,1472,manual,100.0,12.0
145,COMPUTE,283.0,881.0,48.0,62.0,53.0,1430,manual,100.0,10.0
146,COMPUTE,286.0,856.0,48.0,63.0,53.0,1430,manual,100.0,13.0
147,COMPUTE,46.0,893.0,47.0,55.0,53.0,1502,manual,0.0,3.0
148,COMPUTE,269.0,862.0,48.0,63.0,54.0,1472,manual,99.0,9.0
149,COMPUTE,44.0,887.0,49.0,64.0,54.0,300,manual,9.0,0.0
150,COMPUTE,282.0,887.0,48.0,64.0,54.0,1472,manual,100.0,11.0
151,COMPUTE,299.0,900.0,48.0,64.0,55.0,1472,manual,100.0,11.0
152,COMPUTE,337.0,881.0,48.0,62.0,54.0,1430,manual,100.0,14.0
153,COMPUTE,282.0,881.0,48.0,64.0,55.0,1472,manual,100.0,12.0
154,COMPUTE,275.0,856.0,48.0,63.0,54.0,1472,manual,99.0,9.0
155,COMPUTE,276.0,662.0,48.0,64.0,55.0,1472,manual,100.0,12.0
156,COMPUTE,285.0,881.0,48.0,63.0,54.0,1472,manual,100.0,12.0
157,COMPUTE,286.0,881.0,48.0,63.0,54.0,1472,manual,100.0,12.0
158,COMPUTE,304.0,893.0,48.0,64.0,54.0,1430,manual,100.0,13.0
159,COMPUTE,283.0,881.0,48.0,63.0,54.0,1472,manual,99.0,12.0
160,COMPUTE,291.0,900.0,48.0,64.0,55.0,1472,manual,100.0,9.0
161,COMPUTE,308.0,887.0,48.0,63.0,54.0,1472,manual,100.0,12.0
162,COMPUTE,291.0,881.0,48.0,64.0,55.0,1472,manual,100.0,13.0
163,COMPUTE,314.0,906.0,48.0,62.0,54.0,1472,manual,100.0,12.0
164,COMPUTE,270.0,868.0,48.0,64.0,54.0,1430,manual,100.0,10.0
165,COMPUTE,316.0,881.0,49.0,64.0,55.0,1430,manual,100.0,13.0
166,COMPUTE,320.0,862.0,48.0,58.0,53.0,1502,manual,66.0,4.0
167,COMPUTE,274.0,881.0,48.0,64.0,55.0,1430,manual,99.0,11.0
168,COMPUTE,276.0,862.0,48.0,64.0,54.0,1472,manual,100.0,9.0
169,COMPUTE,336.0,662.0,49.0,65.0,55.0,1472,manual,100.0,13.0
170,COMPUTE,300.0,893.0,49.0,64.0,55.0,1472,manual,100.0,12.0
171,COMPUTE,266.0,893.0,48.0,64.0,54.0,1472,manual,100.0,14.0
172,COMPUTE,306.0,881.0,49.0,64.0,54.0,1472,manual,99.0,13.0
173,COMPUTE,302.0,893.0,48.0,63.0,55.0,1472,manual,100.0,12.0
174,COMPUTE,290.0,893.0,49.0,64.0,55.0,1472,manual,100.0,12.0
175,COMPUTE,275.0,893.0,48.0,62.0,54.0,1430,manual,100.0,12.0
176,COMPUTE,293.0,881.0,49.0,64.0,55.0,1472,manual,100.0,9.0
177,COMPUTE,292.0,881.0,48.0,64.0,55.0,1472,manual,100.0,14.0
178,COMPUTE,44.0,856.0,49.0,64.0,55.0,300,manual,0.0,0.0
179,COMPUTE,295.0,881.0,49.0,64.0,55.0,1430,manual,100.0,11.0
180,COMPUTE,318.0,881.0,48.0,57.0,54.0,1502,manual,94.0,11.0
181,COMPUTE,298.0,881.0,49.0,64.0,55.0,1472,manual,100.0,12.0
182,COMPUTE,276.0,856.0,48.0,64.0,55.0,1430,manual,100.0,13.0
183,COMPUTE,243.0,856.0,48.0,64.0,54.0,1472,manual,100.0,9.0
184,COMPUTE,44.0,881.0,48.0,59.0,53.0,300,manual,0.0,0.0
185,COMPUTE,325.0,900.0,49.0,64.0,55.0,1472,manual,99.0,12.0
186,COMPUTE,335.0,875.0,48.0,61.0,54.0,1472,manual,100.0,8.0
187,COMPUTE,335.0,893.0,47.0,57.0,53.0,1472,manual,99.0,14.0
188,COMPUTE,333.0,893.0,49.0,64.0,55.0,1472,manual,99.0,13.0
189,COMPUTE,220.0,862.0,49.0,64.0,55.0,1472,manual,100.0,8.0
190,COMPUTE,264.0,856.0,49.0,63.0,55.0,1472,manual,100.0,12.0
191,COMPUTE,269.0,875.0,49.0,64.0,55.0,1472,manual,100.0,13.0
192,COMPUTE,266.0,893.0,48.0,63.0,55.0,1472,manual,100.0,13.0
193,COMPUTE,264.0,856.0,48.0,64.0,55.0,1472,manual,100.0,14.0
194,COMPUTE,290.0,881.0,49.0,64.0,55.0,1430,manual,100.0,14.0
195,COMPUTE,297.0,906.0,48.0,63.0,55.0,1472,manual,100.0,9.0
196,COMPUTE,273.0,856.0,49.0,64.0,55.0,1430,manual,100.0,12.0
197,COMPUTE,304.0,862.0,49.0,64.0,55.0,1472,manual,100.0,10.0
198,COMPUTE,264.0,850.0,49.0,64.0,55.0,1472,manual,100.0,13.0
199,COMPUTE,277.0,881.0,49.0,64.0,55.0,1430,manual,100.0,11.0
200,COMPUTE,291.0,893.0,49.0,65.0,55.0,1472,manual,99.0,14.0
201,COMPUTE,321.0,668.0,49.0,64.0,54.0,1472,manual,100.0,11.0
202,COMPUTE,318.0,662.0,49.0,64.0,55.0,1430,manual,100.0,12.0
203,COMPUTE,44.0,881.0,49.0,64.0,55.0,300,manual,0.0,0.0
204,COMPUTE,284.0,881.0,49.0,64.0,55.0,1472,manual,100.0,14.0
205,COMPUTE,43.0,668.0,46.0,50.0,52.0,300,manual,0.0,0.0
