index,power_profile,power_usage,voltage,edge_temperature,junction_temperature,memory_temperature,sclk,performance,gpu_usage,memory_usage
0,COMPUTE,39.0,662.0,33.0,36.0,40.0,300,auto,0.0,0.0
1,COMPUTE,39.0,662.0,33.0,36.0,40.0,300,auto,0.0,0.0
2,COMPUTE,39.0,668.0,32.0,36.0,40.0,300,auto,0.0,0.0
3,COMPUTE,39.0,668.0,33.0,36.0,40.0,300,auto,0.0,0.0
4,COMPUTE,39.0,662.0,32.0,36.0,40.0,300,auto,0.0,0.0
5,COMPUTE,39.0,662.0,32.0,36.0,40.0,300,auto,0.0,0.0
6,COMPUTE,39.0,662.0,31.0,35.0,39.0,300,auto,0.0,0.0
7,COMPUTE,39.0,668.0,31.0,35.0,39.0,300,auto,0.0,0.0
8,COMPUTE,39.0,662.0,31.0,35.0,39.0,300,auto,0.0,0.0
9,COMPUTE,44.0,662.0,31.0,35.0,39.0,1502,auto,0.0,0.0
10,COMPUTE,61.0,918.0,31.0,35.0,39.0,1502,auto,6.0,0.0
11,COMPUTE,84.0,662.0,31.0,35.0,39.0,1502,auto,12.0,0.0
12,COMPUTE,38.0,662.0,31.0,34.0,39.0,300,auto,0.0,0.0
13,COMPUTE,39.0,662.0,31.0,35.0,38.0,300,auto,0.0,0.0
14,COMPUTE,39.0,662.0,30.0,34.0,38.0,300,auto,0.0,0.0
15,COMPUTE,82.0,675.0,30.0,36.0,38.0,1502,auto,6.0,0.0
16,COMPUTE,38.0,668.0,31.0,34.0,38.0,300,auto,0.0,0.0
17,COMPUTE,38.0,662.0,30.0,34.0,38.0,300,auto,0.0,0.0
18,COMPUTE,39.0,662.0,30.0,34.0,38.0,300,auto,0.0,0.0
19,COMPUTE,38.0,662.0,30.0,33.0,38.0,300,auto,0.0,0.0
20,COMPUTE,37.0,662.0,29.0,33.0,37.0,300,auto,0.0,0.0
21,COMPUTE,38.0,662.0,30.0,33.0,37.0,300,auto,0.0,0.0
22,COMPUTE,38.0,662.0,29.0,33.0,37.0,300,auto,0.0,0.0
23,COMPUTE,37.0,662.0,29.0,33.0,37.0,300,auto,0.0,0.0
24,COMPUTE,39.0,662.0,29.0,33.0,37.0,300,auto,0.0,0.0
25,COMPUTE,38.0,668.0,29.0,33.0,37.0,300,auto,0.0,0.0
26,COMPUTE,38.0,668.0,29.0,32.0,37.0,300,auto,0.0,0.0
27,COMPUTE,38.0,662.0,28.0,32.0,37.0,300,auto,0.0,0.0
28,COMPUTE,39.0,662.0,29.0,32.0,36.0,300,auto,0.0,0.0
29,COMPUTE,38.0,662.0,29.0,32.0,36.0,300,auto,0.0,0.0
30,COMPUTE,38.0,662.0,28.0,32.0,36.0,300,auto,0.0,0.0
31,COMPUTE,38.0,662.0,28.0,32.0,36.0,300,auto,0.0,0.0
32,COMPUTE,94.0,662.0,28.0,32.0,36.0,1502,auto,8.0,1.0
33,COMPUTE,38.0,662.0,28.0,32.0,36.0,300,auto,0.0,0.0
34,COMPUTE,37.0,662.0,28.0,32.0,36.0,300,auto,0.0,0.0
35,COMPUTE,34.0,668.0,28.0,31.0,36.0,300,auto,0.0,0.0
36,COMPUTE,37.0,668.0,28.0,32.0,36.0,300,auto,0.0,0.0
37,COMPUTE,38.0,662.0,28.0,32.0,36.0,300,auto,0.0,0.0
38,COMPUTE,37.0,662.0,27.0,32.0,35.0,300,auto,0.0,0.0
39,COMPUTE,37.0,662.0,27.0,31.0,35.0,300,auto,0.0,0.0
40,COMPUTE,35.0,668.0,27.0,31.0,35.0,300,auto,0.0,0.0
41,COMPUTE,39.0,662.0,27.0,31.0,35.0,300,auto,0.0,0.0
42,COMPUTE,35.0,918.0,27.0,31.0,35.0,300,auto,0.0,0.0
43,COMPUTE,39.0,662.0,27.0,30.0,35.0,300,auto,0.0,0.0
44,COMPUTE,38.0,662.0,27.0,31.0,35.0,300,auto,0.0,0.0
45,COMPUTE,38.0,662.0,26.0,31.0,35.0,300,auto,0.0,0.0
46,COMPUTE,36.0,725.0,27.0,31.0,35.0,300,auto,2.0,0.0
47,COMPUTE,39.0,662.0,27.0,31.0,35.0,300,auto,0.0,0.0
48,COMPUTE,37.0,662.0,26.0,30.0,35.0,300,auto,0.0,0.0
49,COMPUTE,37.0,662.0,26.0,30.0,35.0,300,auto,0.0,0.0
50,COMPUTE,37.0,662.0,26.0,30.0,35.0,300,auto,0.0,0.0
51,COMPUTE,35.0,662.0,26.0,30.0,34.0,300,auto,0.0,0.0
52,COMPUTE,35.0,662.0,26.0,30.0,34.0,300,auto,0.0,0.0
53,COMPUTE,37.0,662.0,25.0,30.0,34.0,300,auto,0.0,0.0
54,COMPUTE,37.0,668.0,26.0,30.0,34.0,300,auto,0.0,0.0
55,COMPUTE,37.0,662.0,25.0,30.0,34.0,300,auto,0.0,0.0
56,COMPUTE,37.0,662.0,26.0,30.0,34.0,300,auto,0.0,0.0
57,COMPUTE,36.0,662.0,26.0,30.0,34.0,300,auto,0.0,0.0
58,COMPUTE,37.0,925.0,26.0,30.0,34.0,300,auto,2.0,0.0
59,COMPUTE,122.0,662.0,26.0,30.0,34.0,1502,auto,30.0,8.0
60,COMPUTE,184.0,912.0,27.0,35.0,36.0,1502,auto,99.0,8.0
61,COMPUTE,295.0,881.0,29.0,42.0,39.0,1502,auto,99.0,19.0
62,COMPUTE,276.0,912.0,31.0,43.0,40.0,1502,auto,100.0,29.0
63,COMPUTE,252.0,893.0,31.0,43.0,41.0,1502,auto,99.0,22.0
64,COMPUTE,240.0,912.0,31.0,44.0,41.0,1502,auto,99.0,24.0
65,COMPUTE,228.0,912.0,31.0,45.0,41.0,1502,auto,100.0,41.0
66,COMPUTE,254.0,918.0,32.0,45.0,42.0,1502,auto,99.0,41.0
67,COMPUTE,305.0,912.0,31.0,45.0,42.0,1502,auto,95.0,32.0
68,COMPUTE,283.0,912.0,32.0,46.0,43.0,1502,auto,91.0,32.0
69,COMPUTE,301.0,918.0,33.0,45.0,42.0,1502,auto,99.0,29.0
70,COMPUTE,253.0,906.0,32.0,46.0,42.0,1502,auto,99.0,13.0
71,COMPUTE,322.0,862.0,33.0,46.0,43.0,1502,auto,89.0,17.0
72,COMPUTE,289.0,925.0,33.0,46.0,42.0,1502,auto,99.0,18.0
73,COMPUTE,39.0,668.0,31.0,35.0,39.0,300,auto,0.0,0.0
74,COMPUTE,38.0,662.0,30.0,33.0,38.0,300,auto,0.0,0.0
75,COMPUTE,302.0,900.0,31.0,41.0,40.0,1472,auto,99.0,12.0
76,COMPUTE,260.0,925.0,32.0,42.0,41.0,1502,auto,100.0,34.0
77,COMPUTE,190.0,918.0,33.0,45.0,42.0,1502,auto,99.0,13.0
78,COMPUTE,244.0,906.0,34.0,45.0,43.0,1502,auto,99.0,16.0
79,COMPUTE,292.0,906.0,33.0,46.0,43.0,1502,auto,99.0,17.0
80,COMPUTE,240.0,893.0,34.0,47.0,44.0,1502,auto,99.0,10.0
81,COMPUTE,54.0,918.0,34.0,47.0,44.0,300,auto,4.0,0.0
82,COMPUTE,69.0,912.0,34.0,48.0,44.0,1502,auto,16.0,1.0
83,COMPUTE,291.0,925.0,35.0,48.0,44.0,1502,auto,100.0,40.0
84,COMPUTE,304.0,893.0,34.0,47.0,44.0,1502,auto,99.0,16.0
85,COMPUTE,294.0,893.0,35.0,47.0,44.0,1502,auto,99.0,13.0
86,COMPUTE,289.0,918.0,35.0,49.0,44.0,1502,auto,99.0,14.0
87,COMPUTE,295.0,906.0,35.0,50.0,45.0,1502,auto,85.0,28.0
88,COMPUTE,232.0,912.0,35.0,48.0,44.0,1502,auto,100.0,36.0
89,COMPUTE,95.0,893.0,35.0,45.0,44.0,1502,auto,28.0,1.0
90,COMPUTE,79.0,912.0,34.0,43.0,43.0,1502,auto,31.0,6.0
91,COMPUTE,164.0,906.0,35.0,48.0,44.0,1502,auto,99.0,8.0
92,COMPUTE,294.0,900.0,36.0,49.0,45.0,1502,auto,97.0,28.0
93,COMPUTE,81.0,893.0,36.0,50.0,44.0,1502,auto,30.0,4.0
94,COMPUTE,254.0,893.0,36.0,50.0,46.0,1502,auto,100.0,17.0
95,COMPUTE,314.0,918.0,36.0,50.0,45.0,1472,auto,100.0,38.0
96,COMPUTE,222.0,918.0,37.0,49.0,45.0,1502,auto,99.0,15.0
97,COMPUTE,212.0,893.0,36.0,49.0,46.0,1502,auto,48.0,12.0
98,COMPUTE,306.0,912.0,36.0,50.0,46.0,1472,auto,100.0,43.0
99,COMPUTE,293.0,900.0,37.0,49.0,45.0,1472,auto,99.0,15.0
100,COMPUTE,248.0,912.0,36.0,50.0,45.0,1502,auto,99.0,18.0
101,COMPUTE,283.0,900.0,37.0,51.0,45.0,1502,auto,99.0,17.0
102,COMPUTE,304.0,668.0,37.0,50.0,45.0,1472,auto,100.0,41.0
103,COMPUTE,306.0,918.0,36.0,42.0,43.0,1472,auto,99.0,13.0
104,COMPUTE,39.0,668.0,36.0,43.0,44.0,300,auto,0.0,0.0
105,COMPUTE,277.0,912.0,38.0,49.0,46.0,1502,auto,100.0,26.0
106,COMPUTE,289.0,893.0,37.0,50.0,46.0,1502,auto,99.0,22.0
107,COMPUTE,252.0,881.0,38.0,50.0,45.0,1502,auto,98.0,16.0
108,COMPUTE,70.0,918.0,38.0,51.0,47.0,1502,auto,8.0,0.0
109,COMPUTE,287.0,900.0,37.0,51.0,47.0,1502,auto,99.0,13.0
110,COMPUTE,106.0,900.0,38.0,51.0,47.0,1502,auto,75.0,9.0
111,COMPUTE,292.0,893.0,38.0,51.0,47.0,1502,auto,98.0,26.0
112,COMPUTE,235.0,893.0,38.0,51.0,47.0,1502,auto,99.0,18.0
113,COMPUTE,91.0,912.0,38.0,52.0,47.0,1502,auto,38.0,5.0
114,COMPUTE,273.0,925.0,38.0,52.0,47.0,1502,auto,100.0,38.0
115,COMPUTE,175.0,912.0,38.0,52.0,47.0,1502,auto,99.0,9.0
116,COMPUTE,246.0,893.0,38.0,53.0,48.0,1502,auto,98.0,19.0
117,COMPUTE,226.0,662.0,38.0,51.0,48.0,1502,auto,94.0,15.0
118,COMPUTE,222.0,662.0,38.0,50.0,47.0,1502,auto,99.0,19.0
119,COMPUTE,232.0,912.0,39.0,51.0,47.0,1502,auto,100.0,41.0
120,COMPUTE,281.0,906.0,38.0,52.0,47.0,1502,auto,99.0,30.0
121,COMPUTE,266.0,881.0,39.0,51.0,48.0,1502,auto,99.0,14.0
122,COMPUTE,235.0,912.0,39.0,49.0,47.0,1502,auto,99.0,15.0
123,COMPUTE,60.0,925.0,39.0,52.0,47.0,1502,auto,40.0,6.0
124,COMPUTE,254.0,893.0,39.0,53.0,48.0,1502,auto,99.0,20.0
125,COMPUTE,176.0,887.0,39.0,52.0,48.0,1502,auto,99.0,10.0
126,COMPUTE,302.0,893.0,39.0,52.0,48.0,1502,auto,96.0,11.0
127,COMPUTE,157.0,912.0,39.0,53.0,49.0,1502,auto,83.0,10.0
128,COMPUTE,281.0,937.0,40.0,53.0,48.0,1502,auto,83.0,28.0
129,COMPUTE,56.0,668.0,39.0,53.0,48.0,1502,auto,19.0,0.0
130,COMPUTE,258.0,893.0,39.0,52.0,48.0,1502,auto,99.0,19.0
131,COMPUTE,74.0,906.0,40.0,54.0,48.0,1502,auto,47.0,15.0
132,COMPUTE,317.0,900.0,39.0,51.0,48.0,1472,auto,97.0,31.0
133,COMPUTE,307.0,925.0,39.0,50.0,47.0,1472,auto,99.0,31.0
134,COMPUTE,263.0,893.0,39.0,53.0,48.0,1502,auto,100.0,40.0
135,COMPUTE,288.0,893.0,40.0,52.0,48.0,1502,auto,99.0,16.0
136,COMPUTE,46.0,881.0,40.0,53.0,48.0,1502,auto,24.0,26.0
137,COMPUTE,71.0,912.0,40.0,54.0,49.0,1502,auto,12.0,0.0
138,COMPUTE,307.0,931.0,40.0,53.0,49.0,1472,auto,99.0,15.0
139,COMPUTE,327.0,893.0,40.0,53.0,49.0,1472,auto,99.0,18.0
140,COMPUTE,308.0,893.0,40.0,53.0,49.0,1502,auto,98.0,18.0
141,COMPUTE,56.0,943.0,41.0,54.0,50.0,300,auto,5.0,0.0
142,COMPUTE,211.0,925.0,40.0,54.0,49.0,1502,auto,100.0,40.0
143,COMPUTE,256.0,906.0,41.0,53.0,49.0,1502,auto,99.0,22.0
144,COMPUTE,251.0,906.0,41.0,54.0,49.0,1502,auto,99.0,20.0
145,COMPUTE,256.0,918.0,40.0,54.0,49.0,1502,auto,99.0,20.0
146,COMPUTE,69.0,893.0,40.0,52.0,48.0,1502,auto,23.0,2.0
147,COMPUTE,149.0,937.0,38.0,48.0,48.0,1502,auto,76.0,9.0
148,COMPUTE,59.0,925.0,41.0,53.0,48.0,1502,auto,13.0,1.0
149,COMPUTE,58.0,937.0,41.0,55.0,48.0,1502,auto,8.0,3.0
150,COMPUTE,298.0,881.0,41.0,54.0,50.0,1502,auto,98.0,22.0
151,COMPUTE,286.0,875.0,40.0,54.0,50.0,1502,auto,95.0,28.0
152,COMPUTE,67.0,906.0,41.0,54.0,50.0,1502,auto,8.0,0.0
153,COMPUTE,260.0,662.0,41.0,55.0,50.0,1502,auto,100.0,39.0
154,COMPUTE,85.0,918.0,41.0,55.0,50.0,1502,auto,14.0,1.0
155,COMPUTE,256.0,893.0,41.0,55.0,50.0,1502,auto,89.0,17.0
156,COMPUTE,73.0,931.0,41.0,56.0,50.0,1502,auto,13.0,1.0
157,COMPUTE,283.0,937.0,41.0,55.0,50.0,1502,auto,66.0,21.0
158,COMPUTE,272.0,918.0,41.0,55.0,50.0,1502,auto,94.0,30.0
159,COMPUTE,57.0,912.0,41.0,55.0,51.0,1502,auto,4.0,0.0
160,COMPUTE,70.0,868.0,40.0,53.0,49.0,1502,auto,22.0,13.0
161,COMPUTE,170.0,925.0,41.0,51.0,49.0,1502,auto,99.0,13.0
162,COMPUTE,255.0,912.0,41.0,54.0,48.0,1502,auto,98.0,20.0
163,COMPUTE,300.0,906.0,41.0,54.0,49.0,1502,auto,100.0,26.0
164,COMPUTE,300.0,893.0,41.0,54.0,49.0,1472,auto,99.0,15.0
165,COMPUTE,306.0,925.0,41.0,54.0,50.0,1472,auto,99.0,17.0
166,COMPUTE,296.0,925.0,41.0,55.0,49.0,1502,auto,99.0,11.0
167,COMPUTE,266.0,925.0,41.0,55.0,49.0,1502,auto,100.0,13.0
168,COMPUTE,199.0,918.0,41.0,55.0,50.0,1502,auto,99.0,22.0
169,COMPUTE,317.0,893.0,41.0,54.0,49.0,1502,auto,90.0,17.0
170,COMPUTE,266.0,881.0,42.0,55.0,50.0,1502,auto,99.0,15.0
171,COMPUTE,303.0,881.0,42.0,55.0,51.0,1502,auto,89.0,31.0
172,BOOTUP DEFAULT,77.0,893.0,42.0,56.0,50.0,1502,auto,18.0,7.0
173,BOOTUP DEFAULT,124.0,912.0,42.0,55.0,51.0,1502,auto,30.0,18.0
174,BOOTUP DEFAULT,264.0,925.0,41.0,53.0,48.0,1472,auto,99.0,13.0
175,BOOTUP DEFAULT,39.0,668.0,39.0,43.0,45.0,300,auto,0.0,0.0
176,BOOTUP DEFAULT,39.0,675.0,38.0,41.0,44.0,300,auto,0.0,0.0
177,BOOTUP DEFAULT,39.0,662.0,37.0,41.0,43.0,300,auto,0.0,0.0
