index,power_profile,power_usage,voltage,edge_temperature,junction_temperature,memory_temperature,sclk,performance,gpu_usage,memory_usage
0,VIDEO,35.0,668.0,20.0,25.0,29.0,300,manual,0.0,0.0
1,VIDEO,34.0,668.0,21.0,25.0,30.0,300,manual,0.0,0.0
2,VIDEO,35.0,668.0,20.0,25.0,30.0,300,manual,0.0,0.0
3,VIDEO,35.0,668.0,20.0,25.0,30.0,300,manual,0.0,0.0
4,VIDEO,35.0,662.0,20.0,25.0,30.0,300,manual,0.0,0.0
5,VIDEO,35.0,662.0,20.0,24.0,30.0,300,manual,0.0,0.0
6,VIDEO,35.0,662.0,20.0,25.0,30.0,300,manual,0.0,0.0
7,VIDEO,35.0,668.0,20.0,25.0,30.0,300,manual,0.0,0.0
8,VIDEO,34.0,662.0,20.0,25.0,30.0,300,manual,0.0,0.0
9,VIDEO,34.0,668.0,20.0,25.0,29.0,300,manual,0.0,0.0
10,VIDEO,34.0,662.0,21.0,25.0,30.0,300,manual,0.0,0.0
11,VIDEO,35.0,662.0,20.0,25.0,30.0,300,manual,0.0,0.0
12,VIDEO,35.0,662.0,20.0,25.0,30.0,300,manual,0.0,0.0
13,VIDEO,34.0,662.0,20.0,25.0,30.0,300,manual,0.0,0.0
14,VIDEO,35.0,668.0,20.0,25.0,30.0,300,manual,0.0,0.0
15,VIDEO,34.0,668.0,21.0,25.0,30.0,300,manual,0.0,0.0
16,VIDEO,35.0,662.0,21.0,25.0,30.0,1502,manual,0.0,0.0
17,VIDEO,96.0,912.0,21.0,30.0,30.0,1502,manual,90.0,1.0
18,VIDEO,95.0,912.0,21.0,32.0,30.0,1502,manual,90.0,0.0
19,VIDEO,97.0,912.0,22.0,32.0,30.0,1502,manual,98.0,0.0
20,VIDEO,93.0,918.0,22.0,32.0,30.0,1502,manual,97.0,0.0
21,VIDEO,94.0,918.0,23.0,33.0,30.0,1502,manual,99.0,0.0
22,VIDEO,94.0,912.0,23.0,33.0,30.0,1502,manual,94.0,0.0
23,VIDEO,96.0,918.0,23.0,33.0,30.0,1502,manual,90.0,1.0
24,VIDEO,96.0,918.0,23.0,33.0,31.0,1502,manual,90.0,1.0
25,VIDEO,94.0,918.0,23.0,33.0,30.0,1502,manual,99.0,0.0
26,VIDEO,94.0,912.0,23.0,33.0,30.0,1502,manual,99.0,0.0
27,VIDEO,93.0,918.0,23.0,33.0,31.0,1502,manual,82.0,0.0
28,VIDEO,93.0,918.0,23.0,32.0,31.0,1502,manual,77.0,0.0
29,VIDEO,93.0,918.0,23.0,33.0,31.0,1502,manual,97.0,0.0
30,VIDEO,92.0,662.0,23.0,33.0,31.0,1502,manual,96.0,0.0
31,VIDEO,93.0,918.0,23.0,33.0,31.0,1502,manual,95.0,0.0
32,VIDEO,91.0,918.0,23.0,33.0,31.0,1502,manual,90.0,0.0
33,VIDEO,72.0,918.0,23.0,33.0,31.0,1502,manual,57.0,0.0
34,VIDEO,93.0,912.0,24.0,33.0,31.0,1502,manual,92.0,0.0
35,VIDEO,93.0,912.0,23.0,33.0,31.0,1502,manual,95.0,0.0
36,VIDEO,93.0,912.0,23.0,33.0,31.0,1502,manual,99.0,0.0
37,VIDEO,93.0,912.0,24.0,34.0,31.0,1502,manual,93.0,0.0
38,VIDEO,93.0,912.0,24.0,33.0,31.0,1502,manual,99.0,0.0
39,VIDEO,47.0,912.0,24.0,33.0,31.0,1502,manual,27.0,0.0
40,VIDEO,93.0,912.0,24.0,33.0,32.0,1502,manual,97.0,0.0
41,VIDEO,93.0,918.0,24.0,33.0,31.0,1502,manual,95.0,0.0
42,VIDEO,93.0,918.0,24.0,33.0,31.0,1502,manual,82.0,0.0
43,VIDEO,93.0,918.0,25.0,33.0,31.0,1502,manual,93.0,0.0
44,VIDEO,93.0,918.0,24.0,34.0,31.0,1502,manual,96.0,0.0
45,VIDEO,93.0,918.0,24.0,33.0,31.0,1502,manual,99.0,0.0
46,VIDEO,90.0,918.0,24.0,33.0,31.0,1502,manual,83.0,0.0
47,VIDEO,93.0,918.0,24.0,34.0,31.0,1502,manual,75.0,0.0
48,VIDEO,92.0,912.0,25.0,34.0,31.0,1502,manual,81.0,0.0
49,VIDEO,93.0,925.0,24.0,34.0,31.0,1502,manual,77.0,0.0
50,VIDEO,93.0,918.0,25.0,34.0,32.0,1502,manual,96.0,0.0
51,VIDEO,93.0,918.0,24.0,34.0,32.0,1502,manual,99.0,0.0
52,VIDEO,93.0,918.0,25.0,34.0,32.0,1502,manual,84.0,0.0
53,VIDEO,93.0,918.0,25.0,34.0,32.0,1502,manual,93.0,0.0
54,VIDEO,93.0,925.0,24.0,34.0,32.0,1502,manual,99.0,0.0
55,VIDEO,92.0,918.0,25.0,34.0,32.0,1502,manual,99.0,0.0
56,VIDEO,93.0,918.0,25.0,34.0,32.0,1502,manual,99.0,0.0
57,VIDEO,93.0,918.0,25.0,34.0,32.0,1502,manual,99.0,0.0
58,VIDEO,93.0,918.0,25.0,34.0,32.0,1502,manual,99.0,0.0
59,VIDEO,93.0,912.0,25.0,34.0,32.0,1502,manual,99.0,0.0
60,VIDEO,93.0,918.0,25.0,35.0,32.0,1502,manual,85.0,0.0
61,VIDEO,92.0,918.0,25.0,34.0,32.0,1502,manual,99.0,0.0
62,VIDEO,93.0,912.0,25.0,35.0,32.0,1502,manual,74.0,0.0
63,VIDEO,92.0,912.0,25.0,34.0,32.0,1502,manual,99.0,0.0
64,VIDEO,93.0,918.0,25.0,35.0,32.0,1502,manual,99.0,0.0
65,VIDEO,93.0,918.0,25.0,34.0,33.0,1502,manual,99.0,0.0
66,VIDEO,93.0,918.0,25.0,34.0,33.0,1502,manual,92.0,0.0
67,VIDEO,93.0,912.0,25.0,34.0,33.0,1502,manual,99.0,0.0
68,VIDEO,93.0,918.0,25.0,34.0,32.0,1502,manual,85.0,0.0
69,VIDEO,93.0,912.0,25.0,35.0,32.0,1502,manual,95.0,0.0
70,VIDEO,68.0,918.0,26.0,35.0,32.0,1502,manual,49.0,0.0
71,VIDEO,93.0,912.0,25.0,35.0,32.0,1502,manual,99.0,0.0
72,VIDEO,93.0,912.0,25.0,35.0,32.0,1502,manual,96.0,0.0
73,VIDEO,93.0,912.0,25.0,35.0,32.0,1502,manual,99.0,0.0
74,VIDEO,93.0,912.0,25.0,34.0,32.0,1502,manual,99.0,0.0
75,VIDEO,91.0,912.0,25.0,35.0,32.0,1502,manual,90.0,0.0
76,VIDEO,93.0,912.0,25.0,35.0,32.0,1502,manual,99.0,0.0
77,VIDEO,93.0,912.0,26.0,35.0,33.0,1502,manual,91.0,0.0
78,VIDEO,93.0,912.0,26.0,35.0,33.0,1502,manual,99.0,0.0
79,VIDEO,93.0,912.0,26.0,35.0,33.0,1502,manual,97.0,0.0
80,VIDEO,93.0,912.0,25.0,35.0,33.0,1502,manual,95.0,0.0
81,VIDEO,93.0,912.0,25.0,35.0,33.0,1502,manual,82.0,0.0
82,VIDEO,86.0,918.0,25.0,35.0,33.0,1502,manual,72.0,0.0
83,VIDEO,93.0,912.0,26.0,34.0,33.0,1502,manual,99.0,0.0
84,VIDEO,93.0,912.0,25.0,35.0,33.0,1502,manual,99.0,0.0
85,VIDEO,93.0,918.0,26.0,35.0,33.0,1502,manual,85.0,0.0
86,VIDEO,93.0,918.0,25.0,35.0,33.0,1502,manual,99.0,0.0
87,VIDEO,93.0,918.0,26.0,35.0,34.0,1502,manual,99.0,0.0
88,VIDEO,93.0,912.0,26.0,35.0,34.0,1502,manual,99.0,0.0
89,VIDEO,93.0,912.0,25.0,35.0,33.0,1502,manual,91.0,0.0
90,VIDEO,93.0,918.0,26.0,35.0,33.0,1502,manual,89.0,0.0
91,VIDEO,92.0,918.0,26.0,35.0,33.0,1502,manual,86.0,0.0
92,VIDEO,93.0,918.0,26.0,36.0,33.0,1502,manual,85.0,0.0
93,VIDEO,93.0,918.0,26.0,35.0,33.0,1502,manual,85.0,0.0
94,VIDEO,37.0,662.0,26.0,30.0,33.0,300,manual,0.0,0.0
95,VIDEO,37.0,668.0,25.0,29.0,33.0,300,manual,0.0,0.0
