index,power_profile,power_usage,voltage,edge_temperature,junction_temperature,memory_temperature,sclk,performance,gpu_usage,memory_usage
0,POWER SAVING,39.0,662.0,32.0,36.0,40.0,300,manual,0.0,0.0
1,POWER SAVING,39.0,668.0,32.0,36.0,40.0,300,manual,0.0,0.0
2,POWER SAVING,39.0,662.0,32.0,35.0,40.0,300,manual,0.0,0.0
3,POWER SAVING,38.0,662.0,31.0,35.0,39.0,300,manual,0.0,0.0
4,POWER SAVING,39.0,662.0,31.0,35.0,39.0,300,manual,0.0,0.0
5,POWER SAVING,39.0,668.0,31.0,36.0,39.0,300,manual,0.0,0.0
6,POWER SAVING,39.0,668.0,31.0,35.0,39.0,300,manual,0.0,0.0
7,POWER SAVING,39.0,662.0,31.0,35.0,39.0,300,manual,0.0,0.0
8,POWER SAVING,38.0,662.0,31.0,35.0,39.0,300,manual,0.0,0.0
9,POWER SAVING,38.0,662.0,31.0,34.0,38.0,300,manual,0.0,0.0
10,POWER SAVING,66.0,912.0,31.0,34.0,38.0,1502,manual,9.0,0.0
11,POWER SAVING,69.0,900.0,30.0,35.0,38.0,1502,manual,3.0,0.0
12,POWER SAVING,39.0,662.0,30.0,34.0,38.0,300,manual,0.0,0.0
13,POWER SAVING,39.0,662.0,30.0,34.0,38.0,300,manual,0.0,0.0
14,POWER SAVING,38.0,668.0,30.0,33.0,38.0,300,manual,0.0,0.0
15,POWER SAVING,82.0,925.0,30.0,34.0,38.0,1502,manual,7.0,0.0
16,POWER SAVING,38.0,662.0,30.0,34.0,38.0,300,manual,0.0,0.0
17,POWER SAVING,38.0,662.0,30.0,33.0,37.0,300,manual,0.0,0.0
18,POWER SAVING,39.0,662.0,29.0,33.0,37.0,300,manual,0.0,0.0
19,POWER SAVING,38.0,668.0,29.0,33.0,37.0,300,manual,0.0,0.0
20,POWER SAVING,38.0,662.0,29.0,33.0,37.0,300,manual,0.0,0.0
21,POWER SAVING,38.0,668.0,29.0,33.0,37.0,300,manual,0.0,0.0
22,POWER SAVING,37.0,668.0,29.0,33.0,37.0,300,manual,0.0,0.0
23,POWER SAVING,38.0,668.0,29.0,32.0,37.0,300,manual,0.0,0.0
24,POWER SAVING,38.0,662.0,28.0,32.0,37.0,300,manual,0.0,0.0
25,POWER SAVING,38.0,668.0,29.0,32.0,36.0,300,manual,0.0,0.0
26,POWER SAVING,38.0,662.0,28.0,32.0,36.0,300,manual,0.0,0.0
27,POWER SAVING,38.0,656.0,28.0,32.0,36.0,300,manual,0.0,0.0
28,POWER SAVING,38.0,662.0,28.0,32.0,36.0,300,manual,0.0,0.0
29,POWER SAVING,38.0,662.0,28.0,32.0,36.0,300,manual,0.0,0.0
30,POWER SAVING,38.0,668.0,28.0,32.0,36.0,300,manual,0.0,0.0
31,POWER SAVING,38.0,668.0,28.0,31.0,36.0,300,manual,0.0,0.0
32,POWER SAVING,34.0,662.0,28.0,32.0,36.0,300,manual,0.0,0.0
33,POWER SAVING,37.0,912.0,28.0,32.0,36.0,300,manual,0.0,0.0
34,POWER SAVING,38.0,668.0,27.0,31.0,36.0,300,manual,0.0,0.0
35,POWER SAVING,38.0,662.0,27.0,31.0,35.0,300,manual,0.0,0.0
36,POWER SAVING,38.0,662.0,27.0,32.0,35.0,300,manual,0.0,0.0
37,POWER SAVING,37.0,662.0,27.0,31.0,35.0,300,manual,0.0,0.0
38,POWER SAVING,39.0,662.0,27.0,31.0,35.0,300,manual,0.0,0.0
39,POWER SAVING,38.0,662.0,27.0,31.0,35.0,300,manual,0.0,0.0
40,POWER SAVING,39.0,662.0,27.0,31.0,35.0,300,manual,0.0,0.0
41,POWER SAVING,39.0,912.0,26.0,31.0,35.0,300,manual,0.0,0.0
42,POWER SAVING,38.0,662.0,27.0,31.0,35.0,300,manual,0.0,0.0
43,POWER SAVING,37.0,718.0,26.0,30.0,35.0,300,manual,0.0,0.0
44,POWER SAVING,35.0,662.0,26.0,30.0,35.0,300,manual,0.0,0.0
45,POWER SAVING,38.0,662.0,26.0,30.0,35.0,300,manual,1.0,0.0
46,POWER SAVING,37.0,662.0,26.0,30.0,35.0,300,manual,0.0,0.0
47,POWER SAVING,39.0,662.0,26.0,30.0,34.0,300,manual,0.0,0.0
48,POWER SAVING,35.0,662.0,26.0,30.0,34.0,300,manual,0.0,0.0
49,POWER SAVING,35.0,912.0,26.0,30.0,34.0,300,manual,0.0,0.0
50,POWER SAVING,38.0,662.0,26.0,30.0,34.0,300,manual,0.0,0.0
51,POWER SAVING,37.0,662.0,26.0,30.0,34.0,300,manual,0.0,0.0
52,POWER SAVING,35.0,668.0,25.0,30.0,34.0,300,manual,0.0,0.0
53,POWER SAVING,54.0,662.0,25.0,30.0,34.0,300,manual,13.0,2.0
54,POWER SAVING,57.0,662.0,25.0,30.0,34.0,1502,manual,11.0,0.0
55,POWER SAVING,36.0,668.0,26.0,30.0,34.0,300,manual,0.0,0.0
56,POWER SAVING,38.0,662.0,25.0,29.0,34.0,300,manual,0.0,0.0
57,POWER SAVING,35.0,662.0,25.0,30.0,34.0,300,manual,0.0,0.0
58,POWER SAVING,37.0,668.0,25.0,29.0,34.0,300,manual,0.0,0.0
59,POWER SAVING,38.0,668.0,25.0,29.0,34.0,300,manual,2.0,0.0
60,POWER SAVING,36.0,662.0,26.0,29.0,34.0,300,manual,0.0,0.0
61,POWER SAVING,318.0,887.0,27.0,37.0,37.0,1472,manual,99.0,9.0
62,POWER SAVING,252.0,906.0,29.0,42.0,39.0,1502,manual,100.0,41.0
63,POWER SAVING,295.0,925.0,30.0,43.0,40.0,1502,manual,99.0,13.0
64,POWER SAVING,262.0,906.0,30.0,43.0,40.0,1502,manual,99.0,17.0
65,POWER SAVING,262.0,925.0,31.0,43.0,41.0,1502,manual,99.0,12.0
66,POWER SAVING,247.0,912.0,31.0,43.0,41.0,1502,manual,99.0,19.0
67,POWER SAVING,273.0,900.0,31.0,45.0,41.0,1502,manual,96.0,28.0
68,POWER SAVING,98.0,912.0,32.0,45.0,41.0,1502,manual,24.0,17.0
69,POWER SAVING,284.0,925.0,32.0,46.0,42.0,1502,manual,100.0,32.0
70,POWER SAVING,281.0,893.0,32.0,46.0,41.0,1502,manual,99.0,31.0
71,POWER SAVING,210.0,893.0,32.0,45.0,41.0,1502,manual,98.0,11.0
72,POWER SAVING,197.0,906.0,32.0,45.0,41.0,1502,manual,99.0,21.0
73,POWER SAVING,89.0,881.0,32.0,44.0,41.0,1502,manual,19.0,30.0
74,POWER SAVING,39.0,662.0,31.0,36.0,39.0,300,manual,0.0,0.0
75,POWER SAVING,39.0,662.0,30.0,33.0,38.0,300,manual,0.0,0.0
76,POWER SAVING,64.0,918.0,30.0,37.0,38.0,1502,manual,86.0,16.0
77,POWER SAVING,38.0,893.0,31.0,35.0,38.0,300,manual,0.0,0.0
78,POWER SAVING,281.0,893.0,32.0,45.0,42.0,1502,manual,99.0,16.0
79,POWER SAVING,247.0,912.0,33.0,46.0,42.0,1502,manual,83.0,16.0
80,POWER SAVING,166.0,893.0,33.0,46.0,42.0,1502,manual,99.0,10.0
81,POWER SAVING,272.0,887.0,33.0,47.0,43.0,1502,manual,98.0,21.0
82,POWER SAVING,87.0,906.0,33.0,47.0,43.0,1502,manual,45.0,18.0
83,POWER SAVING,169.0,900.0,34.0,47.0,42.0,1502,manual,99.0,12.0
84,POWER SAVING,253.0,893.0,34.0,47.0,43.0,1502,manual,98.0,19.0
85,POWER SAVING,300.0,925.0,34.0,48.0,44.0,1502,manual,100.0,23.0
86,POWER SAVING,297.0,912.0,34.0,47.0,44.0,1502,manual,99.0,17.0
87,POWER SAVING,252.0,893.0,35.0,49.0,44.0,1502,manual,99.0,18.0
88,POWER SAVING,296.0,906.0,34.0,48.0,43.0,1502,manual,99.0,15.0
89,POWER SAVING,54.0,912.0,35.0,49.0,45.0,300,manual,3.0,1.0
90,POWER SAVING,167.0,662.0,35.0,48.0,44.0,1502,manual,99.0,13.0
91,POWER SAVING,305.0,668.0,35.0,47.0,44.0,1502,manual,97.0,19.0
92,POWER SAVING,323.0,893.0,34.0,46.0,44.0,1472,manual,89.0,17.0
93,POWER SAVING,244.0,912.0,35.0,49.0,44.0,1502,manual,99.0,17.0
94,POWER SAVING,220.0,893.0,35.0,50.0,45.0,1502,manual,54.0,30.0
95,POWER SAVING,80.0,900.0,36.0,50.0,45.0,1502,manual,35.0,30.0
96,POWER SAVING,48.0,912.0,36.0,50.0,46.0,1502,manual,28.0,7.0
97,POWER SAVING,285.0,900.0,36.0,50.0,45.0,1502,manual,100.0,26.0
98,POWER SAVING,304.0,868.0,36.0,49.0,45.0,1472,manual,99.0,15.0
99,POWER SAVING,301.0,893.0,36.0,50.0,46.0,1502,manual,98.0,16.0
100,POWER SAVING,247.0,906.0,36.0,49.0,46.0,1502,manual,99.0,18.0
101,POWER SAVING,305.0,912.0,37.0,51.0,46.0,1502,manual,96.0,26.0
102,POWER SAVING,253.0,906.0,36.0,51.0,46.0,1502,manual,98.0,18.0
103,POWER SAVING,282.0,906.0,37.0,50.0,46.0,1502,manual,99.0,29.0
104,POWER SAVING,246.0,900.0,37.0,50.0,46.0,1502,manual,99.0,19.0
105,POWER SAVING,210.0,925.0,36.0,48.0,45.0,1502,manual,99.0,17.0
106,POWER SAVING,39.0,912.0,36.0,48.0,46.0,300,manual,0.0,1.0
107,POWER SAVING,273.0,912.0,37.0,51.0,46.0,1502,manual,100.0,39.0
108,POWER SAVING,302.0,893.0,37.0,50.0,46.0,1502,manual,99.0,15.0
109,POWER SAVING,331.0,912.0,37.0,50.0,47.0,1472,manual,93.0,19.0
110,POWER SAVING,301.0,912.0,37.0,51.0,46.0,1502,manual,98.0,19.0
111,POWER SAVING,76.0,662.0,38.0,51.0,47.0,1502,manual,29.0,2.0
112,POWER SAVING,307.0,906.0,37.0,51.0,46.0,1472,manual,99.0,15.0
113,POWER SAVING,325.0,918.0,38.0,51.0,47.0,1472,manual,99.0,17.0
114,POWER SAVING,75.0,912.0,38.0,52.0,47.0,1502,manual,39.0,28.0
115,POWER SAVING,293.0,893.0,38.0,51.0,47.0,1502,manual,99.0,15.0
116,POWER SAVING,178.0,893.0,38.0,51.0,47.0,1502,manual,89.0,17.0
117,POWER SAVING,298.0,906.0,38.0,51.0,48.0,1502,manual,69.0,34.0
118,POWER SAVING,308.0,893.0,38.0,52.0,47.0,1472,manual,99.0,18.0
119,POWER SAVING,256.0,925.0,38.0,49.0,46.0,1502,manual,99.0,12.0
120,POWER SAVING,68.0,925.0,38.0,47.0,46.0,1502,manual,7.0,5.0
121,POWER SAVING,306.0,918.0,38.0,51.0,47.0,1502,manual,99.0,16.0
122,POWER SAVING,175.0,893.0,38.0,52.0,47.0,1502,manual,99.0,13.0
123,POWER SAVING,251.0,912.0,39.0,52.0,48.0,1502,manual,99.0,12.0
124,POWER SAVING,291.0,881.0,39.0,52.0,47.0,1502,manual,99.0,17.0
125,POWER SAVING,290.0,912.0,38.0,52.0,47.0,1502,manual,91.0,15.0
126,POWER SAVING,305.0,931.0,39.0,52.0,48.0,1502,manual,95.0,28.0
127,POWER SAVING,232.0,925.0,39.0,53.0,48.0,1502,manual,82.0,8.0
128,POWER SAVING,278.0,912.0,39.0,53.0,48.0,1502,manual,99.0,42.0
129,POWER SAVING,282.0,881.0,39.0,53.0,48.0,1502,manual,99.0,15.0
130,POWER SAVING,251.0,893.0,39.0,52.0,48.0,1502,manual,99.0,17.0
131,POWER SAVING,253.0,912.0,39.0,52.0,48.0,1502,manual,99.0,15.0
132,POWER SAVING,88.0,912.0,40.0,53.0,48.0,1502,manual,23.0,4.0
133,POWER SAVING,39.0,893.0,38.0,45.0,46.0,300,manual,0.0,0.0
134,POWER SAVING,39.0,662.0,38.0,48.0,46.0,300,manual,0.0,0.0
135,POWER SAVING,264.0,906.0,39.0,52.0,47.0,1502,manual,100.0,42.0
136,POWER SAVING,327.0,937.0,40.0,52.0,47.0,1472,manual,94.0,15.0
137,POWER SAVING,214.0,850.0,39.0,53.0,48.0,1502,manual,100.0,37.0
138,POWER SAVING,287.0,900.0,39.0,52.0,48.0,1502,manual,98.0,19.0
139,POWER SAVING,251.0,918.0,39.0,53.0,49.0,1502,manual,82.0,9.0
140,POWER SAVING,229.0,893.0,40.0,52.0,49.0,1502,manual,99.0,21.0
141,POWER SAVING,269.0,931.0,40.0,53.0,47.0,1502,manual,100.0,43.0
142,POWER SAVING,239.0,906.0,40.0,52.0,49.0,1502,manual,99.0,10.0
143,POWER SAVING,272.0,931.0,40.0,53.0,48.0,1502,manual,100.0,14.0
144,POWER SAVING,274.0,900.0,40.0,54.0,49.0,1502,manual,99.0,15.0
145,POWER SAVING,264.0,906.0,40.0,53.0,49.0,1502,manual,97.0,16.0
146,POWER SAVING,75.0,737.0,40.0,54.0,49.0,1502,manual,27.0,5.0
147,POWER SAVING,178.0,925.0,40.0,53.0,49.0,1502,manual,99.0,14.0
148,POWER SAVING,306.0,881.0,40.0,51.0,48.0,1472,manual,99.0,14.0
149,POWER SAVING,224.0,887.0,39.0,49.0,47.0,1502,manual,99.0,15.0
150,POWER SAVING,295.0,912.0,40.0,53.0,47.0,1502,manual,99.0,13.0
151,POWER SAVING,257.0,906.0,40.0,53.0,48.0,1502,manual,100.0,41.0
152,POWER SAVING,244.0,893.0,41.0,53.0,49.0,1502,manual,98.0,19.0
153,POWER SAVING,266.0,925.0,40.0,54.0,49.0,1502,manual,100.0,14.0
154,POWER SAVING,295.0,912.0,40.0,54.0,49.0,1502,manual,99.0,14.0
155,POWER SAVING,238.0,918.0,41.0,54.0,49.0,1502,manual,100.0,23.0
156,POWER SAVING,202.0,900.0,40.0,53.0,49.0,1502,manual,96.0,9.0
157,POWER SAVING,86.0,912.0,41.0,54.0,50.0,1502,manual,39.0,29.0
158,POWER SAVING,274.0,925.0,41.0,53.0,49.0,1502,manual,69.0,9.0
159,POWER SAVING,287.0,912.0,41.0,54.0,50.0,1502,manual,77.0,33.0
160,POWER SAVING,285.0,906.0,41.0,54.0,49.0,1502,manual,99.0,14.0
161,POWER SAVING,302.0,893.0,41.0,54.0,50.0,1502,manual,95.0,30.0
162,POWER SAVING,255.0,662.0,41.0,54.0,50.0,1502,manual,99.0,15.0
163,POWER SAVING,311.0,862.0,40.0,52.0,48.0,1502,manual,98.0,18.0
164,POWER SAVING,226.0,912.0,40.0,52.0,48.0,1502,manual,99.0,26.0
165,POWER SAVING,60.0,912.0,41.0,54.0,50.0,1502,manual,29.0,19.0
166,POWER SAVING,266.0,925.0,41.0,54.0,49.0,1502,manual,99.0,14.0
167,POWER SAVING,165.0,900.0,41.0,54.0,50.0,1502,manual,76.0,16.0
168,POWER SAVING,204.0,906.0,41.0,55.0,50.0,1502,manual,50.0,30.0
169,POWER SAVING,275.0,925.0,41.0,55.0,50.0,1502,manual,100.0,21.0
170,POWER SAVING,314.0,937.0,41.0,55.0,50.0,1472,manual,99.0,17.0
171,POWER SAVING,328.0,906.0,41.0,55.0,49.0,1472,manual,99.0,8.0
172,POWER SAVING,305.0,906.0,42.0,55.0,50.0,1472,manual,99.0,10.0
173,POWER SAVING,75.0,906.0,41.0,56.0,50.0,1502,manual,48.0,4.0
174,POWER SAVING,300.0,906.0,41.0,54.0,50.0,1502,manual,99.0,14.0
175,POWER SAVING,288.0,925.0,42.0,55.0,50.0,1502,manual,99.0,14.0
176,POWER SAVING,56.0,925.0,42.0,56.0,50.0,300,manual,8.0,0.0
177,POWER SAVING,250.0,900.0,41.0,52.0,49.0,1502,manual,99.0,17.0
178,POWER SAVING,39.0,662.0,39.0,43.0,46.0,300,manual,0.0,0.0
179,POWER SAVING,39.0,662.0,37.0,42.0,44.0,300,manual,0.0,0.0
180,POWER SAVING,39.0,662.0,37.0,41.0,44.0,300,manual,0.0,0.0
