index,power_profile,power_usage,voltage,edge_temperature,junction_temperature,memory_temperature,sclk,performance,gpu_usage,memory_usage
0,POWER SAVING,44.0,656.0,50.0,53.0,53.0,300,manual,0.0,0.0
1,POWER SAVING,272.0,893.0,51.0,64.0,65.0,1502,manual,100.0,82.0
2,POWER SAVING,277.0,900.0,53.0,68.0,72.0,1502,manual,100.0,82.0
3,POWER SAVING,277.0,893.0,53.0,69.0,74.0,1502,manual,100.0,82.0
4,POWER SAVING,277.0,893.0,53.0,69.0,75.0,1502,manual,100.0,82.0
5,POWER SAVING,277.0,893.0,54.0,70.0,75.0,1502,manual,100.0,81.0
6,POWER SAVING,277.0,900.0,54.0,70.0,76.0,1502,manual,100.0,81.0
7,POWER SAVING,277.0,893.0,54.0,70.0,76.0,1502,manual,100.0,82.0
8,POWER SAVING,277.0,893.0,54.0,70.0,76.0,1502,manual,100.0,82.0
9,POWER SAVING,277.0,893.0,55.0,70.0,76.0,1502,manual,100.0,82.0
10,POWER SAVING,279.0,900.0,55.0,70.0,76.0,1502,manual,100.0,82.0
11,POWER SAVING,274.0,893.0,55.0,70.0,76.0,1502,manual,100.0,82.0
12,POWER SAVING,280.0,893.0,55.0,70.0,76.0,1502,manual,100.0,82.0
13,POWER SAVING,278.0,893.0,55.0,70.0,77.0,1502,manual,100.0,82.0
14,POWER SAVING,277.0,893.0,55.0,70.0,77.0,1502,manual,100.0,82.0
15,POWER SAVING,277.0,900.0,55.0,71.0,77.0,1502,manual,100.0,82.0
16,POWER SAVING,277.0,893.0,55.0,71.0,77.0,1502,manual,100.0,82.0
17,POWER SAVING,277.0,893.0,55.0,71.0,77.0,1502,manual,100.0,81.0
18,POWER SAVING,278.0,893.0,55.0,71.0,77.0,1502,manual,100.0,81.0
19,POWER SAVING,278.0,900.0,55.0,70.0,77.0,1502,manual,100.0,82.0
20,POWER SAVING,277.0,893.0,55.0,71.0,77.0,1502,manual,100.0,82.0
21,POWER SAVING,276.0,893.0,55.0,71.0,77.0,1502,manual,100.0,82.0
22,POWER SAVING,280.0,900.0,56.0,71.0,77.0,1502,manual,100.0,82.0
23,POWER SAVING,277.0,900.0,56.0,71.0,77.0,1502,manual,100.0,82.0
24,POWER SAVING,277.0,893.0,55.0,71.0,77.0,1502,manual,100.0,82.0
25,POWER SAVING,277.0,893.0,56.0,71.0,77.0,1502,manual,100.0,81.0
26,POWER SAVING,277.0,900.0,55.0,71.0,77.0,1502,manual,100.0,82.0
27,POWER SAVING,277.0,893.0,56.0,72.0,77.0,1502,manual,100.0,82.0
28,POWER SAVING,278.0,893.0,55.0,71.0,77.0,1502,manual,100.0,82.0
29,POWER SAVING,278.0,893.0,56.0,71.0,78.0,1502,manual,100.0,82.0
30,POWER SAVING,278.0,893.0,56.0,71.0,77.0,1502,manual,100.0,82.0
31,POWER SAVING,277.0,900.0,56.0,71.0,78.0,1502,manual,100.0,82.0
32,POWER SAVING,278.0,893.0,56.0,71.0,78.0,1502,manual,100.0,82.0
33,POWER SAVING,278.0,900.0,55.0,71.0,78.0,1502,manual,100.0,82.0
34,POWER SAVING,278.0,893.0,56.0,71.0,78.0,1502,manual,100.0,81.0
35,POWER SAVING,279.0,893.0,56.0,71.0,78.0,1502,manual,100.0,82.0
36,POWER SAVING,278.0,893.0,56.0,71.0,78.0,1502,manual,100.0,82.0
37,POWER SAVING,278.0,893.0,56.0,72.0,78.0,1502,manual,100.0,82.0
38,POWER SAVING,281.0,893.0,56.0,71.0,78.0,1502,manual,100.0,82.0
39,POWER SAVING,281.0,893.0,56.0,71.0,78.0,1502,manual,100.0,82.0
40,POWER SAVING,277.0,893.0,56.0,71.0,78.0,1502,manual,100.0,82.0
41,POWER SAVING,275.0,900.0,56.0,72.0,78.0,1502,manual,100.0,81.0
42,POWER SAVING,279.0,900.0,56.0,72.0,78.0,1502,manual,100.0,82.0
43,POWER SAVING,277.0,900.0,56.0,72.0,78.0,1502,manual,100.0,82.0
44,POWER SAVING,278.0,893.0,56.0,72.0,78.0,1502,manual,100.0,82.0
45,POWER SAVING,278.0,893.0,56.0,72.0,78.0,1502,manual,100.0,82.0
46,POWER SAVING,278.0,900.0,56.0,72.0,78.0,1502,manual,100.0,82.0
47,POWER SAVING,281.0,893.0,56.0,71.0,78.0,1502,manual,100.0,82.0
48,POWER SAVING,278.0,893.0,56.0,72.0,78.0,1502,manual,100.0,82.0
49,POWER SAVING,282.0,900.0,56.0,72.0,78.0,1502,manual,100.0,82.0
50,POWER SAVING,280.0,893.0,56.0,72.0,78.0,1502,manual,100.0,82.0
51,POWER SAVING,278.0,893.0,56.0,72.0,78.0,1502,manual,100.0,82.0
52,POWER SAVING,280.0,893.0,56.0,72.0,78.0,1502,manual,100.0,82.0
53,POWER SAVING,278.0,893.0,56.0,72.0,78.0,1502,manual,100.0,82.0
54,POWER SAVING,281.0,893.0,56.0,72.0,78.0,1502,manual,100.0,82.0
55,POWER SAVING,279.0,893.0,56.0,72.0,78.0,1502,manual,100.0,82.0
56,POWER SAVING,278.0,893.0,56.0,71.0,78.0,1502,manual,100.0,81.0
57,POWER SAVING,279.0,893.0,56.0,71.0,78.0,1502,manual,100.0,82.0
58,POWER SAVING,279.0,893.0,56.0,72.0,78.0,1502,manual,100.0,82.0
59,POWER SAVING,275.0,893.0,56.0,72.0,78.0,1502,manual,100.0,82.0
60,POWER SAVING,279.0,893.0,56.0,72.0,78.0,1502,manual,100.0,82.0
61,POWER SAVING,279.0,900.0,57.0,72.0,78.0,1502,manual,100.0,82.0
62,POWER SAVING,279.0,900.0,56.0,72.0,78.0,1502,manual,100.0,82.0
63,POWER SAVING,280.0,893.0,56.0,72.0,78.0,1502,manual,100.0,82.0
64,POWER SAVING,281.0,893.0,56.0,71.0,78.0,1502,manual,100.0,82.0
65,POWER SAVING,282.0,900.0,56.0,72.0,78.0,1502,manual,100.0,81.0
66,POWER SAVING,279.0,893.0,56.0,72.0,78.0,1502,manual,100.0,82.0
67,POWER SAVING,281.0,893.0,56.0,71.0,78.0,1502,manual,100.0,82.0
68,POWER SAVING,278.0,893.0,56.0,72.0,78.0,1502,manual,100.0,82.0
69,POWER SAVING,280.0,893.0,56.0,72.0,78.0,1502,manual,100.0,82.0
70,POWER SAVING,281.0,900.0,57.0,72.0,78.0,1502,manual,100.0,82.0
71,POWER SAVING,277.0,893.0,56.0,72.0,78.0,1502,manual,100.0,81.0
72,POWER SAVING,280.0,900.0,56.0,72.0,78.0,1502,manual,100.0,82.0
73,POWER SAVING,279.0,893.0,56.0,72.0,78.0,1502,manual,100.0,81.0
74,POWER SAVING,281.0,893.0,56.0,72.0,78.0,1502,manual,100.0,82.0
75,POWER SAVING,279.0,900.0,56.0,71.0,78.0,1502,manual,100.0,82.0
76,POWER SAVING,279.0,893.0,56.0,72.0,77.0,1502,manual,100.0,82.0
77,POWER SAVING,280.0,893.0,56.0,72.0,78.0,1502,manual,100.0,82.0
78,POWER SAVING,278.0,893.0,56.0,72.0,78.0,1502,manual,100.0,82.0
79,POWER SAVING,278.0,893.0,56.0,72.0,78.0,1502,manual,100.0,82.0
80,POWER SAVING,280.0,893.0,56.0,72.0,78.0,1502,manual,100.0,82.0
81,POWER SAVING,278.0,893.0,56.0,72.0,78.0,1502,manual,100.0,82.0
82,POWER SAVING,277.0,900.0,56.0,72.0,78.0,1502,manual,100.0,82.0
83,POWER SAVING,279.0,900.0,56.0,72.0,78.0,1502,manual,100.0,82.0
84,POWER SAVING,277.0,893.0,56.0,72.0,78.0,1502,manual,100.0,82.0
85,POWER SAVING,278.0,900.0,56.0,71.0,78.0,1502,manual,100.0,82.0
86,POWER SAVING,280.0,893.0,56.0,72.0,78.0,1502,manual,100.0,82.0
87,POWER SAVING,279.0,893.0,56.0,72.0,78.0,1502,manual,100.0,82.0
88,POWER SAVING,278.0,893.0,56.0,72.0,78.0,1502,manual,100.0,82.0
89,POWER SAVING,278.0,893.0,56.0,71.0,78.0,1502,manual,100.0,82.0
90,POWER SAVING,278.0,900.0,56.0,72.0,78.0,1502,manual,100.0,82.0
91,POWER SAVING,279.0,893.0,56.0,72.0,78.0,1502,manual,100.0,82.0
92,POWER SAVING,277.0,893.0,56.0,71.0,78.0,1502,manual,100.0,82.0
93,POWER SAVING,277.0,893.0,56.0,71.0,78.0,1502,manual,100.0,82.0
94,POWER SAVING,278.0,893.0,56.0,72.0,78.0,1502,manual,100.0,82.0
95,POWER SAVING,278.0,893.0,56.0,72.0,78.0,1502,manual,100.0,82.0
96,POWER SAVING,279.0,893.0,56.0,72.0,78.0,1502,manual,100.0,82.0
97,POWER SAVING,278.0,893.0,56.0,71.0,78.0,1502,manual,100.0,82.0
98,POWER SAVING,278.0,893.0,56.0,72.0,78.0,1502,manual,100.0,82.0
99,POWER SAVING,279.0,900.0,56.0,71.0,78.0,1502,manual,100.0,82.0
100,POWER SAVING,277.0,900.0,56.0,71.0,78.0,1502,manual,100.0,82.0
101,POWER SAVING,277.0,893.0,56.0,72.0,78.0,1502,manual,100.0,82.0
102,POWER SAVING,278.0,900.0,56.0,72.0,78.0,1502,manual,100.0,82.0
103,POWER SAVING,279.0,893.0,56.0,71.0,78.0,1502,manual,100.0,82.0
104,POWER SAVING,279.0,900.0,56.0,71.0,77.0,1502,manual,100.0,82.0
105,POWER SAVING,279.0,893.0,55.0,72.0,77.0,1502,manual,100.0,81.0
106,POWER SAVING,278.0,900.0,56.0,71.0,78.0,1502,manual,100.0,82.0
107,POWER SAVING,276.0,893.0,56.0,71.0,78.0,1502,manual,100.0,82.0
108,POWER SAVING,278.0,893.0,56.0,71.0,77.0,1502,manual,100.0,82.0
109,POWER SAVING,277.0,893.0,56.0,72.0,77.0,1502,manual,100.0,82.0
110,POWER SAVING,278.0,893.0,56.0,71.0,77.0,1502,manual,100.0,82.0
111,POWER SAVING,278.0,893.0,56.0,71.0,77.0,1502,manual,100.0,81.0
112,POWER SAVING,279.0,893.0,56.0,71.0,77.0,1502,manual,100.0,82.0
113,POWER SAVING,277.0,893.0,55.0,71.0,78.0,1502,manual,100.0,82.0
114,POWER SAVING,277.0,900.0,56.0,71.0,77.0,1502,manual,100.0,82.0
115,POWER SAVING,281.0,893.0,56.0,72.0,77.0,1502,manual,100.0,82.0
116,POWER SAVING,278.0,893.0,56.0,71.0,78.0,1502,manual,100.0,82.0
117,POWER SAVING,277.0,893.0,55.0,71.0,77.0,1502,manual,100.0,82.0
118,POWER SAVING,278.0,893.0,55.0,71.0,78.0,1502,manual,100.0,82.0
119,POWER SAVING,277.0,900.0,56.0,71.0,78.0,1502,manual,100.0,82.0
120,POWER SAVING,281.0,893.0,56.0,71.0,78.0,1502,manual,100.0,82.0
121,POWER SAVING,278.0,893.0,55.0,71.0,78.0,1502,manual,100.0,81.0
122,POWER SAVING,279.0,893.0,55.0,71.0,77.0,1502,manual,100.0,82.0
123,POWER SAVING,277.0,900.0,56.0,71.0,77.0,1502,manual,100.0,82.0
124,POWER SAVING,277.0,893.0,56.0,71.0,78.0,1502,manual,100.0,82.0
125,POWER SAVING,278.0,893.0,56.0,71.0,77.0,1502,manual,100.0,82.0
126,POWER SAVING,277.0,893.0,55.0,71.0,78.0,1502,manual,100.0,81.0
127,POWER SAVING,277.0,893.0,55.0,71.0,77.0,1502,manual,100.0,82.0
128,POWER SAVING,277.0,893.0,55.0,71.0,77.0,1502,manual,100.0,82.0
129,POWER SAVING,281.0,893.0,55.0,71.0,77.0,1502,manual,100.0,82.0
130,POWER SAVING,277.0,893.0,56.0,71.0,77.0,1502,manual,100.0,82.0
131,POWER SAVING,277.0,893.0,55.0,71.0,77.0,1502,manual,100.0,82.0
132,POWER SAVING,278.0,893.0,56.0,71.0,77.0,1502,manual,100.0,82.0
133,POWER SAVING,278.0,893.0,55.0,71.0,77.0,1502,manual,100.0,82.0
134,POWER SAVING,278.0,900.0,55.0,71.0,77.0,1502,manual,100.0,82.0
135,POWER SAVING,278.0,893.0,55.0,71.0,77.0,1502,manual,100.0,82.0
136,POWER SAVING,281.0,900.0,55.0,71.0,77.0,1502,manual,100.0,82.0
137,POWER SAVING,277.0,900.0,55.0,71.0,77.0,1502,manual,100.0,82.0
138,POWER SAVING,281.0,893.0,55.0,71.0,77.0,1502,manual,100.0,82.0
139,POWER SAVING,279.0,893.0,55.0,71.0,77.0,1502,manual,100.0,82.0
140,POWER SAVING,277.0,893.0,56.0,71.0,77.0,1502,manual,100.0,81.0
141,POWER SAVING,278.0,893.0,55.0,71.0,77.0,1502,manual,100.0,82.0
142,POWER SAVING,277.0,893.0,55.0,70.0,77.0,1502,manual,100.0,82.0
143,POWER SAVING,277.0,893.0,56.0,71.0,77.0,1502,manual,100.0,82.0
144,POWER SAVING,277.0,893.0,56.0,71.0,77.0,1502,manual,100.0,81.0
145,POWER SAVING,277.0,893.0,55.0,71.0,77.0,1502,manual,100.0,82.0
146,POWER SAVING,277.0,893.0,55.0,71.0,77.0,1502,manual,100.0,82.0
147,POWER SAVING,274.0,893.0,55.0,71.0,77.0,1502,manual,100.0,81.0
148,POWER SAVING,277.0,900.0,55.0,71.0,77.0,1502,manual,100.0,82.0
149,POWER SAVING,277.0,893.0,55.0,71.0,77.0,1502,manual,100.0,82.0
150,POWER SAVING,277.0,893.0,55.0,71.0,77.0,1502,manual,100.0,82.0
151,POWER SAVING,277.0,900.0,55.0,70.0,77.0,1502,manual,100.0,82.0
152,POWER SAVING,277.0,906.0,55.0,71.0,77.0,1502,manual,100.0,79.0
153,POWER SAVING,277.0,893.0,55.0,71.0,77.0,1502,manual,100.0,82.0
154,POWER SAVING,277.0,893.0,55.0,70.0,77.0,1502,manual,100.0,81.0
155,POWER SAVING,277.0,893.0,55.0,71.0,77.0,1502,manual,100.0,82.0
156,POWER SAVING,277.0,893.0,55.0,70.0,77.0,1502,manual,100.0,82.0
157,POWER SAVING,277.0,893.0,55.0,71.0,77.0,1502,manual,100.0,81.0
158,POWER SAVING,277.0,893.0,55.0,70.0,77.0,1502,manual,100.0,82.0
159,POWER SAVING,277.0,893.0,55.0,70.0,77.0,1502,manual,100.0,82.0
160,POWER SAVING,277.0,893.0,55.0,70.0,77.0,1502,manual,100.0,82.0
161,POWER SAVING,275.0,893.0,55.0,70.0,77.0,1502,manual,100.0,81.0
162,POWER SAVING,279.0,893.0,55.0,70.0,77.0,1502,manual,100.0,82.0
163,POWER SAVING,275.0,893.0,55.0,70.0,77.0,1502,manual,100.0,81.0
164,POWER SAVING,280.0,900.0,55.0,70.0,77.0,1502,manual,100.0,82.0
165,POWER SAVING,280.0,893.0,55.0,70.0,77.0,1502,manual,100.0,82.0
166,POWER SAVING,277.0,893.0,55.0,70.0,77.0,1502,manual,100.0,82.0
167,POWER SAVING,277.0,900.0,55.0,70.0,77.0,1502,manual,100.0,82.0
168,POWER SAVING,277.0,900.0,55.0,70.0,77.0,1502,manual,100.0,81.0
169,POWER SAVING,278.0,893.0,54.0,70.0,77.0,1502,manual,100.0,82.0
170,POWER SAVING,277.0,893.0,55.0,70.0,77.0,1502,manual,100.0,82.0
171,POWER SAVING,278.0,900.0,55.0,70.0,77.0,1502,manual,100.0,82.0
172,POWER SAVING,277.0,893.0,55.0,70.0,77.0,1502,manual,100.0,82.0
173,POWER SAVING,278.0,893.0,54.0,70.0,77.0,1502,manual,100.0,82.0
174,POWER SAVING,277.0,893.0,54.0,70.0,77.0,1502,manual,100.0,82.0
175,POWER SAVING,278.0,900.0,55.0,70.0,77.0,1502,manual,100.0,82.0
176,POWER SAVING,278.0,893.0,55.0,70.0,77.0,1502,manual,100.0,82.0
177,POWER SAVING,277.0,893.0,55.0,70.0,77.0,1502,manual,100.0,82.0
178,POWER SAVING,277.0,893.0,54.0,71.0,77.0,1502,manual,100.0,82.0
179,POWER SAVING,277.0,900.0,55.0,70.0,76.0,1502,manual,100.0,81.0
180,POWER SAVING,277.0,893.0,54.0,71.0,76.0,1502,manual,100.0,82.0
181,POWER SAVING,278.0,893.0,54.0,70.0,77.0,1502,manual,100.0,82.0
182,POWER SAVING,277.0,900.0,54.0,70.0,76.0,1502,manual,100.0,82.0
183,POWER SAVING,277.0,893.0,55.0,70.0,77.0,1502,manual,100.0,82.0
184,POWER SAVING,277.0,893.0,54.0,71.0,76.0,1502,manual,100.0,82.0
185,POWER SAVING,277.0,893.0,54.0,70.0,76.0,1502,manual,100.0,82.0
186,POWER SAVING,277.0,893.0,55.0,70.0,76.0,1502,manual,100.0,82.0
187,POWER SAVING,277.0,900.0,54.0,70.0,76.0,1502,manual,100.0,82.0
188,POWER SAVING,277.0,893.0,55.0,70.0,77.0,1502,manual,100.0,82.0
189,POWER SAVING,278.0,893.0,54.0,70.0,76.0,1502,manual,100.0,82.0
190,POWER SAVING,277.0,893.0,54.0,70.0,77.0,1502,manual,100.0,82.0
191,POWER SAVING,277.0,893.0,54.0,70.0,76.0,1502,manual,100.0,82.0
192,POWER SAVING,277.0,893.0,54.0,70.0,76.0,1502,manual,100.0,82.0
193,POWER SAVING,275.0,893.0,54.0,70.0,76.0,1502,manual,100.0,81.0
194,POWER SAVING,277.0,893.0,54.0,70.0,76.0,1502,manual,100.0,82.0
195,POWER SAVING,277.0,900.0,55.0,70.0,76.0,1502,manual,100.0,82.0
196,POWER SAVING,277.0,893.0,54.0,70.0,76.0,1502,manual,100.0,82.0
197,POWER SAVING,277.0,900.0,54.0,70.0,76.0,1502,manual,100.0,82.0
198,POWER SAVING,277.0,900.0,54.0,70.0,76.0,1502,manual,100.0,82.0
199,POWER SAVING,277.0,893.0,54.0,70.0,76.0,1502,manual,100.0,82.0
200,POWER SAVING,277.0,893.0,54.0,69.0,76.0,1502,manual,100.0,82.0
201,POWER SAVING,277.0,900.0,54.0,69.0,76.0,1502,manual,100.0,82.0
202,POWER SAVING,277.0,893.0,54.0,69.0,76.0,1502,manual,100.0,82.0
203,POWER SAVING,277.0,893.0,54.0,69.0,76.0,1502,manual,100.0,82.0
204,POWER SAVING,277.0,893.0,54.0,69.0,76.0,1502,manual,100.0,82.0
205,POWER SAVING,277.0,893.0,54.0,69.0,76.0,1502,manual,100.0,82.0
206,POWER SAVING,274.0,893.0,54.0,70.0,76.0,1502,manual,100.0,82.0
207,POWER SAVING,277.0,900.0,54.0,69.0,76.0,1502,manual,100.0,82.0
208,POWER SAVING,277.0,893.0,54.0,69.0,76.0,1502,manual,100.0,82.0
209,POWER SAVING,275.0,893.0,54.0,69.0,76.0,1502,manual,100.0,81.0
210,POWER SAVING,277.0,893.0,54.0,70.0,76.0,1502,manual,100.0,82.0
211,POWER SAVING,277.0,893.0,54.0,69.0,76.0,1502,manual,100.0,82.0
212,POWER SAVING,277.0,893.0,54.0,69.0,76.0,1502,manual,100.0,82.0
213,POWER SAVING,274.0,893.0,54.0,69.0,76.0,1502,manual,100.0,82.0
214,POWER SAVING,277.0,893.0,54.0,69.0,76.0,1502,manual,100.0,82.0
215,POWER SAVING,276.0,893.0,54.0,69.0,76.0,1502,manual,100.0,82.0
216,POWER SAVING,277.0,893.0,54.0,69.0,76.0,1502,manual,100.0,82.0
217,POWER SAVING,277.0,893.0,54.0,69.0,76.0,1502,manual,100.0,82.0
218,POWER SAVING,277.0,893.0,54.0,69.0,76.0,1502,manual,100.0,82.0
219,POWER SAVING,277.0,893.0,54.0,69.0,76.0,1502,manual,100.0,82.0
220,POWER SAVING,277.0,900.0,53.0,69.0,76.0,1502,manual,100.0,82.0
221,POWER SAVING,277.0,893.0,54.0,69.0,76.0,1502,manual,100.0,82.0
222,POWER SAVING,277.0,893.0,54.0,69.0,76.0,1502,manual,100.0,82.0
223,POWER SAVING,277.0,893.0,54.0,69.0,75.0,1502,manual,100.0,82.0
224,POWER SAVING,277.0,893.0,54.0,69.0,75.0,1502,manual,100.0,82.0
225,POWER SAVING,277.0,893.0,54.0,69.0,75.0,1502,manual,100.0,82.0
226,POWER SAVING,277.0,893.0,54.0,69.0,75.0,1502,manual,100.0,82.0
227,POWER SAVING,277.0,893.0,54.0,69.0,75.0,1502,manual,100.0,82.0
228,POWER SAVING,277.0,893.0,53.0,69.0,75.0,1502,manual,100.0,82.0
229,POWER SAVING,277.0,893.0,53.0,69.0,76.0,1502,manual,100.0,82.0
230,POWER SAVING,278.0,893.0,54.0,69.0,75.0,1502,manual,100.0,82.0
231,POWER SAVING,277.0,893.0,53.0,69.0,76.0,1502,manual,100.0,82.0
232,POWER SAVING,277.0,893.0,54.0,69.0,75.0,1502,manual,100.0,82.0
233,POWER SAVING,277.0,893.0,54.0,69.0,75.0,1502,manual,100.0,82.0
234,POWER SAVING,277.0,893.0,54.0,69.0,76.0,1502,manual,100.0,82.0
235,POWER SAVING,277.0,893.0,53.0,69.0,76.0,1502,manual,100.0,82.0
236,POWER SAVING,277.0,893.0,53.0,69.0,76.0,1502,manual,100.0,82.0
237,POWER SAVING,277.0,893.0,53.0,69.0,75.0,1502,manual,100.0,82.0
238,POWER SAVING,277.0,893.0,54.0,69.0,76.0,1502,manual,100.0,82.0
239,POWER SAVING,277.0,900.0,53.0,68.0,75.0,1502,manual,100.0,82.0
240,POWER SAVING,277.0,893.0,53.0,70.0,75.0,1502,manual,100.0,82.0
241,POWER SAVING,277.0,893.0,53.0,68.0,76.0,1502,manual,100.0,82.0
242,POWER SAVING,277.0,893.0,53.0,69.0,75.0,1502,manual,100.0,82.0
243,POWER SAVING,277.0,893.0,54.0,69.0,75.0,1502,manual,100.0,82.0
244,POWER SAVING,277.0,893.0,53.0,68.0,75.0,1502,manual,100.0,81.0
245,POWER SAVING,277.0,893.0,54.0,69.0,76.0,1502,manual,100.0,82.0
246,POWER SAVING,277.0,893.0,53.0,69.0,75.0,1502,manual,100.0,81.0
247,POWER SAVING,277.0,893.0,53.0,69.0,75.0,1502,manual,100.0,82.0
248,POWER SAVING,277.0,893.0,53.0,68.0,75.0,1502,manual,100.0,82.0
249,POWER SAVING,277.0,893.0,53.0,68.0,75.0,1502,manual,100.0,81.0
250,POWER SAVING,277.0,893.0,53.0,69.0,75.0,1502,manual,100.0,81.0
251,POWER SAVING,276.0,893.0,53.0,68.0,75.0,1502,manual,100.0,82.0
252,POWER SAVING,277.0,893.0,53.0,69.0,76.0,1502,manual,100.0,81.0
253,POWER SAVING,274.0,893.0,53.0,68.0,75.0,1502,manual,100.0,82.0
254,POWER SAVING,277.0,893.0,53.0,69.0,75.0,1502,manual,100.0,82.0
255,POWER SAVING,277.0,893.0,53.0,68.0,75.0,1502,manual,100.0,82.0
256,POWER SAVING,277.0,893.0,53.0,69.0,75.0,1502,manual,100.0,82.0
257,POWER SAVING,274.0,893.0,53.0,69.0,75.0,1502,manual,100.0,82.0
258,POWER SAVING,277.0,900.0,53.0,68.0,75.0,1502,manual,100.0,82.0
259,POWER SAVING,277.0,893.0,53.0,69.0,75.0,1502,manual,100.0,81.0
260,POWER SAVING,277.0,893.0,53.0,69.0,75.0,1502,manual,100.0,82.0
261,POWER SAVING,277.0,906.0,53.0,69.0,75.0,1502,manual,100.0,82.0
262,POWER SAVING,277.0,893.0,53.0,69.0,75.0,1502,manual,100.0,82.0
263,POWER SAVING,277.0,893.0,53.0,69.0,75.0,1502,manual,100.0,81.0
264,POWER SAVING,277.0,900.0,53.0,69.0,75.0,1502,manual,100.0,81.0
265,POWER SAVING,277.0,900.0,53.0,69.0,75.0,1502,manual,100.0,82.0
266,POWER SAVING,277.0,893.0,53.0,68.0,75.0,1502,manual,100.0,81.0
267,POWER SAVING,277.0,900.0,53.0,68.0,75.0,1502,manual,100.0,82.0
268,POWER SAVING,277.0,900.0,53.0,68.0,75.0,1502,manual,100.0,82.0
269,POWER SAVING,277.0,900.0,53.0,69.0,76.0,1502,manual,100.0,82.0
270,POWER SAVING,274.0,893.0,54.0,69.0,75.0,1502,manual,100.0,82.0
271,POWER SAVING,277.0,893.0,53.0,69.0,75.0,1502,manual,100.0,82.0
272,POWER SAVING,277.0,893.0,53.0,69.0,75.0,1502,manual,100.0,82.0
273,POWER SAVING,277.0,900.0,53.0,68.0,75.0,1502,manual,100.0,81.0
274,POWER SAVING,277.0,900.0,53.0,69.0,75.0,1502,manual,100.0,82.0
275,POWER SAVING,276.0,893.0,53.0,69.0,75.0,1502,manual,100.0,82.0
276,POWER SAVING,274.0,900.0,53.0,68.0,75.0,1502,manual,100.0,82.0
277,POWER SAVING,277.0,900.0,53.0,68.0,75.0,1502,manual,100.0,82.0
278,POWER SAVING,277.0,900.0,53.0,69.0,75.0,1502,manual,100.0,82.0
279,POWER SAVING,276.0,893.0,53.0,68.0,75.0,1502,manual,100.0,82.0
280,POWER SAVING,277.0,893.0,53.0,69.0,75.0,1502,manual,100.0,81.0
281,POWER SAVING,277.0,893.0,53.0,68.0,75.0,1502,manual,100.0,82.0
282,POWER SAVING,277.0,900.0,53.0,68.0,75.0,1502,manual,100.0,82.0
283,POWER SAVING,275.0,900.0,53.0,68.0,75.0,1502,manual,100.0,81.0
284,POWER SAVING,276.0,893.0,53.0,68.0,75.0,1502,manual,100.0,81.0
285,POWER SAVING,277.0,900.0,53.0,68.0,75.0,1502,manual,100.0,81.0
286,POWER SAVING,274.0,893.0,53.0,69.0,75.0,1502,manual,100.0,81.0
287,POWER SAVING,277.0,893.0,53.0,69.0,75.0,1502,manual,100.0,81.0
288,POWER SAVING,274.0,893.0,53.0,68.0,75.0,1502,manual,100.0,82.0
289,POWER SAVING,277.0,893.0,53.0,68.0,75.0,1502,manual,100.0,81.0
290,POWER SAVING,277.0,893.0,53.0,68.0,75.0,1502,manual,100.0,82.0
291,POWER SAVING,277.0,893.0,53.0,69.0,75.0,1502,manual,100.0,82.0
292,POWER SAVING,277.0,893.0,53.0,68.0,75.0,1502,manual,100.0,82.0
293,POWER SAVING,277.0,893.0,53.0,68.0,75.0,1502,manual,100.0,82.0
294,POWER SAVING,277.0,893.0,53.0,68.0,75.0,1502,manual,100.0,82.0
295,POWER SAVING,277.0,893.0,53.0,68.0,75.0,1502,manual,100.0,82.0
296,POWER SAVING,277.0,893.0,53.0,68.0,75.0,1502,manual,100.0,82.0
297,POWER SAVING,277.0,893.0,53.0,68.0,75.0,1502,manual,100.0,82.0
298,POWER SAVING,277.0,893.0,53.0,68.0,75.0,1502,manual,99.0,82.0
299,POWER SAVING,277.0,893.0,53.0,68.0,75.0,1502,manual,100.0,82.0
300,POWER SAVING,277.0,893.0,53.0,68.0,75.0,1502,manual,100.0,82.0
301,POWER SAVING,277.0,900.0,53.0,68.0,75.0,1502,manual,100.0,82.0
302,POWER SAVING,276.0,893.0,53.0,68.0,75.0,1502,manual,100.0,81.0
303,POWER SAVING,277.0,893.0,53.0,68.0,75.0,1502,manual,100.0,82.0
304,POWER SAVING,277.0,893.0,53.0,68.0,74.0,1502,manual,100.0,82.0
305,POWER SAVING,277.0,893.0,53.0,68.0,75.0,1502,manual,100.0,82.0
306,POWER SAVING,277.0,893.0,53.0,68.0,74.0,1502,manual,100.0,82.0
307,POWER SAVING,277.0,893.0,53.0,68.0,75.0,1502,manual,100.0,82.0
308,POWER SAVING,276.0,900.0,53.0,68.0,74.0,1502,manual,100.0,82.0
309,POWER SAVING,277.0,893.0,53.0,68.0,75.0,1502,manual,100.0,82.0
310,POWER SAVING,273.0,893.0,53.0,68.0,74.0,1502,manual,100.0,81.0
311,POWER SAVING,276.0,893.0,53.0,68.0,74.0,1502,manual,100.0,82.0
312,POWER SAVING,277.0,893.0,53.0,68.0,75.0,1502,manual,100.0,81.0
313,POWER SAVING,277.0,893.0,53.0,68.0,74.0,1502,manual,100.0,82.0
314,POWER SAVING,276.0,893.0,53.0,68.0,74.0,1502,manual,100.0,82.0
315,POWER SAVING,277.0,893.0,53.0,68.0,74.0,1502,manual,100.0,82.0
316,POWER SAVING,277.0,900.0,53.0,68.0,74.0,1502,manual,100.0,82.0
317,POWER SAVING,277.0,893.0,53.0,68.0,74.0,1502,manual,100.0,82.0
318,POWER SAVING,276.0,893.0,53.0,68.0,74.0,1502,manual,100.0,82.0
319,POWER SAVING,277.0,893.0,53.0,68.0,74.0,1502,manual,100.0,82.0
320,POWER SAVING,277.0,893.0,53.0,68.0,75.0,1502,manual,100.0,82.0
321,POWER SAVING,276.0,893.0,52.0,68.0,75.0,1502,manual,100.0,82.0
322,POWER SAVING,277.0,893.0,53.0,67.0,75.0,1502,manual,100.0,82.0
323,POWER SAVING,276.0,893.0,52.0,68.0,75.0,1502,manual,100.0,82.0
324,POWER SAVING,277.0,893.0,53.0,68.0,74.0,1502,manual,100.0,82.0
325,POWER SAVING,276.0,893.0,53.0,68.0,74.0,1502,manual,100.0,82.0
326,POWER SAVING,277.0,893.0,52.0,68.0,74.0,1502,manual,100.0,82.0
327,POWER SAVING,277.0,893.0,53.0,68.0,74.0,1502,manual,100.0,82.0
328,POWER SAVING,277.0,893.0,52.0,68.0,75.0,1502,manual,100.0,82.0
329,POWER SAVING,277.0,893.0,53.0,67.0,75.0,1502,manual,100.0,82.0
330,POWER SAVING,277.0,893.0,53.0,67.0,74.0,1502,manual,100.0,82.0
331,POWER SAVING,277.0,893.0,53.0,67.0,74.0,1502,manual,100.0,82.0
332,POWER SAVING,277.0,906.0,53.0,68.0,75.0,1502,manual,100.0,82.0
333,POWER SAVING,273.0,893.0,53.0,68.0,75.0,1502,manual,100.0,82.0
334,POWER SAVING,277.0,893.0,53.0,68.0,74.0,1502,manual,100.0,82.0
335,POWER SAVING,277.0,893.0,53.0,67.0,74.0,1502,manual,100.0,82.0
336,POWER SAVING,276.0,893.0,52.0,67.0,74.0,1502,manual,100.0,81.0
337,POWER SAVING,277.0,893.0,52.0,68.0,74.0,1502,manual,100.0,82.0
338,POWER SAVING,276.0,900.0,53.0,67.0,74.0,1502,manual,100.0,82.0
339,POWER SAVING,276.0,893.0,53.0,68.0,74.0,1502,manual,100.0,82.0
340,POWER SAVING,276.0,893.0,53.0,68.0,74.0,1502,manual,100.0,82.0
341,POWER SAVING,272.0,893.0,53.0,68.0,74.0,1502,manual,100.0,81.0
342,POWER SAVING,276.0,893.0,53.0,68.0,74.0,1502,manual,100.0,82.0
343,POWER SAVING,277.0,900.0,52.0,68.0,75.0,1502,manual,100.0,82.0
344,POWER SAVING,277.0,893.0,53.0,68.0,75.0,1502,manual,100.0,82.0
345,POWER SAVING,275.0,893.0,53.0,68.0,75.0,1502,manual,100.0,82.0
346,POWER SAVING,277.0,893.0,52.0,68.0,74.0,1502,manual,100.0,82.0
347,POWER SAVING,277.0,893.0,53.0,68.0,75.0,1502,manual,100.0,82.0
348,POWER SAVING,277.0,893.0,53.0,67.0,75.0,1502,manual,100.0,82.0
349,POWER SAVING,276.0,893.0,53.0,67.0,75.0,1502,manual,100.0,82.0
350,POWER SAVING,277.0,893.0,52.0,67.0,75.0,1502,manual,100.0,82.0
351,POWER SAVING,276.0,893.0,53.0,68.0,75.0,1502,manual,100.0,82.0
352,POWER SAVING,276.0,893.0,52.0,68.0,74.0,1502,manual,100.0,82.0
353,POWER SAVING,277.0,893.0,53.0,68.0,74.0,1502,manual,100.0,82.0
354,POWER SAVING,277.0,893.0,53.0,68.0,74.0,1502,manual,100.0,82.0
355,POWER SAVING,277.0,900.0,53.0,67.0,75.0,1502,manual,100.0,82.0
356,POWER SAVING,277.0,893.0,53.0,67.0,74.0,1502,manual,100.0,82.0
357,POWER SAVING,277.0,893.0,52.0,67.0,74.0,1502,manual,100.0,82.0
358,POWER SAVING,276.0,893.0,52.0,68.0,74.0,1502,manual,100.0,82.0
359,POWER SAVING,277.0,893.0,53.0,67.0,74.0,1502,manual,100.0,82.0
360,POWER SAVING,277.0,893.0,53.0,67.0,74.0,1502,manual,100.0,82.0
361,POWER SAVING,276.0,900.0,53.0,67.0,74.0,1502,manual,100.0,82.0
362,POWER SAVING,277.0,893.0,52.0,68.0,74.0,1502,manual,100.0,82.0
363,POWER SAVING,277.0,893.0,52.0,67.0,74.0,1502,manual,100.0,81.0
364,POWER SAVING,276.0,893.0,53.0,68.0,74.0,1502,manual,100.0,81.0
365,POWER SAVING,277.0,900.0,53.0,67.0,74.0,1502,manual,100.0,82.0
366,POWER SAVING,277.0,893.0,53.0,67.0,74.0,1502,manual,100.0,81.0
367,POWER SAVING,277.0,893.0,52.0,67.0,74.0,1502,manual,100.0,82.0
368,POWER SAVING,277.0,893.0,52.0,67.0,74.0,1502,manual,100.0,82.0
369,POWER SAVING,276.0,893.0,52.0,67.0,74.0,1502,manual,100.0,82.0
370,POWER SAVING,276.0,893.0,52.0,68.0,74.0,1502,manual,100.0,82.0
371,POWER SAVING,276.0,900.0,52.0,67.0,74.0,1502,manual,100.0,82.0
372,POWER SAVING,276.0,893.0,52.0,67.0,74.0,1502,manual,100.0,82.0
373,POWER SAVING,275.0,893.0,53.0,67.0,74.0,1502,manual,100.0,82.0
374,POWER SAVING,276.0,893.0,52.0,67.0,74.0,1502,manual,100.0,82.0
375,POWER SAVING,275.0,900.0,52.0,68.0,74.0,1502,manual,100.0,82.0
376,POWER SAVING,277.0,893.0,52.0,67.0,74.0,1502,manual,100.0,82.0
377,POWER SAVING,276.0,900.0,52.0,67.0,74.0,1502,manual,100.0,82.0
378,POWER SAVING,276.0,893.0,52.0,67.0,74.0,1502,manual,100.0,82.0
379,POWER SAVING,273.0,900.0,52.0,67.0,74.0,1502,manual,100.0,81.0
380,POWER SAVING,274.0,893.0,52.0,68.0,74.0,1502,manual,100.0,82.0
381,POWER SAVING,277.0,893.0,52.0,68.0,74.0,1502,manual,100.0,82.0
382,POWER SAVING,276.0,893.0,52.0,67.0,74.0,1502,manual,100.0,81.0
383,POWER SAVING,273.0,893.0,52.0,67.0,74.0,1502,manual,100.0,81.0
384,POWER SAVING,276.0,900.0,52.0,67.0,74.0,1502,manual,100.0,82.0
385,POWER SAVING,276.0,893.0,52.0,67.0,74.0,1502,manual,100.0,82.0
386,POWER SAVING,276.0,900.0,52.0,67.0,74.0,1502,manual,100.0,82.0
387,POWER SAVING,275.0,893.0,52.0,67.0,74.0,1502,manual,100.0,82.0
388,POWER SAVING,276.0,893.0,52.0,67.0,74.0,1502,manual,100.0,82.0
389,POWER SAVING,276.0,900.0,52.0,67.0,74.0,1502,manual,100.0,82.0
390,POWER SAVING,273.0,893.0,52.0,68.0,74.0,1502,manual,100.0,82.0
391,POWER SAVING,277.0,893.0,52.0,67.0,74.0,1502,manual,100.0,82.0
392,POWER SAVING,276.0,893.0,52.0,67.0,74.0,1502,manual,100.0,82.0
393,POWER SAVING,274.0,893.0,52.0,67.0,74.0,1502,manual,100.0,82.0
394,POWER SAVING,276.0,893.0,52.0,66.0,74.0,1502,manual,100.0,82.0
395,POWER SAVING,275.0,900.0,52.0,67.0,74.0,1502,manual,100.0,82.0
396,POWER SAVING,276.0,893.0,52.0,67.0,74.0,1502,manual,100.0,82.0
397,POWER SAVING,277.0,893.0,52.0,67.0,74.0,1502,manual,100.0,82.0
398,POWER SAVING,276.0,900.0,52.0,67.0,74.0,1502,manual,100.0,82.0
399,POWER SAVING,277.0,900.0,52.0,67.0,74.0,1502,manual,100.0,82.0
400,POWER SAVING,277.0,893.0,52.0,67.0,74.0,1502,manual,100.0,82.0
401,POWER SAVING,273.0,893.0,52.0,67.0,74.0,1502,manual,100.0,82.0
402,POWER SAVING,277.0,900.0,52.0,67.0,74.0,1502,manual,100.0,82.0
403,POWER SAVING,276.0,893.0,52.0,67.0,74.0,1502,manual,100.0,82.0
404,POWER SAVING,277.0,900.0,52.0,67.0,74.0,1502,manual,100.0,82.0
405,POWER SAVING,276.0,893.0,52.0,66.0,74.0,1502,manual,100.0,82.0
406,POWER SAVING,274.0,893.0,52.0,67.0,74.0,1502,manual,100.0,82.0
407,POWER SAVING,275.0,893.0,52.0,67.0,74.0,1502,manual,100.0,81.0
408,POWER SAVING,277.0,893.0,52.0,67.0,74.0,1502,manual,100.0,82.0
409,POWER SAVING,277.0,893.0,52.0,67.0,74.0,1502,manual,100.0,82.0
410,POWER SAVING,277.0,893.0,52.0,67.0,74.0,1502,manual,100.0,81.0
411,POWER SAVING,277.0,900.0,52.0,66.0,74.0,1502,manual,100.0,82.0
412,POWER SAVING,277.0,893.0,52.0,67.0,74.0,1502,manual,100.0,82.0
413,POWER SAVING,276.0,893.0,51.0,67.0,74.0,1502,manual,100.0,81.0
414,POWER SAVING,276.0,893.0,52.0,66.0,74.0,1502,manual,100.0,82.0
415,POWER SAVING,277.0,893.0,52.0,67.0,74.0,1502,manual,100.0,81.0
416,POWER SAVING,277.0,900.0,52.0,67.0,74.0,1502,manual,100.0,82.0
417,POWER SAVING,273.0,893.0,52.0,66.0,74.0,1502,manual,100.0,82.0
418,POWER SAVING,275.0,893.0,52.0,66.0,74.0,1502,manual,100.0,81.0
419,POWER SAVING,276.0,900.0,51.0,67.0,74.0,1502,manual,100.0,82.0
420,POWER SAVING,275.0,893.0,52.0,67.0,74.0,1502,manual,100.0,82.0
421,POWER SAVING,276.0,893.0,52.0,67.0,74.0,1502,manual,100.0,82.0
422,POWER SAVING,276.0,893.0,52.0,67.0,73.0,1502,manual,100.0,82.0
423,POWER SAVING,275.0,893.0,51.0,66.0,74.0,1502,manual,100.0,82.0
424,POWER SAVING,276.0,900.0,52.0,67.0,73.0,1502,manual,100.0,82.0
425,POWER SAVING,273.0,893.0,52.0,66.0,73.0,1502,manual,100.0,82.0
426,POWER SAVING,277.0,893.0,51.0,66.0,73.0,1502,manual,100.0,82.0
427,POWER SAVING,277.0,893.0,52.0,66.0,73.0,1502,manual,100.0,82.0
428,POWER SAVING,277.0,893.0,51.0,67.0,73.0,1502,manual,100.0,82.0
429,POWER SAVING,276.0,893.0,51.0,66.0,72.0,1502,manual,100.0,82.0
430,POWER SAVING,276.0,893.0,52.0,66.0,74.0,1502,manual,100.0,81.0
431,POWER SAVING,276.0,893.0,51.0,66.0,73.0,1502,manual,100.0,82.0
432,POWER SAVING,274.0,893.0,51.0,66.0,73.0,1502,manual,100.0,82.0
433,POWER SAVING,274.0,893.0,51.0,66.0,73.0,1502,manual,100.0,82.0
434,POWER SAVING,276.0,893.0,52.0,67.0,73.0,1502,manual,100.0,79.0
435,POWER SAVING,276.0,893.0,51.0,66.0,73.0,1502,manual,100.0,82.0
436,POWER SAVING,274.0,893.0,51.0,66.0,73.0,1502,manual,100.0,82.0
437,POWER SAVING,274.0,893.0,52.0,66.0,73.0,1502,manual,100.0,82.0
438,POWER SAVING,275.0,900.0,52.0,66.0,73.0,1502,manual,100.0,82.0
439,POWER SAVING,275.0,900.0,51.0,67.0,73.0,1502,manual,100.0,82.0
440,POWER SAVING,276.0,893.0,51.0,66.0,73.0,1502,manual,100.0,82.0
441,POWER SAVING,275.0,893.0,51.0,66.0,73.0,1502,manual,100.0,82.0
442,POWER SAVING,277.0,900.0,51.0,66.0,73.0,1502,manual,100.0,80.0
443,POWER SAVING,277.0,900.0,51.0,66.0,73.0,1502,manual,100.0,82.0
444,POWER SAVING,275.0,900.0,51.0,66.0,73.0,1502,manual,100.0,82.0
445,POWER SAVING,273.0,893.0,51.0,66.0,73.0,1502,manual,99.0,82.0
446,POWER SAVING,276.0,893.0,51.0,66.0,73.0,1502,manual,100.0,81.0
447,POWER SAVING,274.0,900.0,51.0,66.0,73.0,1502,manual,100.0,82.0
448,POWER SAVING,275.0,893.0,51.0,66.0,73.0,1502,manual,100.0,81.0
449,POWER SAVING,276.0,893.0,51.0,66.0,73.0,1502,manual,100.0,82.0
450,POWER SAVING,275.0,893.0,51.0,66.0,73.0,1502,manual,100.0,82.0
451,POWER SAVING,275.0,893.0,51.0,66.0,73.0,1502,manual,100.0,82.0
452,POWER SAVING,277.0,893.0,51.0,66.0,73.0,1502,manual,100.0,82.0
453,POWER SAVING,277.0,893.0,51.0,66.0,73.0,1502,manual,100.0,82.0
454,POWER SAVING,275.0,900.0,51.0,66.0,73.0,1502,manual,100.0,82.0
455,POWER SAVING,277.0,893.0,51.0,66.0,73.0,1502,manual,100.0,82.0
456,POWER SAVING,275.0,893.0,51.0,66.0,73.0,1502,manual,100.0,82.0
457,POWER SAVING,276.0,893.0,51.0,66.0,73.0,1502,manual,100.0,82.0
458,POWER SAVING,277.0,900.0,51.0,66.0,73.0,1502,manual,100.0,82.0
459,POWER SAVING,273.0,900.0,51.0,66.0,73.0,1502,manual,100.0,82.0
460,POWER SAVING,275.0,900.0,51.0,66.0,73.0,1502,manual,100.0,81.0
461,POWER SAVING,273.0,893.0,51.0,66.0,73.0,1502,manual,100.0,82.0
462,POWER SAVING,276.0,900.0,51.0,66.0,73.0,1502,manual,100.0,82.0
463,POWER SAVING,276.0,900.0,51.0,66.0,73.0,1502,manual,100.0,82.0
464,POWER SAVING,276.0,893.0,51.0,66.0,73.0,1502,manual,100.0,82.0
465,POWER SAVING,275.0,893.0,51.0,66.0,73.0,1502,manual,99.0,82.0
466,POWER SAVING,276.0,893.0,51.0,66.0,73.0,1502,manual,100.0,82.0
467,POWER SAVING,274.0,893.0,51.0,66.0,73.0,1502,manual,100.0,82.0
468,POWER SAVING,272.0,893.0,51.0,65.0,73.0,1502,manual,100.0,82.0
469,POWER SAVING,275.0,900.0,51.0,66.0,73.0,1502,manual,100.0,82.0
470,POWER SAVING,274.0,900.0,51.0,66.0,73.0,1502,manual,100.0,82.0
471,POWER SAVING,273.0,900.0,51.0,66.0,73.0,1502,manual,100.0,82.0
472,POWER SAVING,273.0,893.0,51.0,66.0,73.0,1502,manual,100.0,82.0
473,POWER SAVING,274.0,893.0,51.0,66.0,73.0,1502,manual,100.0,82.0
474,POWER SAVING,273.0,900.0,51.0,66.0,73.0,1502,manual,100.0,82.0
475,POWER SAVING,273.0,893.0,51.0,65.0,73.0,1502,manual,100.0,82.0
476,POWER SAVING,273.0,900.0,51.0,66.0,73.0,1502,manual,100.0,82.0
477,POWER SAVING,272.0,893.0,51.0,66.0,73.0,1502,manual,100.0,82.0
478,POWER SAVING,275.0,900.0,51.0,66.0,73.0,1502,manual,100.0,82.0
479,POWER SAVING,275.0,893.0,51.0,66.0,73.0,1502,manual,100.0,82.0
480,POWER SAVING,274.0,893.0,51.0,66.0,73.0,1502,manual,100.0,82.0
481,POWER SAVING,271.0,900.0,50.0,66.0,73.0,1502,manual,100.0,81.0
482,POWER SAVING,274.0,900.0,50.0,66.0,73.0,1502,manual,100.0,82.0
483,POWER SAVING,274.0,893.0,51.0,66.0,73.0,1502,manual,100.0,82.0
484,POWER SAVING,276.0,893.0,51.0,66.0,73.0,1502,manual,100.0,82.0
485,POWER SAVING,275.0,893.0,51.0,65.0,73.0,1502,manual,100.0,82.0
486,POWER SAVING,275.0,900.0,51.0,66.0,73.0,1502,manual,100.0,82.0
487,POWER SAVING,272.0,900.0,51.0,66.0,73.0,1502,manual,100.0,82.0
488,POWER SAVING,273.0,900.0,51.0,65.0,73.0,1502,manual,100.0,82.0
489,POWER SAVING,274.0,900.0,51.0,66.0,73.0,1502,manual,100.0,82.0
490,POWER SAVING,275.0,900.0,51.0,65.0,73.0,1502,manual,100.0,82.0
491,POWER SAVING,273.0,893.0,51.0,66.0,73.0,1502,manual,100.0,82.0
492,POWER SAVING,276.0,893.0,51.0,66.0,73.0,1502,manual,100.0,82.0
493,POWER SAVING,276.0,893.0,51.0,66.0,73.0,1502,manual,100.0,81.0
494,POWER SAVING,277.0,893.0,51.0,66.0,73.0,1502,manual,100.0,82.0
495,POWER SAVING,274.0,900.0,51.0,65.0,73.0,1502,manual,100.0,82.0
496,POWER SAVING,274.0,900.0,51.0,66.0,73.0,1502,manual,100.0,82.0
497,POWER SAVING,275.0,893.0,51.0,66.0,73.0,1502,manual,100.0,82.0
498,POWER SAVING,270.0,900.0,50.0,65.0,73.0,1502,manual,100.0,82.0
499,POWER SAVING,275.0,900.0,51.0,66.0,73.0,1502,manual,100.0,82.0
500,POWER SAVING,272.0,893.0,51.0,65.0,73.0,1502,manual,100.0,82.0
501,POWER SAVING,272.0,893.0,51.0,65.0,73.0,1502,manual,100.0,82.0
502,POWER SAVING,272.0,893.0,50.0,66.0,73.0,1502,manual,100.0,81.0
503,POWER SAVING,272.0,893.0,51.0,65.0,73.0,1502,manual,100.0,82.0
504,POWER SAVING,273.0,893.0,51.0,66.0,73.0,1502,manual,100.0,82.0
505,POWER SAVING,272.0,893.0,51.0,66.0,72.0,1502,manual,100.0,82.0
506,POWER SAVING,272.0,893.0,51.0,66.0,73.0,1502,manual,100.0,82.0
507,POWER SAVING,272.0,893.0,50.0,66.0,73.0,1502,manual,100.0,82.0
508,POWER SAVING,275.0,893.0,51.0,65.0,73.0,1502,manual,100.0,82.0
509,POWER SAVING,275.0,893.0,51.0,65.0,73.0,1502,manual,100.0,82.0
510,POWER SAVING,273.0,893.0,51.0,65.0,73.0,1502,manual,100.0,82.0
511,POWER SAVING,274.0,893.0,50.0,65.0,73.0,1502,manual,100.0,82.0
512,POWER SAVING,275.0,893.0,51.0,65.0,72.0,1502,manual,100.0,82.0
513,POWER SAVING,274.0,893.0,50.0,65.0,72.0,1502,manual,100.0,82.0
514,POWER SAVING,272.0,893.0,50.0,66.0,73.0,1502,manual,100.0,82.0
515,POWER SAVING,273.0,893.0,51.0,65.0,72.0,1502,manual,100.0,82.0
516,POWER SAVING,271.0,893.0,50.0,66.0,73.0,1502,manual,100.0,82.0
517,POWER SAVING,273.0,893.0,50.0,65.0,73.0,1502,manual,100.0,82.0
518,POWER SAVING,274.0,893.0,51.0,65.0,72.0,1502,manual,100.0,82.0
519,POWER SAVING,274.0,893.0,50.0,65.0,72.0,1502,manual,100.0,82.0
520,POWER SAVING,274.0,900.0,50.0,66.0,72.0,1502,manual,100.0,82.0
521,POWER SAVING,272.0,893.0,50.0,66.0,72.0,1502,manual,100.0,82.0
522,POWER SAVING,274.0,893.0,50.0,65.0,72.0,1502,manual,100.0,82.0
523,POWER SAVING,274.0,900.0,51.0,65.0,72.0,1502,manual,100.0,82.0
524,POWER SAVING,273.0,900.0,50.0,65.0,72.0,1502,manual,100.0,82.0
525,POWER SAVING,275.0,900.0,50.0,65.0,72.0,1502,manual,100.0,82.0
526,POWER SAVING,273.0,893.0,50.0,65.0,72.0,1502,manual,100.0,82.0
527,POWER SAVING,271.0,893.0,50.0,65.0,72.0,1502,manual,100.0,82.0
528,POWER SAVING,275.0,900.0,51.0,65.0,72.0,1502,manual,100.0,82.0
529,POWER SAVING,273.0,893.0,51.0,65.0,72.0,1502,manual,100.0,82.0
530,POWER SAVING,275.0,893.0,50.0,65.0,72.0,1502,manual,100.0,82.0
531,POWER SAVING,276.0,906.0,50.0,65.0,72.0,1502,manual,100.0,82.0
532,POWER SAVING,275.0,893.0,51.0,65.0,72.0,1502,manual,100.0,82.0
533,POWER SAVING,273.0,893.0,50.0,65.0,72.0,1502,manual,100.0,82.0
534,POWER SAVING,273.0,893.0,51.0,65.0,72.0,1502,manual,100.0,81.0
535,POWER SAVING,272.0,900.0,50.0,65.0,72.0,1502,manual,100.0,82.0
536,POWER SAVING,275.0,893.0,50.0,65.0,72.0,1502,manual,100.0,82.0
537,POWER SAVING,273.0,893.0,50.0,65.0,72.0,1502,manual,100.0,82.0
538,POWER SAVING,275.0,900.0,50.0,65.0,72.0,1502,manual,100.0,82.0
539,POWER SAVING,273.0,900.0,50.0,65.0,72.0,1502,manual,100.0,82.0
540,POWER SAVING,272.0,893.0,50.0,65.0,72.0,1502,manual,100.0,80.0
541,POWER SAVING,272.0,893.0,51.0,65.0,72.0,1502,manual,100.0,82.0
542,POWER SAVING,273.0,893.0,51.0,65.0,72.0,1502,manual,100.0,82.0
543,POWER SAVING,275.0,893.0,50.0,65.0,72.0,1502,manual,100.0,81.0
544,POWER SAVING,273.0,900.0,50.0,66.0,72.0,1502,manual,100.0,82.0
545,POWER SAVING,273.0,893.0,51.0,65.0,72.0,1502,manual,100.0,82.0
546,POWER SAVING,273.0,893.0,50.0,65.0,72.0,1502,manual,100.0,81.0
547,POWER SAVING,272.0,906.0,50.0,65.0,72.0,1502,manual,100.0,82.0
548,POWER SAVING,272.0,893.0,51.0,65.0,72.0,1502,manual,100.0,82.0
549,POWER SAVING,272.0,893.0,51.0,65.0,72.0,1502,manual,100.0,82.0
550,POWER SAVING,273.0,893.0,50.0,65.0,72.0,1502,manual,100.0,82.0
551,POWER SAVING,275.0,893.0,51.0,65.0,72.0,1502,manual,100.0,82.0
552,POWER SAVING,276.0,893.0,50.0,65.0,72.0,1502,manual,100.0,82.0
553,POWER SAVING,275.0,900.0,50.0,65.0,72.0,1502,manual,100.0,82.0
554,POWER SAVING,271.0,900.0,50.0,65.0,72.0,1502,manual,100.0,81.0
555,POWER SAVING,274.0,893.0,51.0,65.0,72.0,1502,manual,100.0,82.0
556,POWER SAVING,273.0,893.0,50.0,65.0,72.0,1502,manual,100.0,82.0
557,POWER SAVING,273.0,893.0,50.0,65.0,72.0,1502,manual,100.0,82.0
558,POWER SAVING,273.0,893.0,50.0,65.0,72.0,1502,manual,100.0,82.0
559,POWER SAVING,276.0,893.0,50.0,65.0,72.0,1502,manual,100.0,82.0
560,POWER SAVING,272.0,893.0,50.0,65.0,72.0,1502,manual,100.0,82.0
561,POWER SAVING,270.0,893.0,50.0,65.0,72.0,1502,manual,100.0,82.0
562,POWER SAVING,274.0,900.0,50.0,65.0,72.0,1502,manual,100.0,82.0
563,POWER SAVING,274.0,893.0,50.0,65.0,72.0,1502,manual,100.0,82.0
564,POWER SAVING,273.0,893.0,50.0,65.0,72.0,1502,manual,100.0,82.0
565,POWER SAVING,274.0,900.0,50.0,65.0,72.0,1502,manual,100.0,82.0
566,POWER SAVING,274.0,893.0,50.0,65.0,72.0,1502,manual,100.0,82.0
567,POWER SAVING,272.0,893.0,50.0,65.0,72.0,1502,manual,100.0,82.0
568,POWER SAVING,275.0,893.0,50.0,65.0,72.0,1502,manual,100.0,82.0
569,POWER SAVING,272.0,900.0,50.0,65.0,72.0,1502,manual,100.0,81.0
570,POWER SAVING,273.0,893.0,50.0,65.0,72.0,1502,manual,100.0,82.0
571,POWER SAVING,272.0,893.0,50.0,65.0,72.0,1502,manual,100.0,82.0
572,POWER SAVING,274.0,893.0,50.0,65.0,72.0,1502,manual,100.0,82.0
573,POWER SAVING,275.0,893.0,50.0,65.0,72.0,1502,manual,100.0,82.0
574,POWER SAVING,274.0,900.0,50.0,65.0,72.0,1502,manual,100.0,82.0
575,POWER SAVING,272.0,900.0,50.0,65.0,72.0,1502,manual,100.0,82.0
576,POWER SAVING,270.0,893.0,50.0,65.0,72.0,1502,manual,100.0,82.0
577,POWER SAVING,273.0,900.0,50.0,65.0,72.0,1502,manual,100.0,82.0
578,POWER SAVING,273.0,893.0,50.0,65.0,72.0,1502,manual,100.0,82.0
579,POWER SAVING,272.0,893.0,50.0,65.0,72.0,1502,manual,100.0,82.0
580,POWER SAVING,273.0,900.0,50.0,65.0,72.0,1502,manual,100.0,82.0
581,POWER SAVING,272.0,893.0,50.0,65.0,72.0,1502,manual,100.0,82.0
582,POWER SAVING,273.0,893.0,50.0,65.0,72.0,1502,manual,100.0,82.0
583,POWER SAVING,274.0,893.0,50.0,65.0,72.0,1502,manual,100.0,82.0
584,POWER SAVING,272.0,900.0,50.0,65.0,72.0,1502,manual,100.0,82.0
585,POWER SAVING,273.0,900.0,50.0,65.0,72.0,1502,manual,100.0,82.0
586,POWER SAVING,272.0,893.0,50.0,65.0,72.0,1502,manual,100.0,82.0
587,POWER SAVING,272.0,900.0,50.0,65.0,72.0,1502,manual,100.0,82.0
588,POWER SAVING,272.0,893.0,50.0,65.0,72.0,1502,manual,100.0,82.0
589,POWER SAVING,274.0,893.0,50.0,65.0,72.0,1502,manual,100.0,82.0
590,POWER SAVING,275.0,893.0,50.0,65.0,72.0,1502,manual,100.0,82.0
591,POWER SAVING,272.0,893.0,50.0,65.0,72.0,1502,manual,100.0,82.0
592,POWER SAVING,273.0,893.0,50.0,65.0,72.0,1502,manual,100.0,81.0
593,POWER SAVING,274.0,900.0,50.0,65.0,72.0,1502,manual,100.0,82.0
594,POWER SAVING,272.0,893.0,50.0,64.0,72.0,1502,manual,100.0,82.0
595,POWER SAVING,272.0,900.0,50.0,64.0,72.0,1502,manual,100.0,82.0
596,POWER SAVING,273.0,893.0,50.0,65.0,72.0,1502,manual,100.0,81.0
597,POWER SAVING,272.0,893.0,50.0,65.0,72.0,1502,manual,100.0,82.0
598,POWER SAVING,274.0,900.0,50.0,65.0,72.0,1502,manual,100.0,82.0
599,POWER SAVING,272.0,893.0,50.0,65.0,72.0,1502,manual,100.0,82.0
600,POWER SAVING,273.0,893.0,50.0,65.0,72.0,1502,manual,100.0,82.0
601,POWER SAVING,273.0,893.0,50.0,65.0,72.0,1502,manual,100.0,82.0
602,POWER SAVING,272.0,893.0,50.0,65.0,72.0,1502,manual,100.0,82.0
603,POWER SAVING,273.0,893.0,50.0,64.0,72.0,1502,manual,100.0,82.0
604,POWER SAVING,272.0,893.0,50.0,64.0,72.0,1502,manual,100.0,82.0
605,POWER SAVING,273.0,900.0,50.0,64.0,72.0,1502,manual,100.0,82.0
606,POWER SAVING,273.0,893.0,50.0,64.0,72.0,1502,manual,100.0,82.0
607,POWER SAVING,272.0,893.0,50.0,65.0,72.0,1502,manual,100.0,82.0
608,POWER SAVING,273.0,893.0,50.0,65.0,72.0,1502,manual,100.0,81.0
609,POWER SAVING,272.0,893.0,50.0,65.0,72.0,1502,manual,100.0,82.0
610,POWER SAVING,271.0,893.0,50.0,65.0,72.0,1502,manual,100.0,82.0
611,POWER SAVING,274.0,893.0,50.0,64.0,72.0,1502,manual,100.0,82.0
612,POWER SAVING,275.0,893.0,50.0,64.0,72.0,1502,manual,100.0,82.0
613,POWER SAVING,275.0,893.0,50.0,65.0,72.0,1502,manual,100.0,82.0
614,POWER SAVING,274.0,900.0,50.0,64.0,72.0,1502,manual,100.0,82.0
615,POWER SAVING,275.0,893.0,49.0,65.0,72.0,1502,manual,100.0,82.0
616,POWER SAVING,274.0,900.0,49.0,65.0,72.0,1502,manual,100.0,82.0
617,POWER SAVING,272.0,893.0,50.0,64.0,72.0,1502,manual,100.0,82.0
618,POWER SAVING,272.0,893.0,50.0,65.0,72.0,1502,manual,100.0,82.0
619,POWER SAVING,272.0,893.0,50.0,64.0,72.0,1502,manual,100.0,82.0
620,POWER SAVING,273.0,893.0,50.0,65.0,72.0,1502,manual,100.0,81.0
621,POWER SAVING,274.0,893.0,50.0,65.0,72.0,1502,manual,100.0,82.0
622,POWER SAVING,272.0,893.0,50.0,64.0,72.0,1502,manual,100.0,82.0
623,POWER SAVING,272.0,893.0,50.0,65.0,72.0,1502,manual,100.0,82.0
624,POWER SAVING,272.0,893.0,50.0,65.0,72.0,1502,manual,100.0,82.0
625,POWER SAVING,272.0,893.0,50.0,64.0,72.0,1502,manual,100.0,82.0
626,POWER SAVING,272.0,900.0,50.0,64.0,72.0,1502,manual,100.0,82.0
627,POWER SAVING,273.0,893.0,50.0,64.0,72.0,1502,manual,100.0,82.0
628,POWER SAVING,273.0,893.0,50.0,65.0,72.0,1502,manual,100.0,82.0
629,POWER SAVING,262.0,893.0,50.0,64.0,72.0,1502,manual,100.0,80.0
630,POWER SAVING,273.0,900.0,50.0,64.0,72.0,1502,manual,100.0,82.0
631,POWER SAVING,273.0,893.0,49.0,64.0,72.0,1502,manual,100.0,82.0
632,POWER SAVING,272.0,893.0,50.0,65.0,72.0,1502,manual,100.0,82.0
633,POWER SAVING,272.0,900.0,50.0,64.0,72.0,1502,manual,100.0,82.0
634,POWER SAVING,272.0,900.0,50.0,64.0,71.0,1502,manual,100.0,82.0
635,POWER SAVING,272.0,900.0,49.0,65.0,70.0,1502,manual,100.0,82.0
636,POWER SAVING,273.0,893.0,49.0,65.0,70.0,1502,manual,100.0,82.0
637,POWER SAVING,275.0,893.0,50.0,64.0,72.0,1502,manual,100.0,82.0
638,POWER SAVING,274.0,893.0,50.0,65.0,72.0,1502,manual,100.0,82.0
639,POWER SAVING,273.0,893.0,50.0,64.0,72.0,1502,manual,100.0,82.0
640,POWER SAVING,272.0,893.0,50.0,64.0,70.0,1502,manual,100.0,81.0
641,POWER SAVING,274.0,900.0,50.0,64.0,72.0,1502,manual,100.0,82.0
642,POWER SAVING,272.0,893.0,49.0,64.0,72.0,1502,manual,100.0,82.0
643,POWER SAVING,270.0,893.0,49.0,64.0,71.0,1502,manual,100.0,81.0
644,POWER SAVING,273.0,900.0,50.0,64.0,71.0,1502,manual,100.0,82.0
645,POWER SAVING,274.0,900.0,49.0,64.0,72.0,1502,manual,100.0,82.0
646,POWER SAVING,273.0,893.0,50.0,64.0,72.0,1502,manual,100.0,82.0
647,POWER SAVING,272.0,893.0,50.0,64.0,72.0,1502,manual,100.0,82.0
648,POWER SAVING,272.0,893.0,50.0,64.0,72.0,1502,manual,100.0,82.0
649,POWER SAVING,270.0,893.0,49.0,64.0,71.0,1502,manual,100.0,81.0
650,POWER SAVING,273.0,893.0,49.0,64.0,71.0,1502,manual,100.0,82.0
651,POWER SAVING,272.0,893.0,49.0,64.0,71.0,1502,manual,100.0,82.0
652,POWER SAVING,272.0,900.0,49.0,64.0,72.0,1502,manual,100.0,82.0
653,POWER SAVING,274.0,893.0,49.0,64.0,71.0,1502,manual,100.0,82.0
654,POWER SAVING,272.0,900.0,50.0,64.0,71.0,1502,manual,100.0,82.0
655,POWER SAVING,274.0,893.0,50.0,64.0,71.0,1502,manual,100.0,82.0
656,POWER SAVING,272.0,893.0,50.0,64.0,71.0,1502,manual,100.0,82.0
657,POWER SAVING,273.0,893.0,49.0,64.0,72.0,1502,manual,100.0,82.0
658,POWER SAVING,273.0,893.0,49.0,64.0,71.0,1502,manual,100.0,82.0
659,POWER SAVING,272.0,893.0,49.0,64.0,71.0,1502,manual,100.0,82.0
660,POWER SAVING,272.0,893.0,49.0,64.0,71.0,1502,manual,100.0,82.0
661,POWER SAVING,273.0,900.0,49.0,64.0,71.0,1502,manual,100.0,82.0
662,POWER SAVING,273.0,893.0,50.0,64.0,71.0,1502,manual,100.0,82.0
663,POWER SAVING,272.0,900.0,49.0,65.0,71.0,1502,manual,100.0,81.0
664,POWER SAVING,272.0,900.0,49.0,64.0,71.0,1502,manual,100.0,82.0
665,POWER SAVING,272.0,893.0,50.0,64.0,71.0,1502,manual,100.0,82.0
666,POWER SAVING,273.0,893.0,49.0,64.0,71.0,1502,manual,100.0,82.0
667,POWER SAVING,272.0,893.0,50.0,64.0,71.0,1502,manual,100.0,81.0
668,POWER SAVING,274.0,893.0,49.0,64.0,71.0,1502,manual,100.0,82.0
669,POWER SAVING,272.0,893.0,49.0,64.0,71.0,1502,manual,100.0,82.0
670,POWER SAVING,272.0,900.0,49.0,64.0,71.0,1502,manual,100.0,82.0
671,POWER SAVING,272.0,900.0,49.0,64.0,71.0,1502,manual,100.0,82.0
672,POWER SAVING,272.0,893.0,49.0,64.0,71.0,1502,manual,100.0,82.0
673,POWER SAVING,272.0,893.0,49.0,64.0,71.0,1502,manual,100.0,82.0
674,POWER SAVING,274.0,893.0,49.0,64.0,71.0,1502,manual,100.0,82.0
675,POWER SAVING,272.0,900.0,49.0,64.0,71.0,1502,manual,100.0,82.0
676,POWER SAVING,273.0,893.0,49.0,64.0,71.0,1502,manual,100.0,82.0
677,POWER SAVING,272.0,900.0,49.0,64.0,71.0,1502,manual,100.0,82.0
678,POWER SAVING,272.0,893.0,49.0,64.0,71.0,1502,manual,100.0,81.0
679,POWER SAVING,272.0,893.0,49.0,64.0,71.0,1502,manual,100.0,82.0
680,POWER SAVING,272.0,893.0,49.0,64.0,71.0,1502,manual,100.0,82.0
681,POWER SAVING,272.0,900.0,49.0,64.0,71.0,1502,manual,100.0,82.0
682,POWER SAVING,272.0,893.0,49.0,64.0,71.0,1502,manual,100.0,82.0
683,POWER SAVING,272.0,900.0,49.0,64.0,71.0,1502,manual,100.0,82.0
684,POWER SAVING,272.0,893.0,49.0,64.0,71.0,1502,manual,100.0,82.0
685,POWER SAVING,273.0,900.0,50.0,64.0,71.0,1502,manual,100.0,82.0
686,POWER SAVING,272.0,893.0,49.0,64.0,71.0,1502,manual,100.0,82.0
687,POWER SAVING,272.0,893.0,49.0,64.0,71.0,1502,manual,100.0,82.0
688,POWER SAVING,272.0,893.0,49.0,64.0,71.0,1502,manual,100.0,82.0
689,POWER SAVING,272.0,900.0,49.0,64.0,71.0,1502,manual,100.0,81.0
690,POWER SAVING,272.0,893.0,49.0,64.0,71.0,1502,manual,100.0,82.0
691,POWER SAVING,272.0,893.0,49.0,64.0,71.0,1502,manual,100.0,82.0
692,POWER SAVING,272.0,900.0,49.0,64.0,71.0,1502,manual,100.0,82.0
693,POWER SAVING,273.0,893.0,49.0,64.0,71.0,1502,manual,100.0,82.0
694,POWER SAVING,273.0,900.0,49.0,64.0,71.0,1502,manual,100.0,82.0
695,POWER SAVING,272.0,893.0,49.0,64.0,71.0,1502,manual,100.0,81.0
696,POWER SAVING,272.0,900.0,49.0,64.0,71.0,1502,manual,100.0,81.0
697,POWER SAVING,272.0,893.0,49.0,64.0,71.0,1502,manual,100.0,82.0
698,POWER SAVING,272.0,893.0,49.0,64.0,71.0,1502,manual,100.0,82.0
699,POWER SAVING,272.0,893.0,49.0,64.0,71.0,1502,manual,100.0,82.0
700,POWER SAVING,272.0,900.0,49.0,64.0,71.0,1502,manual,100.0,82.0
701,POWER SAVING,272.0,893.0,49.0,64.0,71.0,1502,manual,100.0,81.0
702,POWER SAVING,272.0,893.0,49.0,64.0,71.0,1502,manual,100.0,81.0
703,POWER SAVING,272.0,900.0,49.0,64.0,71.0,1502,manual,100.0,82.0
704,POWER SAVING,272.0,893.0,49.0,64.0,71.0,1502,manual,100.0,82.0
705,POWER SAVING,272.0,900.0,49.0,64.0,71.0,1502,manual,100.0,81.0
706,POWER SAVING,272.0,893.0,49.0,64.0,71.0,1502,manual,100.0,82.0
707,POWER SAVING,273.0,893.0,49.0,64.0,71.0,1502,manual,100.0,82.0
708,POWER SAVING,272.0,900.0,49.0,64.0,71.0,1502,manual,100.0,82.0
709,POWER SAVING,272.0,900.0,49.0,64.0,71.0,1502,manual,100.0,82.0
710,POWER SAVING,272.0,893.0,49.0,64.0,71.0,1502,manual,100.0,81.0
711,POWER SAVING,272.0,893.0,49.0,64.0,71.0,1502,manual,100.0,82.0
712,POWER SAVING,272.0,893.0,49.0,64.0,71.0,1502,manual,100.0,81.0
713,POWER SAVING,272.0,893.0,49.0,64.0,71.0,1502,manual,100.0,82.0
714,POWER SAVING,272.0,893.0,49.0,64.0,71.0,1502,manual,100.0,82.0
715,POWER SAVING,272.0,893.0,49.0,64.0,71.0,1502,manual,100.0,82.0
716,POWER SAVING,274.0,893.0,49.0,64.0,71.0,1502,manual,100.0,82.0
717,POWER SAVING,272.0,893.0,49.0,64.0,71.0,1502,manual,100.0,82.0
718,POWER SAVING,272.0,893.0,49.0,64.0,71.0,1502,manual,100.0,81.0
719,POWER SAVING,273.0,893.0,49.0,64.0,71.0,1502,manual,100.0,82.0
720,POWER SAVING,272.0,893.0,49.0,64.0,71.0,1502,manual,100.0,82.0
721,POWER SAVING,273.0,893.0,49.0,64.0,71.0,1502,manual,100.0,81.0
722,POWER SAVING,272.0,893.0,49.0,64.0,71.0,1502,manual,100.0,82.0
723,POWER SAVING,274.0,893.0,49.0,64.0,71.0,1502,manual,100.0,82.0
724,POWER SAVING,272.0,893.0,49.0,64.0,71.0,1502,manual,100.0,82.0
725,POWER SAVING,272.0,893.0,49.0,64.0,71.0,1502,manual,100.0,82.0
726,POWER SAVING,273.0,893.0,49.0,64.0,71.0,1502,manual,100.0,82.0
727,POWER SAVING,272.0,893.0,49.0,64.0,71.0,1502,manual,100.0,82.0
728,POWER SAVING,273.0,893.0,49.0,64.0,71.0,1502,manual,100.0,82.0
729,POWER SAVING,272.0,893.0,49.0,64.0,71.0,1502,manual,100.0,82.0
730,POWER SAVING,272.0,893.0,49.0,63.0,71.0,1502,manual,100.0,82.0
731,POWER SAVING,272.0,893.0,49.0,64.0,71.0,1502,manual,100.0,81.0
732,POWER SAVING,272.0,900.0,49.0,63.0,71.0,1502,manual,100.0,82.0
733,POWER SAVING,272.0,893.0,49.0,64.0,71.0,1502,manual,100.0,82.0
734,POWER SAVING,269.0,893.0,49.0,64.0,71.0,1502,manual,100.0,82.0
735,POWER SAVING,272.0,893.0,49.0,64.0,71.0,1502,manual,100.0,81.0
736,POWER SAVING,272.0,893.0,49.0,64.0,71.0,1502,manual,100.0,82.0
737,POWER SAVING,272.0,893.0,49.0,64.0,71.0,1502,manual,100.0,82.0
738,POWER SAVING,272.0,893.0,49.0,64.0,71.0,1502,manual,100.0,82.0
739,POWER SAVING,272.0,893.0,49.0,64.0,71.0,1502,manual,100.0,82.0
740,POWER SAVING,269.0,893.0,49.0,63.0,71.0,1502,manual,100.0,82.0
741,POWER SAVING,272.0,893.0,48.0,64.0,71.0,1502,manual,100.0,82.0
742,POWER SAVING,273.0,893.0,48.0,64.0,71.0,1502,manual,100.0,81.0
743,POWER SAVING,272.0,893.0,49.0,64.0,71.0,1502,manual,100.0,82.0
744,POWER SAVING,272.0,893.0,49.0,64.0,71.0,1502,manual,100.0,82.0
745,POWER SAVING,272.0,893.0,49.0,64.0,71.0,1502,manual,100.0,82.0
746,POWER SAVING,272.0,893.0,49.0,64.0,71.0,1502,manual,100.0,82.0
747,POWER SAVING,272.0,893.0,49.0,64.0,71.0,1502,manual,100.0,82.0
748,POWER SAVING,272.0,893.0,49.0,64.0,71.0,1502,manual,100.0,82.0
749,POWER SAVING,272.0,893.0,49.0,64.0,71.0,1502,manual,100.0,82.0
750,POWER SAVING,272.0,893.0,49.0,63.0,71.0,1502,manual,100.0,81.0
751,POWER SAVING,272.0,900.0,49.0,64.0,71.0,1502,manual,100.0,82.0
752,POWER SAVING,273.0,893.0,49.0,64.0,71.0,1502,manual,100.0,82.0
753,POWER SAVING,273.0,893.0,48.0,64.0,71.0,1502,manual,100.0,81.0
754,POWER SAVING,272.0,900.0,49.0,64.0,71.0,1502,manual,100.0,82.0
755,POWER SAVING,272.0,893.0,49.0,64.0,71.0,1502,manual,100.0,82.0
756,POWER SAVING,272.0,893.0,49.0,63.0,71.0,1502,manual,100.0,82.0
757,POWER SAVING,272.0,893.0,49.0,64.0,71.0,1502,manual,100.0,81.0
758,POWER SAVING,272.0,900.0,49.0,63.0,71.0,1502,manual,100.0,82.0
759,POWER SAVING,272.0,893.0,49.0,64.0,71.0,1502,manual,100.0,82.0
760,POWER SAVING,272.0,893.0,48.0,64.0,71.0,1502,manual,100.0,82.0
761,POWER SAVING,272.0,893.0,49.0,64.0,71.0,1502,manual,100.0,82.0
762,POWER SAVING,272.0,893.0,49.0,64.0,70.0,1502,manual,100.0,82.0
763,POWER SAVING,272.0,893.0,49.0,64.0,71.0,1502,manual,100.0,82.0
764,POWER SAVING,274.0,893.0,49.0,64.0,71.0,1502,manual,100.0,82.0
765,POWER SAVING,272.0,893.0,48.0,64.0,71.0,1502,manual,100.0,82.0
766,POWER SAVING,272.0,900.0,49.0,64.0,71.0,1502,manual,100.0,82.0
767,POWER SAVING,272.0,893.0,49.0,64.0,71.0,1502,manual,100.0,82.0
768,POWER SAVING,269.0,900.0,48.0,64.0,71.0,1502,manual,100.0,81.0
769,POWER SAVING,272.0,900.0,49.0,64.0,71.0,1502,manual,100.0,82.0
770,POWER SAVING,273.0,893.0,49.0,64.0,71.0,1502,manual,100.0,82.0
771,POWER SAVING,272.0,900.0,49.0,64.0,71.0,1502,manual,100.0,82.0
772,POWER SAVING,272.0,893.0,48.0,64.0,71.0,1502,manual,100.0,82.0
773,POWER SAVING,272.0,893.0,48.0,64.0,71.0,1502,manual,100.0,82.0
774,POWER SAVING,272.0,900.0,49.0,64.0,71.0,1502,manual,100.0,82.0
775,POWER SAVING,272.0,900.0,49.0,63.0,71.0,1502,manual,100.0,81.0
776,POWER SAVING,272.0,900.0,49.0,64.0,71.0,1502,manual,100.0,82.0
777,POWER SAVING,272.0,893.0,49.0,64.0,71.0,1502,manual,100.0,82.0
778,POWER SAVING,272.0,893.0,49.0,64.0,71.0,1502,manual,100.0,82.0
779,POWER SAVING,272.0,900.0,48.0,64.0,71.0,1502,manual,100.0,82.0
780,POWER SAVING,272.0,893.0,49.0,64.0,71.0,1502,manual,100.0,82.0
781,POWER SAVING,273.0,900.0,49.0,64.0,71.0,1502,manual,100.0,82.0
782,POWER SAVING,272.0,893.0,48.0,64.0,71.0,1502,manual,100.0,82.0
783,POWER SAVING,272.0,893.0,49.0,63.0,70.0,1502,manual,100.0,81.0
784,POWER SAVING,272.0,893.0,48.0,63.0,71.0,1502,manual,100.0,82.0
785,POWER SAVING,272.0,893.0,49.0,63.0,71.0,1502,manual,100.0,82.0
786,POWER SAVING,272.0,900.0,48.0,64.0,71.0,1502,manual,100.0,82.0
787,POWER SAVING,272.0,893.0,48.0,64.0,69.0,1502,manual,100.0,81.0
788,POWER SAVING,272.0,893.0,49.0,64.0,71.0,1502,manual,100.0,82.0
789,POWER SAVING,273.0,893.0,48.0,64.0,71.0,1502,manual,100.0,82.0
790,POWER SAVING,272.0,893.0,49.0,64.0,71.0,1502,manual,100.0,82.0
791,POWER SAVING,272.0,893.0,49.0,64.0,70.0,1502,manual,100.0,82.0
792,POWER SAVING,272.0,893.0,49.0,64.0,70.0,1502,manual,100.0,82.0
793,POWER SAVING,269.0,893.0,49.0,64.0,71.0,1502,manual,100.0,81.0
794,POWER SAVING,273.0,893.0,49.0,64.0,70.0,1502,manual,100.0,82.0
795,POWER SAVING,272.0,893.0,48.0,64.0,71.0,1502,manual,100.0,82.0
796,POWER SAVING,273.0,893.0,48.0,63.0,70.0,1502,manual,100.0,82.0
797,POWER SAVING,272.0,893.0,48.0,63.0,71.0,1502,manual,100.0,82.0
798,POWER SAVING,270.0,893.0,49.0,64.0,70.0,1502,manual,100.0,81.0
799,POWER SAVING,272.0,893.0,49.0,64.0,71.0,1502,manual,100.0,82.0
800,POWER SAVING,272.0,893.0,48.0,64.0,70.0,1502,manual,100.0,82.0
801,POWER SAVING,272.0,893.0,49.0,63.0,70.0,1502,manual,100.0,82.0
802,POWER SAVING,272.0,893.0,49.0,64.0,70.0,1502,manual,100.0,82.0
803,POWER SAVING,272.0,893.0,48.0,64.0,71.0,1502,manual,100.0,82.0
804,POWER SAVING,273.0,893.0,48.0,63.0,70.0,1502,manual,100.0,82.0
805,POWER SAVING,272.0,900.0,48.0,64.0,71.0,1502,manual,100.0,82.0
806,POWER SAVING,272.0,893.0,48.0,63.0,71.0,1502,manual,100.0,82.0
807,POWER SAVING,272.0,893.0,48.0,64.0,71.0,1502,manual,100.0,82.0
808,POWER SAVING,272.0,893.0,49.0,64.0,71.0,1502,manual,100.0,81.0
809,POWER SAVING,272.0,893.0,48.0,63.0,71.0,1502,manual,100.0,82.0
810,POWER SAVING,273.0,893.0,49.0,63.0,71.0,1502,manual,100.0,82.0
811,POWER SAVING,273.0,893.0,48.0,64.0,71.0,1502,manual,100.0,82.0
812,POWER SAVING,272.0,893.0,49.0,64.0,71.0,1502,manual,100.0,82.0
813,POWER SAVING,272.0,893.0,49.0,64.0,71.0,1502,manual,100.0,81.0
814,POWER SAVING,272.0,900.0,49.0,64.0,71.0,1502,manual,100.0,82.0
815,POWER SAVING,272.0,893.0,49.0,63.0,71.0,1502,manual,100.0,81.0
816,POWER SAVING,272.0,893.0,49.0,64.0,71.0,1502,manual,100.0,82.0
817,POWER SAVING,272.0,893.0,48.0,64.0,71.0,1502,manual,100.0,82.0
818,POWER SAVING,272.0,893.0,49.0,63.0,71.0,1502,manual,100.0,81.0
819,POWER SAVING,273.0,893.0,49.0,64.0,71.0,1502,manual,100.0,82.0
820,POWER SAVING,272.0,900.0,49.0,64.0,71.0,1502,manual,100.0,82.0
821,POWER SAVING,272.0,893.0,49.0,63.0,71.0,1502,manual,100.0,81.0
822,POWER SAVING,273.0,893.0,49.0,63.0,71.0,1502,manual,100.0,82.0
823,POWER SAVING,272.0,893.0,48.0,64.0,71.0,1502,manual,100.0,82.0
824,POWER SAVING,272.0,893.0,49.0,64.0,71.0,1502,manual,100.0,82.0
825,POWER SAVING,272.0,893.0,48.0,64.0,71.0,1502,manual,100.0,82.0
826,POWER SAVING,272.0,893.0,49.0,64.0,71.0,1502,manual,100.0,82.0
827,POWER SAVING,272.0,900.0,48.0,64.0,71.0,1502,manual,100.0,82.0
828,POWER SAVING,272.0,900.0,49.0,63.0,71.0,1502,manual,100.0,82.0
829,POWER SAVING,272.0,900.0,49.0,64.0,71.0,1502,manual,100.0,82.0
830,POWER SAVING,272.0,893.0,49.0,64.0,71.0,1502,manual,100.0,82.0
831,POWER SAVING,272.0,893.0,48.0,63.0,71.0,1502,manual,100.0,82.0
832,POWER SAVING,272.0,893.0,49.0,64.0,71.0,1502,manual,100.0,82.0
833,POWER SAVING,272.0,900.0,49.0,64.0,71.0,1502,manual,100.0,82.0
834,POWER SAVING,272.0,893.0,49.0,64.0,71.0,1502,manual,100.0,82.0
835,POWER SAVING,272.0,893.0,49.0,63.0,71.0,1502,manual,100.0,82.0
836,POWER SAVING,273.0,893.0,48.0,64.0,71.0,1502,manual,100.0,82.0
837,POWER SAVING,272.0,900.0,48.0,64.0,70.0,1502,manual,100.0,82.0
838,POWER SAVING,272.0,893.0,49.0,64.0,71.0,1502,manual,100.0,81.0
839,POWER SAVING,272.0,893.0,48.0,64.0,71.0,1502,manual,100.0,82.0
840,POWER SAVING,272.0,893.0,48.0,64.0,71.0,1502,manual,100.0,82.0
841,POWER SAVING,272.0,893.0,48.0,64.0,70.0,1502,manual,100.0,82.0
842,POWER SAVING,273.0,893.0,49.0,63.0,71.0,1502,manual,100.0,82.0
843,POWER SAVING,272.0,893.0,49.0,64.0,70.0,1502,manual,100.0,82.0
844,POWER SAVING,272.0,900.0,48.0,63.0,71.0,1502,manual,100.0,82.0
845,POWER SAVING,272.0,900.0,49.0,63.0,69.0,1502,manual,100.0,82.0
846,POWER SAVING,272.0,900.0,48.0,63.0,71.0,1502,manual,100.0,82.0
847,POWER SAVING,272.0,893.0,49.0,64.0,70.0,1502,manual,100.0,82.0
848,POWER SAVING,272.0,893.0,49.0,63.0,70.0,1502,manual,100.0,82.0
849,POWER SAVING,272.0,893.0,48.0,64.0,71.0,1502,manual,100.0,82.0
850,POWER SAVING,272.0,893.0,48.0,64.0,70.0,1502,manual,100.0,82.0
851,POWER SAVING,272.0,893.0,49.0,63.0,70.0,1502,manual,100.0,82.0
852,POWER SAVING,272.0,900.0,48.0,63.0,70.0,1502,manual,100.0,82.0
853,POWER SAVING,272.0,893.0,49.0,64.0,71.0,1502,manual,100.0,82.0
854,POWER SAVING,272.0,900.0,48.0,63.0,70.0,1502,manual,100.0,82.0
855,POWER SAVING,272.0,893.0,48.0,64.0,71.0,1502,manual,100.0,82.0
856,POWER SAVING,269.0,893.0,48.0,64.0,70.0,1502,manual,100.0,81.0
857,POWER SAVING,272.0,893.0,49.0,64.0,70.0,1502,manual,100.0,82.0
858,POWER SAVING,272.0,893.0,48.0,63.0,70.0,1502,manual,100.0,82.0
859,POWER SAVING,272.0,893.0,49.0,64.0,71.0,1502,manual,100.0,82.0
860,POWER SAVING,269.0,900.0,48.0,63.0,70.0,1502,manual,100.0,81.0
861,POWER SAVING,272.0,900.0,48.0,63.0,71.0,1502,manual,100.0,82.0
862,POWER SAVING,272.0,893.0,48.0,64.0,71.0,1502,manual,100.0,82.0
863,POWER SAVING,272.0,893.0,48.0,64.0,71.0,1502,manual,100.0,82.0
864,POWER SAVING,272.0,900.0,49.0,63.0,71.0,1502,manual,100.0,82.0
865,POWER SAVING,272.0,900.0,49.0,63.0,71.0,1502,manual,100.0,82.0
866,POWER SAVING,272.0,900.0,48.0,64.0,71.0,1502,manual,100.0,81.0
867,POWER SAVING,272.0,893.0,48.0,64.0,70.0,1502,manual,100.0,82.0
868,POWER SAVING,272.0,893.0,48.0,63.0,70.0,1502,manual,100.0,82.0
869,POWER SAVING,272.0,893.0,48.0,63.0,71.0,1502,manual,100.0,82.0
870,POWER SAVING,272.0,893.0,48.0,64.0,71.0,1502,manual,100.0,82.0
871,POWER SAVING,272.0,893.0,49.0,63.0,70.0,1502,manual,100.0,82.0
872,POWER SAVING,272.0,893.0,49.0,64.0,71.0,1502,manual,100.0,82.0
873,POWER SAVING,272.0,900.0,48.0,64.0,71.0,1502,manual,100.0,82.0
874,POWER SAVING,272.0,893.0,48.0,63.0,70.0,1502,manual,100.0,82.0
875,POWER SAVING,272.0,893.0,49.0,64.0,71.0,1502,manual,100.0,82.0
876,POWER SAVING,272.0,893.0,48.0,64.0,71.0,1502,manual,100.0,82.0
877,POWER SAVING,272.0,893.0,48.0,64.0,70.0,1502,manual,100.0,82.0
878,POWER SAVING,272.0,893.0,48.0,64.0,70.0,1502,manual,100.0,82.0
879,POWER SAVING,273.0,893.0,49.0,63.0,70.0,1502,manual,100.0,82.0
880,POWER SAVING,272.0,893.0,49.0,64.0,71.0,1502,manual,100.0,82.0
881,POWER SAVING,272.0,900.0,48.0,63.0,70.0,1502,manual,100.0,82.0
882,POWER SAVING,272.0,893.0,48.0,63.0,70.0,1502,manual,100.0,82.0
883,POWER SAVING,272.0,900.0,48.0,63.0,71.0,1502,manual,100.0,82.0
884,POWER SAVING,272.0,893.0,48.0,63.0,70.0,1502,manual,100.0,82.0
885,POWER SAVING,270.0,900.0,48.0,63.0,70.0,1502,manual,100.0,81.0
886,POWER SAVING,272.0,893.0,48.0,63.0,70.0,1502,manual,100.0,81.0
887,POWER SAVING,272.0,893.0,48.0,63.0,71.0,1502,manual,100.0,82.0
888,POWER SAVING,272.0,893.0,48.0,64.0,70.0,1502,manual,100.0,82.0
889,POWER SAVING,272.0,893.0,48.0,64.0,70.0,1502,manual,100.0,82.0
890,POWER SAVING,272.0,893.0,48.0,63.0,70.0,1502,manual,100.0,81.0
891,POWER SAVING,272.0,893.0,49.0,63.0,70.0,1502,manual,100.0,82.0
892,POWER SAVING,272.0,893.0,48.0,63.0,70.0,1502,manual,100.0,82.0
893,POWER SAVING,272.0,900.0,48.0,63.0,71.0,1502,manual,100.0,82.0
894,POWER SAVING,272.0,893.0,49.0,63.0,70.0,1502,manual,100.0,82.0
895,POWER SAVING,272.0,893.0,49.0,63.0,71.0,1502,manual,100.0,82.0
896,POWER SAVING,272.0,893.0,48.0,63.0,70.0,1502,manual,100.0,82.0
897,POWER SAVING,272.0,893.0,48.0,63.0,70.0,1502,manual,100.0,82.0
898,POWER SAVING,272.0,893.0,48.0,64.0,70.0,1502,manual,100.0,82.0
899,POWER SAVING,272.0,900.0,49.0,64.0,70.0,1502,manual,100.0,82.0
900,POWER SAVING,272.0,893.0,48.0,64.0,70.0,1502,manual,100.0,82.0
901,POWER SAVING,271.0,893.0,48.0,63.0,70.0,1502,manual,100.0,82.0
902,POWER SAVING,272.0,893.0,48.0,63.0,70.0,1502,manual,100.0,81.0
903,POWER SAVING,272.0,900.0,48.0,63.0,70.0,1502,manual,100.0,82.0
904,POWER SAVING,272.0,900.0,48.0,64.0,70.0,1502,manual,100.0,82.0
905,POWER SAVING,272.0,906.0,48.0,63.0,70.0,1502,manual,100.0,82.0
906,POWER SAVING,272.0,893.0,48.0,63.0,70.0,1502,manual,100.0,80.0
907,POWER SAVING,272.0,893.0,48.0,63.0,70.0,1502,manual,100.0,81.0
908,POWER SAVING,272.0,900.0,48.0,63.0,70.0,1502,manual,100.0,82.0
909,POWER SAVING,269.0,893.0,48.0,64.0,70.0,1502,manual,100.0,81.0
910,POWER SAVING,272.0,893.0,48.0,63.0,70.0,1502,manual,100.0,82.0
911,POWER SAVING,272.0,893.0,48.0,63.0,70.0,1502,manual,100.0,82.0
912,POWER SAVING,272.0,893.0,48.0,63.0,70.0,1502,manual,100.0,82.0
913,POWER SAVING,272.0,900.0,48.0,63.0,70.0,1502,manual,100.0,82.0
914,POWER SAVING,272.0,893.0,48.0,63.0,70.0,1502,manual,100.0,82.0
915,POWER SAVING,269.0,893.0,49.0,63.0,70.0,1502,manual,100.0,81.0
916,POWER SAVING,272.0,900.0,48.0,63.0,70.0,1502,manual,100.0,82.0
917,POWER SAVING,272.0,900.0,48.0,64.0,70.0,1502,manual,100.0,82.0
918,POWER SAVING,272.0,893.0,48.0,63.0,70.0,1502,manual,100.0,82.0
919,POWER SAVING,270.0,893.0,49.0,63.0,70.0,1502,manual,100.0,81.0
920,POWER SAVING,272.0,893.0,48.0,63.0,70.0,1502,manual,100.0,82.0
921,POWER SAVING,272.0,893.0,48.0,63.0,70.0,1502,manual,100.0,82.0
922,POWER SAVING,272.0,893.0,48.0,63.0,70.0,1502,manual,100.0,81.0
923,POWER SAVING,274.0,893.0,48.0,63.0,70.0,1502,manual,100.0,82.0
924,POWER SAVING,272.0,900.0,48.0,63.0,70.0,1502,manual,100.0,82.0
925,POWER SAVING,272.0,900.0,48.0,63.0,70.0,1502,manual,100.0,82.0
926,POWER SAVING,272.0,893.0,48.0,63.0,70.0,1502,manual,100.0,82.0
927,POWER SAVING,272.0,893.0,48.0,63.0,70.0,1502,manual,100.0,82.0
928,POWER SAVING,272.0,893.0,48.0,63.0,70.0,1502,manual,100.0,82.0
929,POWER SAVING,272.0,893.0,49.0,63.0,70.0,1502,manual,100.0,82.0
930,POWER SAVING,272.0,900.0,48.0,63.0,70.0,1502,manual,100.0,82.0
931,POWER SAVING,272.0,893.0,48.0,63.0,70.0,1502,manual,100.0,82.0
932,POWER SAVING,272.0,893.0,48.0,63.0,70.0,1502,manual,100.0,82.0
933,POWER SAVING,272.0,893.0,48.0,63.0,70.0,1502,manual,100.0,82.0
934,POWER SAVING,272.0,893.0,48.0,63.0,70.0,1502,manual,100.0,82.0
935,POWER SAVING,272.0,893.0,48.0,63.0,70.0,1502,manual,100.0,81.0
936,POWER SAVING,272.0,900.0,48.0,63.0,70.0,1502,manual,100.0,82.0
937,POWER SAVING,273.0,900.0,48.0,63.0,70.0,1502,manual,100.0,82.0
938,POWER SAVING,272.0,900.0,48.0,63.0,70.0,1502,manual,100.0,82.0
939,POWER SAVING,272.0,900.0,48.0,63.0,70.0,1502,manual,100.0,82.0
940,POWER SAVING,272.0,893.0,48.0,64.0,70.0,1502,manual,100.0,82.0
941,POWER SAVING,272.0,893.0,48.0,63.0,70.0,1502,manual,100.0,82.0
942,POWER SAVING,272.0,893.0,48.0,63.0,70.0,1502,manual,100.0,82.0
943,POWER SAVING,272.0,893.0,48.0,63.0,70.0,1502,manual,100.0,81.0
944,POWER SAVING,272.0,900.0,48.0,63.0,70.0,1502,manual,100.0,82.0
945,POWER SAVING,272.0,900.0,48.0,63.0,70.0,1502,manual,100.0,82.0
946,POWER SAVING,272.0,893.0,48.0,63.0,70.0,1502,manual,100.0,81.0
947,POWER SAVING,272.0,900.0,48.0,63.0,70.0,1502,manual,100.0,82.0
948,POWER SAVING,272.0,900.0,48.0,63.0,70.0,1502,manual,100.0,81.0
949,POWER SAVING,272.0,900.0,48.0,63.0,70.0,1502,manual,100.0,82.0
950,POWER SAVING,272.0,900.0,48.0,63.0,70.0,1502,manual,100.0,82.0
951,POWER SAVING,272.0,893.0,48.0,63.0,70.0,1502,manual,100.0,82.0
952,POWER SAVING,272.0,893.0,48.0,63.0,70.0,1502,manual,100.0,82.0
953,POWER SAVING,272.0,893.0,48.0,63.0,70.0,1502,manual,100.0,82.0
954,POWER SAVING,272.0,893.0,48.0,63.0,70.0,1502,manual,100.0,82.0
955,POWER SAVING,272.0,900.0,48.0,63.0,70.0,1502,manual,100.0,82.0
956,POWER SAVING,272.0,900.0,48.0,64.0,70.0,1502,manual,100.0,82.0
957,POWER SAVING,271.0,893.0,48.0,63.0,70.0,1502,manual,100.0,82.0
958,POWER SAVING,272.0,900.0,48.0,63.0,70.0,1502,manual,100.0,82.0
959,POWER SAVING,272.0,893.0,48.0,63.0,70.0,1502,manual,100.0,82.0
960,POWER SAVING,272.0,900.0,48.0,63.0,70.0,1502,manual,100.0,81.0
961,POWER SAVING,272.0,893.0,48.0,63.0,70.0,1502,manual,100.0,82.0
962,POWER SAVING,272.0,893.0,48.0,63.0,70.0,1502,manual,100.0,82.0
963,POWER SAVING,272.0,893.0,48.0,63.0,70.0,1502,manual,100.0,82.0
964,POWER SAVING,272.0,893.0,48.0,63.0,70.0,1502,manual,100.0,82.0
965,POWER SAVING,272.0,893.0,48.0,64.0,70.0,1502,manual,100.0,82.0
966,POWER SAVING,272.0,900.0,48.0,63.0,70.0,1502,manual,100.0,82.0
967,POWER SAVING,272.0,893.0,48.0,63.0,70.0,1502,manual,100.0,81.0
968,POWER SAVING,273.0,893.0,48.0,63.0,70.0,1502,manual,100.0,82.0
969,POWER SAVING,272.0,893.0,48.0,63.0,70.0,1502,manual,100.0,82.0
970,POWER SAVING,272.0,893.0,48.0,63.0,70.0,1502,manual,100.0,82.0
971,POWER SAVING,272.0,893.0,48.0,63.0,70.0,1502,manual,100.0,82.0
972,POWER SAVING,272.0,893.0,48.0,63.0,70.0,1502,manual,100.0,82.0
973,POWER SAVING,272.0,900.0,48.0,64.0,70.0,1502,manual,100.0,82.0
974,POWER SAVING,272.0,893.0,48.0,63.0,70.0,1502,manual,100.0,82.0
975,POWER SAVING,272.0,893.0,48.0,63.0,70.0,1502,manual,100.0,82.0
976,POWER SAVING,272.0,893.0,48.0,63.0,70.0,1502,manual,100.0,81.0
977,POWER SAVING,272.0,893.0,48.0,63.0,70.0,1502,manual,100.0,82.0
978,POWER SAVING,272.0,893.0,48.0,64.0,70.0,1502,manual,100.0,82.0
979,POWER SAVING,272.0,893.0,48.0,63.0,70.0,1502,manual,100.0,81.0
980,POWER SAVING,272.0,893.0,48.0,64.0,70.0,1502,manual,100.0,82.0
981,POWER SAVING,272.0,893.0,48.0,63.0,70.0,1502,manual,100.0,82.0
982,POWER SAVING,272.0,893.0,48.0,63.0,70.0,1502,manual,100.0,82.0
983,POWER SAVING,269.0,893.0,48.0,64.0,70.0,1502,manual,100.0,82.0
984,POWER SAVING,272.0,893.0,48.0,63.0,70.0,1502,manual,100.0,82.0
985,POWER SAVING,272.0,893.0,48.0,63.0,70.0,1502,manual,100.0,82.0
986,POWER SAVING,269.0,900.0,48.0,63.0,70.0,1502,manual,100.0,81.0
987,POWER SAVING,272.0,900.0,48.0,63.0,70.0,1502,manual,100.0,82.0
988,POWER SAVING,272.0,893.0,49.0,63.0,70.0,1502,manual,100.0,82.0
989,POWER SAVING,272.0,900.0,49.0,63.0,70.0,1502,manual,100.0,82.0
990,POWER SAVING,272.0,893.0,48.0,63.0,70.0,1502,manual,100.0,82.0
991,POWER SAVING,269.0,893.0,48.0,63.0,70.0,1502,manual,100.0,82.0
992,POWER SAVING,272.0,893.0,48.0,64.0,70.0,1502,manual,100.0,82.0
993,POWER SAVING,272.0,893.0,48.0,63.0,70.0,1502,manual,100.0,82.0
994,POWER SAVING,272.0,893.0,48.0,63.0,70.0,1502,manual,100.0,82.0
995,POWER SAVING,273.0,900.0,48.0,63.0,70.0,1502,manual,100.0,81.0
996,POWER SAVING,272.0,900.0,48.0,63.0,70.0,1502,manual,100.0,82.0
997,POWER SAVING,272.0,900.0,48.0,63.0,70.0,1502,manual,100.0,82.0
998,POWER SAVING,272.0,900.0,48.0,63.0,70.0,1502,manual,100.0,82.0
999,POWER SAVING,271.0,893.0,48.0,63.0,70.0,1502,manual,100.0,81.0
1000,POWER SAVING,272.0,893.0,49.0,63.0,70.0,1502,manual,100.0,82.0
1001,POWER SAVING,272.0,906.0,48.0,64.0,70.0,1502,manual,100.0,82.0
1002,POWER SAVING,272.0,893.0,48.0,64.0,71.0,1502,manual,100.0,82.0
1003,POWER SAVING,272.0,893.0,48.0,63.0,70.0,1502,manual,100.0,82.0
1004,POWER SAVING,272.0,893.0,48.0,63.0,70.0,1502,manual,100.0,82.0
1005,POWER SAVING,272.0,893.0,49.0,63.0,70.0,1502,manual,100.0,82.0
1006,POWER SAVING,272.0,900.0,48.0,63.0,70.0,1502,manual,100.0,82.0
1007,POWER SAVING,273.0,893.0,48.0,63.0,70.0,1502,manual,100.0,82.0
1008,POWER SAVING,272.0,900.0,48.0,63.0,70.0,1502,manual,100.0,82.0
1009,POWER SAVING,272.0,893.0,48.0,63.0,71.0,1502,manual,100.0,81.0
1010,POWER SAVING,272.0,900.0,48.0,63.0,70.0,1502,manual,100.0,82.0
1011,POWER SAVING,272.0,893.0,48.0,64.0,70.0,1502,manual,100.0,82.0
1012,POWER SAVING,272.0,900.0,48.0,64.0,70.0,1502,manual,100.0,81.0
1013,POWER SAVING,272.0,893.0,48.0,63.0,71.0,1502,manual,100.0,82.0
1014,POWER SAVING,272.0,893.0,48.0,63.0,70.0,1502,manual,100.0,81.0
1015,POWER SAVING,272.0,900.0,48.0,63.0,70.0,1502,manual,100.0,82.0
1016,POWER SAVING,272.0,893.0,48.0,63.0,70.0,1502,manual,100.0,82.0
1017,POWER SAVING,272.0,893.0,48.0,63.0,71.0,1502,manual,100.0,82.0
1018,POWER SAVING,270.0,893.0,48.0,63.0,71.0,1502,manual,100.0,82.0
1019,POWER SAVING,272.0,893.0,49.0,63.0,70.0,1502,manual,100.0,82.0
1020,POWER SAVING,272.0,900.0,48.0,64.0,71.0,1502,manual,100.0,82.0
1021,POWER SAVING,273.0,900.0,49.0,64.0,70.0,1502,manual,100.0,82.0
1022,POWER SAVING,272.0,893.0,49.0,64.0,70.0,1502,manual,100.0,82.0
1023,POWER SAVING,272.0,893.0,48.0,63.0,70.0,1502,manual,100.0,82.0
1024,POWER SAVING,272.0,900.0,49.0,64.0,71.0,1502,manual,100.0,82.0
1025,POWER SAVING,272.0,900.0,48.0,64.0,70.0,1502,manual,100.0,82.0
1026,POWER SAVING,272.0,900.0,49.0,64.0,70.0,1502,manual,100.0,82.0
1027,POWER SAVING,272.0,893.0,49.0,64.0,71.0,1502,manual,100.0,82.0
1028,POWER SAVING,272.0,893.0,48.0,64.0,71.0,1502,manual,100.0,81.0
1029,POWER SAVING,272.0,893.0,48.0,64.0,71.0,1502,manual,100.0,82.0
1030,POWER SAVING,272.0,893.0,49.0,64.0,71.0,1502,manual,100.0,82.0
1031,POWER SAVING,272.0,893.0,49.0,64.0,71.0,1502,manual,100.0,82.0
1032,POWER SAVING,272.0,893.0,48.0,64.0,70.0,1502,manual,100.0,82.0
1033,POWER SAVING,272.0,893.0,49.0,63.0,70.0,1502,manual,100.0,82.0
1034,POWER SAVING,269.0,900.0,49.0,64.0,71.0,1502,manual,100.0,81.0
1035,POWER SAVING,272.0,893.0,48.0,64.0,71.0,1502,manual,100.0,82.0
1036,POWER SAVING,272.0,893.0,49.0,64.0,71.0,1502,manual,100.0,82.0
1037,POWER SAVING,272.0,893.0,49.0,64.0,70.0,1502,manual,100.0,82.0
1038,POWER SAVING,272.0,893.0,49.0,64.0,71.0,1502,manual,100.0,82.0
1039,POWER SAVING,272.0,893.0,49.0,63.0,71.0,1502,manual,100.0,82.0
1040,POWER SAVING,272.0,893.0,49.0,63.0,71.0,1502,manual,100.0,82.0
1041,POWER SAVING,272.0,900.0,48.0,63.0,71.0,1502,manual,100.0,81.0
1042,POWER SAVING,272.0,893.0,49.0,63.0,71.0,1502,manual,100.0,81.0
1043,POWER SAVING,274.0,900.0,48.0,63.0,70.0,1502,manual,100.0,82.0
1044,POWER SAVING,272.0,893.0,48.0,63.0,70.0,1502,manual,100.0,82.0
1045,POWER SAVING,272.0,893.0,49.0,64.0,71.0,1502,manual,100.0,82.0
1046,POWER SAVING,272.0,893.0,49.0,63.0,70.0,1502,manual,100.0,82.0
1047,POWER SAVING,272.0,893.0,49.0,63.0,70.0,1502,manual,100.0,82.0
1048,POWER SAVING,272.0,900.0,49.0,64.0,71.0,1502,manual,100.0,82.0
1049,POWER SAVING,272.0,893.0,49.0,64.0,71.0,1502,manual,100.0,82.0
1050,POWER SAVING,272.0,893.0,49.0,64.0,70.0,1502,manual,100.0,82.0
1051,POWER SAVING,271.0,893.0,48.0,63.0,70.0,1502,manual,100.0,81.0
1052,POWER SAVING,272.0,893.0,48.0,63.0,70.0,1502,manual,100.0,82.0
1053,POWER SAVING,272.0,900.0,49.0,63.0,70.0,1502,manual,100.0,82.0
1054,POWER SAVING,272.0,900.0,48.0,63.0,70.0,1502,manual,100.0,82.0
1055,POWER SAVING,272.0,893.0,49.0,63.0,70.0,1502,manual,100.0,82.0
1056,POWER SAVING,272.0,893.0,48.0,63.0,70.0,1502,manual,100.0,82.0
1057,POWER SAVING,272.0,893.0,49.0,64.0,70.0,1502,manual,100.0,82.0
1058,POWER SAVING,269.0,893.0,49.0,63.0,70.0,1502,manual,100.0,81.0
1059,POWER SAVING,272.0,900.0,48.0,63.0,71.0,1502,manual,100.0,82.0
1060,POWER SAVING,272.0,900.0,49.0,63.0,71.0,1502,manual,100.0,82.0
1061,POWER SAVING,272.0,900.0,49.0,63.0,70.0,1502,manual,100.0,82.0
1062,POWER SAVING,272.0,893.0,48.0,63.0,70.0,1502,manual,100.0,82.0
1063,POWER SAVING,272.0,893.0,48.0,64.0,71.0,1502,manual,100.0,81.0
1064,POWER SAVING,272.0,893.0,48.0,63.0,70.0,1502,manual,100.0,82.0
1065,POWER SAVING,272.0,893.0,48.0,63.0,70.0,1502,manual,100.0,82.0
1066,POWER SAVING,269.0,900.0,49.0,63.0,71.0,1502,manual,100.0,81.0
1067,POWER SAVING,272.0,893.0,48.0,64.0,70.0,1502,manual,100.0,82.0
1068,POWER SAVING,272.0,900.0,48.0,63.0,70.0,1502,manual,100.0,81.0
1069,POWER SAVING,272.0,900.0,48.0,64.0,71.0,1502,manual,100.0,81.0
1070,POWER SAVING,272.0,900.0,49.0,63.0,70.0,1502,manual,100.0,82.0
1071,POWER SAVING,272.0,900.0,48.0,63.0,70.0,1502,manual,100.0,82.0
1072,POWER SAVING,272.0,893.0,48.0,64.0,70.0,1502,manual,100.0,82.0
1073,POWER SAVING,270.0,893.0,48.0,64.0,70.0,1502,manual,100.0,81.0
1074,POWER SAVING,272.0,893.0,48.0,63.0,71.0,1502,manual,100.0,82.0
1075,POWER SAVING,272.0,893.0,48.0,63.0,70.0,1502,manual,100.0,82.0
1076,POWER SAVING,272.0,900.0,48.0,63.0,70.0,1502,manual,100.0,82.0
1077,POWER SAVING,269.0,893.0,48.0,63.0,71.0,1502,manual,100.0,81.0
1078,POWER SAVING,272.0,893.0,49.0,63.0,71.0,1502,manual,100.0,82.0
1079,POWER SAVING,272.0,893.0,48.0,64.0,70.0,1502,manual,100.0,82.0
1080,POWER SAVING,272.0,893.0,49.0,64.0,70.0,1502,manual,100.0,82.0
1081,POWER SAVING,272.0,900.0,48.0,63.0,71.0,1502,manual,100.0,82.0
1082,POWER SAVING,273.0,900.0,48.0,63.0,71.0,1502,manual,100.0,82.0
1083,POWER SAVING,272.0,893.0,48.0,63.0,70.0,1502,manual,100.0,82.0
1084,POWER SAVING,272.0,893.0,48.0,63.0,71.0,1502,manual,100.0,82.0
1085,POWER SAVING,272.0,893.0,48.0,63.0,71.0,1502,manual,100.0,82.0
1086,POWER SAVING,272.0,893.0,48.0,63.0,71.0,1502,manual,100.0,82.0
1087,POWER SAVING,272.0,900.0,48.0,63.0,70.0,1502,manual,100.0,82.0
1088,POWER SAVING,272.0,893.0,48.0,63.0,70.0,1502,manual,100.0,82.0
1089,POWER SAVING,272.0,900.0,48.0,63.0,71.0,1502,manual,100.0,82.0
1090,POWER SAVING,272.0,893.0,48.0,63.0,70.0,1502,manual,100.0,82.0
1091,POWER SAVING,272.0,900.0,48.0,63.0,71.0,1502,manual,100.0,82.0
1092,POWER SAVING,272.0,900.0,49.0,63.0,71.0,1502,manual,100.0,82.0
1093,POWER SAVING,272.0,900.0,49.0,64.0,71.0,1502,manual,100.0,82.0
1094,POWER SAVING,272.0,900.0,48.0,63.0,70.0,1502,manual,100.0,82.0
1095,POWER SAVING,272.0,893.0,49.0,64.0,70.0,1502,manual,100.0,81.0
1096,POWER SAVING,272.0,893.0,48.0,63.0,71.0,1502,manual,100.0,82.0
1097,POWER SAVING,272.0,893.0,48.0,64.0,71.0,1502,manual,100.0,82.0
1098,POWER SAVING,272.0,893.0,49.0,64.0,71.0,1502,manual,100.0,82.0
1099,POWER SAVING,272.0,893.0,48.0,63.0,70.0,1502,manual,100.0,82.0
1100,POWER SAVING,272.0,893.0,48.0,63.0,71.0,1502,manual,100.0,82.0
1101,POWER SAVING,272.0,893.0,48.0,63.0,71.0,1502,manual,100.0,82.0
1102,POWER SAVING,272.0,893.0,48.0,63.0,71.0,1502,manual,100.0,82.0
1103,POWER SAVING,272.0,900.0,49.0,64.0,71.0,1502,manual,100.0,82.0
1104,POWER SAVING,272.0,900.0,48.0,64.0,70.0,1502,manual,100.0,82.0
1105,POWER SAVING,272.0,893.0,48.0,63.0,70.0,1502,manual,100.0,82.0
1106,POWER SAVING,272.0,893.0,48.0,64.0,71.0,1502,manual,100.0,82.0
1107,POWER SAVING,273.0,893.0,49.0,63.0,71.0,1502,manual,100.0,82.0
1108,POWER SAVING,272.0,893.0,48.0,64.0,70.0,1502,manual,100.0,82.0
1109,POWER SAVING,269.0,900.0,49.0,63.0,70.0,1502,manual,100.0,81.0
1110,POWER SAVING,272.0,893.0,48.0,64.0,71.0,1502,manual,100.0,81.0
1111,POWER SAVING,272.0,893.0,48.0,64.0,70.0,1502,manual,100.0,82.0
1112,POWER SAVING,272.0,893.0,48.0,63.0,71.0,1502,manual,100.0,82.0
1113,POWER SAVING,272.0,893.0,48.0,63.0,70.0,1502,manual,100.0,81.0
1114,POWER SAVING,272.0,893.0,49.0,63.0,71.0,1502,manual,100.0,82.0
1115,POWER SAVING,272.0,893.0,49.0,63.0,70.0,1502,manual,100.0,82.0
1116,POWER SAVING,269.0,893.0,48.0,63.0,71.0,1502,manual,100.0,82.0
1117,POWER SAVING,272.0,893.0,49.0,63.0,71.0,1502,manual,100.0,82.0
1118,POWER SAVING,272.0,893.0,48.0,63.0,70.0,1502,manual,100.0,82.0
1119,POWER SAVING,272.0,893.0,49.0,63.0,70.0,1502,manual,100.0,81.0
1120,POWER SAVING,272.0,893.0,48.0,63.0,70.0,1502,manual,100.0,82.0
1121,POWER SAVING,272.0,893.0,48.0,63.0,70.0,1502,manual,100.0,82.0
1122,POWER SAVING,272.0,893.0,48.0,63.0,70.0,1502,manual,100.0,82.0
1123,POWER SAVING,272.0,893.0,49.0,63.0,70.0,1502,manual,100.0,82.0
1124,POWER SAVING,272.0,900.0,48.0,63.0,70.0,1502,manual,100.0,82.0
1125,POWER SAVING,272.0,893.0,48.0,63.0,70.0,1502,manual,100.0,82.0
1126,POWER SAVING,272.0,893.0,48.0,64.0,70.0,1502,manual,100.0,82.0
1127,POWER SAVING,269.0,893.0,48.0,64.0,70.0,1502,manual,100.0,81.0
1128,POWER SAVING,272.0,893.0,48.0,63.0,70.0,1502,manual,100.0,82.0
1129,POWER SAVING,272.0,912.0,48.0,63.0,70.0,1502,manual,100.0,82.0
1130,POWER SAVING,272.0,893.0,49.0,63.0,70.0,1502,manual,100.0,81.0
1131,POWER SAVING,272.0,893.0,48.0,64.0,70.0,1502,manual,100.0,82.0
1132,POWER SAVING,273.0,893.0,48.0,63.0,70.0,1502,manual,100.0,82.0
1133,POWER SAVING,273.0,893.0,48.0,63.0,70.0,1502,manual,100.0,82.0
1134,POWER SAVING,272.0,893.0,48.0,64.0,71.0,1502,manual,99.0,82.0
1135,POWER SAVING,272.0,900.0,49.0,63.0,70.0,1502,manual,100.0,82.0
1136,POWER SAVING,273.0,900.0,48.0,63.0,70.0,1502,manual,100.0,82.0
1137,POWER SAVING,272.0,900.0,48.0,63.0,70.0,1502,manual,100.0,82.0
1138,POWER SAVING,272.0,900.0,48.0,63.0,70.0,1502,manual,100.0,80.0
1139,POWER SAVING,273.0,893.0,48.0,64.0,70.0,1502,manual,100.0,82.0
1140,POWER SAVING,272.0,893.0,48.0,63.0,70.0,1502,manual,100.0,82.0
1141,POWER SAVING,272.0,893.0,49.0,63.0,70.0,1502,manual,100.0,81.0
1142,POWER SAVING,272.0,900.0,49.0,64.0,70.0,1502,manual,100.0,82.0
1143,POWER SAVING,272.0,893.0,49.0,63.0,70.0,1502,manual,100.0,82.0
1144,POWER SAVING,272.0,893.0,48.0,63.0,71.0,1502,manual,100.0,82.0
1145,POWER SAVING,272.0,893.0,48.0,63.0,70.0,1502,manual,100.0,82.0
1146,POWER SAVING,272.0,893.0,48.0,63.0,70.0,1502,manual,100.0,82.0
1147,POWER SAVING,272.0,893.0,48.0,63.0,71.0,1502,manual,100.0,82.0
1148,POWER SAVING,272.0,900.0,48.0,63.0,71.0,1502,manual,100.0,82.0
1149,POWER SAVING,272.0,893.0,48.0,63.0,70.0,1502,manual,100.0,82.0
1150,POWER SAVING,272.0,900.0,49.0,63.0,71.0,1502,manual,100.0,82.0
1151,POWER SAVING,272.0,893.0,48.0,63.0,70.0,1502,manual,100.0,82.0
1152,POWER SAVING,272.0,893.0,48.0,63.0,70.0,1502,manual,100.0,82.0
1153,POWER SAVING,272.0,893.0,49.0,64.0,70.0,1502,manual,100.0,82.0
1154,POWER SAVING,272.0,893.0,48.0,63.0,70.0,1502,manual,100.0,82.0
1155,POWER SAVING,272.0,893.0,48.0,63.0,70.0,1502,manual,100.0,81.0
1156,POWER SAVING,272.0,893.0,48.0,63.0,70.0,1502,manual,100.0,82.0
1157,POWER SAVING,269.0,893.0,48.0,63.0,70.0,1502,manual,100.0,81.0
1158,POWER SAVING,272.0,893.0,48.0,63.0,70.0,1502,manual,100.0,82.0
1159,POWER SAVING,272.0,893.0,48.0,63.0,70.0,1502,manual,100.0,82.0
1160,POWER SAVING,272.0,900.0,49.0,63.0,70.0,1502,manual,100.0,82.0
1161,POWER SAVING,272.0,893.0,48.0,63.0,70.0,1502,manual,100.0,82.0
1162,POWER SAVING,272.0,893.0,48.0,63.0,70.0,1502,manual,100.0,82.0
1163,POWER SAVING,272.0,893.0,49.0,63.0,70.0,1502,manual,100.0,82.0
1164,POWER SAVING,272.0,893.0,48.0,63.0,70.0,1502,manual,100.0,82.0
1165,POWER SAVING,272.0,893.0,48.0,63.0,70.0,1502,manual,100.0,82.0
1166,POWER SAVING,272.0,893.0,48.0,63.0,70.0,1502,manual,100.0,81.0
1167,POWER SAVING,272.0,893.0,48.0,63.0,70.0,1502,manual,100.0,82.0
1168,POWER SAVING,272.0,893.0,48.0,64.0,70.0,1502,manual,100.0,82.0
1169,POWER SAVING,269.0,900.0,48.0,63.0,70.0,1502,manual,100.0,82.0
1170,POWER SAVING,272.0,893.0,48.0,63.0,70.0,1502,manual,100.0,82.0
1171,POWER SAVING,272.0,893.0,48.0,63.0,70.0,1502,manual,100.0,82.0
1172,POWER SAVING,272.0,893.0,49.0,63.0,70.0,1502,manual,100.0,82.0
1173,POWER SAVING,272.0,893.0,49.0,63.0,70.0,1502,manual,100.0,82.0
1174,POWER SAVING,272.0,893.0,48.0,64.0,70.0,1502,manual,100.0,82.0
1175,POWER SAVING,272.0,893.0,49.0,63.0,70.0,1502,manual,100.0,82.0
1176,POWER SAVING,272.0,893.0,48.0,63.0,70.0,1502,manual,100.0,82.0
1177,POWER SAVING,272.0,893.0,48.0,63.0,70.0,1502,manual,100.0,82.0
1178,POWER SAVING,273.0,893.0,48.0,63.0,70.0,1502,manual,100.0,82.0
1179,POWER SAVING,272.0,893.0,49.0,63.0,70.0,1502,manual,100.0,82.0
1180,POWER SAVING,272.0,893.0,48.0,64.0,70.0,1502,manual,100.0,82.0
1181,POWER SAVING,272.0,900.0,48.0,63.0,70.0,1502,manual,100.0,82.0
1182,POWER SAVING,272.0,893.0,49.0,63.0,70.0,1502,manual,100.0,81.0
1183,POWER SAVING,272.0,900.0,49.0,63.0,70.0,1502,manual,100.0,82.0
1184,POWER SAVING,272.0,900.0,48.0,63.0,70.0,1502,manual,100.0,82.0
1185,POWER SAVING,266.0,893.0,49.0,63.0,70.0,1502,manual,100.0,80.0
1186,POWER SAVING,272.0,893.0,48.0,64.0,70.0,1502,manual,100.0,82.0
1187,POWER SAVING,272.0,893.0,48.0,63.0,70.0,1502,manual,100.0,82.0
1188,POWER SAVING,272.0,893.0,48.0,63.0,70.0,1502,manual,100.0,81.0
1189,POWER SAVING,272.0,893.0,48.0,64.0,70.0,1502,manual,100.0,82.0
1190,POWER SAVING,272.0,893.0,48.0,64.0,70.0,1502,manual,100.0,82.0
1191,POWER SAVING,272.0,893.0,48.0,64.0,70.0,1502,manual,100.0,82.0
1192,POWER SAVING,272.0,893.0,49.0,63.0,70.0,1502,manual,100.0,82.0
1193,POWER SAVING,272.0,893.0,49.0,63.0,70.0,1502,manual,100.0,82.0
1194,POWER SAVING,272.0,893.0,48.0,63.0,70.0,1502,manual,100.0,82.0
1195,POWER SAVING,272.0,893.0,49.0,63.0,70.0,1502,manual,100.0,82.0
1196,POWER SAVING,272.0,893.0,48.0,63.0,70.0,1502,manual,100.0,82.0
1197,POWER SAVING,272.0,893.0,48.0,63.0,70.0,1502,manual,100.0,82.0
1198,POWER SAVING,272.0,893.0,48.0,63.0,70.0,1502,manual,100.0,82.0
1199,POWER SAVING,272.0,893.0,48.0,64.0,70.0,1502,manual,100.0,82.0
1200,POWER SAVING,269.0,893.0,48.0,63.0,70.0,1502,manual,100.0,81.0
1201,POWER SAVING,272.0,893.0,49.0,63.0,70.0,1502,manual,100.0,82.0
1202,POWER SAVING,272.0,900.0,48.0,63.0,70.0,1502,manual,100.0,82.0
1203,POWER SAVING,265.0,893.0,48.0,63.0,70.0,1502,manual,100.0,80.0
1204,POWER SAVING,272.0,900.0,48.0,63.0,70.0,1502,manual,100.0,82.0
1205,POWER SAVING,272.0,893.0,48.0,63.0,70.0,1502,manual,100.0,82.0
1206,POWER SAVING,272.0,893.0,48.0,64.0,70.0,1502,manual,100.0,82.0
1207,POWER SAVING,273.0,893.0,48.0,63.0,70.0,1502,manual,100.0,82.0
1208,POWER SAVING,272.0,893.0,48.0,63.0,70.0,1502,manual,100.0,82.0
1209,POWER SAVING,272.0,893.0,49.0,63.0,70.0,1502,manual,100.0,82.0
1210,POWER SAVING,272.0,893.0,48.0,63.0,70.0,1502,manual,100.0,81.0
1211,POWER SAVING,272.0,893.0,48.0,63.0,70.0,1502,manual,100.0,82.0
1212,POWER SAVING,272.0,900.0,48.0,63.0,70.0,1502,manual,100.0,82.0
1213,POWER SAVING,41.0,656.0,45.0,49.0,52.0,300,manual,0.0,0.0
1214,POWER SAVING,41.0,656.0,44.0,47.0,49.0,300,manual,0.0,0.0
1215,POWER SAVING,39.0,656.0,43.0,46.0,48.0,300,manual,0.0,0.0
1216,POWER SAVING,40.0,662.0,43.0,46.0,47.0,300,manual,0.0,0.0
1217,POWER SAVING,39.0,656.0,42.0,45.0,46.0,300,manual,0.0,0.0
1218,POWER SAVING,40.0,656.0,42.0,45.0,46.0,300,manual,0.0,0.0
1219,POWER SAVING,39.0,656.0,42.0,44.0,45.0,300,manual,0.0,0.0
1220,POWER SAVING,72.0,906.0,41.0,44.0,45.0,1502,manual,3.0,0.0
1221,POWER SAVING,57.0,906.0,41.0,44.0,45.0,300,manual,1.0,0.0
1222,POWER SAVING,52.0,906.0,41.0,44.0,45.0,1502,manual,4.0,1.0
1223,POWER SAVING,39.0,656.0,40.0,43.0,44.0,300,manual,0.0,0.0
1224,POWER SAVING,39.0,656.0,40.0,43.0,44.0,300,manual,0.0,0.0
1225,POWER SAVING,39.0,662.0,39.0,42.0,43.0,300,manual,0.0,0.0
1226,POWER SAVING,39.0,656.0,39.0,42.0,43.0,300,manual,0.0,0.0
1227,POWER SAVING,39.0,656.0,39.0,42.0,43.0,300,manual,0.0,0.0
1228,POWER SAVING,45.0,656.0,39.0,42.0,43.0,300,manual,0.0,2.0
