index,power_profile,power_usage,voltage,edge_temperature,junction_temperature,memory_temperature,sclk,performance,gpu_usage,memory_usage
0,COMPUTE,39.0,662.0,36.0,39.0,42.0,300,auto,0.0,0.0
1,COMPUTE,39.0,668.0,35.0,39.0,42.0,300,auto,0.0,0.0
2,COMPUTE,38.0,662.0,35.0,39.0,42.0,300,auto,0.0,0.0
3,COMPUTE,39.0,662.0,36.0,39.0,43.0,300,auto,0.0,0.0
4,COMPUTE,39.0,662.0,35.0,39.0,41.0,300,auto,0.0,0.0
5,COMPUTE,39.0,662.0,34.0,38.0,42.0,300,auto,0.0,0.0
6,COMPUTE,39.0,662.0,34.0,38.0,41.0,300,auto,0.0,0.0
7,COMPUTE,39.0,662.0,34.0,38.0,41.0,300,auto,0.0,0.0
8,COMPUTE,39.0,668.0,34.0,38.0,41.0,300,auto,0.0,0.0
9,COMPUTE,39.0,668.0,34.0,38.0,40.0,300,auto,0.0,0.0
10,COMPUTE,38.0,662.0,33.0,37.0,40.0,300,auto,0.0,0.0
11,COMPUTE,38.0,662.0,34.0,37.0,40.0,300,auto,0.0,0.0
12,COMPUTE,38.0,662.0,33.0,37.0,40.0,300,auto,0.0,0.0
13,COMPUTE,50.0,662.0,33.0,37.0,40.0,300,auto,2.0,0.0
14,COMPUTE,39.0,662.0,33.0,36.0,40.0,300,auto,0.0,0.0
15,COMPUTE,38.0,662.0,32.0,37.0,41.0,300,auto,0.0,0.0
16,COMPUTE,38.0,668.0,33.0,36.0,39.0,300,auto,0.0,0.0
17,COMPUTE,39.0,668.0,32.0,36.0,39.0,300,auto,0.0,0.0
18,COMPUTE,38.0,662.0,32.0,36.0,39.0,300,auto,0.0,0.0
19,COMPUTE,39.0,912.0,32.0,35.0,39.0,300,auto,0.0,0.0
20,COMPUTE,39.0,918.0,32.0,36.0,39.0,300,auto,0.0,0.0
21,COMPUTE,39.0,662.0,31.0,36.0,39.0,300,auto,0.0,0.0
22,COMPUTE,37.0,912.0,31.0,36.0,38.0,300,auto,1.0,0.0
23,COMPUTE,39.0,662.0,31.0,36.0,38.0,300,auto,0.0,0.0
24,COMPUTE,39.0,668.0,31.0,35.0,38.0,300,auto,0.0,0.0
25,COMPUTE,39.0,662.0,31.0,35.0,38.0,300,auto,0.0,0.0
26,COMPUTE,39.0,662.0,31.0,35.0,38.0,300,auto,0.0,0.0
27,COMPUTE,37.0,662.0,31.0,35.0,38.0,300,auto,0.0,0.0
28,COMPUTE,37.0,668.0,31.0,34.0,39.0,300,auto,0.0,0.0
29,COMPUTE,37.0,662.0,30.0,35.0,37.0,300,auto,0.0,0.0
30,COMPUTE,37.0,662.0,30.0,34.0,37.0,300,auto,0.0,0.0
31,COMPUTE,37.0,662.0,30.0,34.0,37.0,300,auto,0.0,0.0
32,COMPUTE,37.0,662.0,31.0,34.0,37.0,300,auto,0.0,0.0
33,COMPUTE,37.0,662.0,30.0,34.0,37.0,300,auto,0.0,0.0
34,COMPUTE,36.0,662.0,30.0,33.0,37.0,300,auto,0.0,0.0
35,COMPUTE,36.0,662.0,30.0,34.0,38.0,300,auto,0.0,0.0
36,COMPUTE,36.0,668.0,29.0,33.0,37.0,300,auto,0.0,0.0
37,COMPUTE,38.0,662.0,30.0,33.0,36.0,300,auto,0.0,0.0
38,COMPUTE,37.0,662.0,29.0,33.0,36.0,300,auto,0.0,0.0
39,COMPUTE,36.0,662.0,29.0,33.0,36.0,300,auto,0.0,0.0
40,COMPUTE,36.0,662.0,29.0,33.0,36.0,300,auto,0.0,0.0
41,COMPUTE,36.0,668.0,29.0,33.0,36.0,300,auto,0.0,0.0
42,COMPUTE,35.0,662.0,29.0,33.0,36.0,300,auto,0.0,0.0
43,COMPUTE,37.0,662.0,29.0,32.0,36.0,300,auto,0.0,0.0
44,COMPUTE,36.0,662.0,29.0,32.0,36.0,300,auto,0.0,0.0
45,COMPUTE,36.0,668.0,29.0,32.0,37.0,300,auto,0.0,0.0
46,COMPUTE,37.0,662.0,28.0,32.0,35.0,300,auto,0.0,0.0
47,COMPUTE,36.0,662.0,28.0,32.0,35.0,300,auto,0.0,0.0
48,COMPUTE,36.0,662.0,28.0,32.0,35.0,300,auto,0.0,0.0
49,COMPUTE,37.0,662.0,28.0,32.0,35.0,300,auto,0.0,0.0
50,COMPUTE,35.0,662.0,28.0,32.0,35.0,300,auto,0.0,0.0
51,COMPUTE,35.0,662.0,28.0,32.0,35.0,300,auto,0.0,0.0
52,COMPUTE,36.0,668.0,28.0,32.0,35.0,300,auto,0.0,0.0
53,COMPUTE,36.0,668.0,27.0,32.0,35.0,300,auto,0.0,0.0
54,COMPUTE,36.0,662.0,27.0,32.0,35.0,300,auto,0.0,0.0
55,COMPUTE,35.0,662.0,27.0,31.0,35.0,300,auto,0.0,0.0
56,COMPUTE,35.0,662.0,27.0,31.0,35.0,300,auto,0.0,0.0
57,COMPUTE,93.0,662.0,27.0,31.0,35.0,1502,auto,14.0,3.0
58,COMPUTE,39.0,668.0,28.0,33.0,36.0,300,auto,0.0,0.0
59,COMPUTE,35.0,662.0,28.0,32.0,35.0,300,auto,0.0,0.0
60,COMPUTE,37.0,662.0,27.0,31.0,34.0,300,auto,0.0,0.0
61,COMPUTE,37.0,662.0,27.0,32.0,34.0,1502,auto,0.0,0.0
62,COMPUTE,35.0,662.0,27.0,31.0,34.0,300,auto,0.0,0.0
63,COMPUTE,38.0,668.0,27.0,31.0,34.0,300,auto,0.0,0.0
64,COMPUTE,38.0,662.0,27.0,31.0,34.0,300,auto,0.0,0.0
65,COMPUTE,38.0,662.0,27.0,31.0,35.0,300,auto,0.0,0.0
66,COMPUTE,39.0,925.0,27.0,32.0,35.0,300,auto,2.0,0.0
67,COMPUTE,39.0,662.0,27.0,31.0,35.0,300,auto,0.0,0.0
68,COMPUTE,54.0,906.0,27.0,31.0,35.0,300,auto,16.0,4.0
69,COMPUTE,39.0,668.0,27.0,31.0,35.0,300,auto,0.0,9.0
70,COMPUTE,37.0,906.0,27.0,31.0,35.0,300,auto,3.0,0.0
71,COMPUTE,37.0,662.0,26.0,31.0,35.0,300,auto,0.0,0.0
72,COMPUTE,37.0,668.0,26.0,31.0,35.0,300,auto,0.0,0.0
73,COMPUTE,38.0,906.0,26.0,31.0,35.0,300,auto,0.0,0.0
74,COMPUTE,39.0,668.0,28.0,34.0,38.0,300,auto,0.0,0.0
75,COMPUTE,39.0,662.0,29.0,36.0,40.0,300,auto,0.0,0.0
76,COMPUTE,39.0,668.0,31.0,41.0,42.0,300,auto,0.0,0.0
77,COMPUTE,276.0,668.0,31.0,43.0,45.0,1472,auto,100.0,37.0
78,COMPUTE,279.0,906.0,31.0,42.0,45.0,1472,auto,100.0,45.0
79,COMPUTE,39.0,668.0,30.0,35.0,39.0,300,auto,0.0,0.0
80,COMPUTE,39.0,668.0,30.0,36.0,40.0,300,auto,0.0,0.0
81,COMPUTE,38.0,662.0,30.0,36.0,41.0,300,auto,0.0,0.0
82,COMPUTE,243.0,912.0,32.0,44.0,46.0,1472,auto,91.0,38.0
83,COMPUTE,36.0,906.0,30.0,34.0,39.0,300,auto,0.0,0.0
84,COMPUTE,275.0,662.0,33.0,46.0,47.0,1472,auto,100.0,53.0
85,COMPUTE,292.0,875.0,32.0,44.0,46.0,1472,auto,100.0,57.0
86,COMPUTE,364.0,887.0,32.0,43.0,45.0,1472,auto,100.0,47.0
87,COMPUTE,275.0,893.0,32.0,41.0,43.0,1502,auto,91.0,29.0
88,COMPUTE,305.0,893.0,31.0,39.0,43.0,1472,auto,92.0,47.0
89,COMPUTE,323.0,912.0,31.0,36.0,41.0,1472,auto,92.0,33.0
90,COMPUTE,52.0,900.0,30.0,34.0,39.0,300,auto,31.0,12.0
91,COMPUTE,39.0,906.0,31.0,35.0,40.0,300,auto,0.0,0.0
92,COMPUTE,303.0,662.0,34.0,47.0,48.0,1472,auto,100.0,54.0
93,COMPUTE,297.0,893.0,33.0,44.0,46.0,1472,auto,100.0,42.0
94,COMPUTE,279.0,868.0,33.0,43.0,44.0,1502,auto,99.0,42.0
95,COMPUTE,286.0,893.0,32.0,41.0,44.0,1472,auto,91.0,35.0
96,COMPUTE,260.0,881.0,32.0,40.0,42.0,1502,auto,88.0,42.0
97,COMPUTE,306.0,881.0,31.0,36.0,40.0,1502,auto,97.0,52.0
98,COMPUTE,39.0,881.0,31.0,35.0,39.0,300,auto,0.0,0.0
99,COMPUTE,39.0,893.0,31.0,36.0,39.0,300,auto,0.0,0.0
100,COMPUTE,39.0,662.0,31.0,36.0,40.0,300,auto,0.0,0.0
101,COMPUTE,39.0,662.0,32.0,36.0,40.0,300,auto,0.0,0.0
102,COMPUTE,39.0,662.0,32.0,38.0,41.0,300,auto,0.0,0.0
103,COMPUTE,39.0,662.0,33.0,39.0,43.0,300,auto,0.0,0.0
104,COMPUTE,39.0,662.0,33.0,45.0,45.0,300,auto,0.0,0.0
105,COMPUTE,259.0,662.0,34.0,46.0,48.0,1472,auto,100.0,39.0
106,COMPUTE,273.0,912.0,33.0,45.0,47.0,1472,auto,100.0,42.0
107,COMPUTE,39.0,662.0,32.0,38.0,42.0,300,auto,0.0,0.0
108,COMPUTE,39.0,662.0,33.0,38.0,43.0,300,auto,0.0,0.0
109,COMPUTE,213.0,900.0,34.0,47.0,48.0,1502,auto,92.0,44.0
110,COMPUTE,310.0,893.0,33.0,41.0,44.0,1472,auto,94.0,50.0
111,COMPUTE,296.0,893.0,32.0,36.0,42.0,1502,auto,92.0,43.0
112,COMPUTE,39.0,937.0,32.0,37.0,41.0,300,auto,0.0,27.0
113,COMPUTE,39.0,881.0,32.0,37.0,41.0,300,auto,0.0,0.0
114,COMPUTE,39.0,918.0,32.0,37.0,41.0,300,auto,0.0,0.0
115,COMPUTE,39.0,668.0,33.0,38.0,42.0,300,auto,0.0,0.0
116,COMPUTE,39.0,662.0,33.0,38.0,42.0,300,auto,0.0,0.0
117,COMPUTE,39.0,662.0,34.0,39.0,43.0,300,auto,0.0,0.0
118,COMPUTE,39.0,675.0,34.0,41.0,44.0,300,auto,0.0,0.0
119,COMPUTE,39.0,668.0,34.0,43.0,46.0,300,auto,0.0,0.0
120,COMPUTE,40.0,662.0,34.0,47.0,49.0,300,auto,14.0,4.0
121,COMPUTE,277.0,893.0,35.0,47.0,48.0,1472,auto,100.0,40.0
122,COMPUTE,39.0,925.0,33.0,38.0,42.0,300,auto,0.0,0.0
123,COMPUTE,39.0,668.0,34.0,38.0,42.0,300,auto,0.0,0.0
124,COMPUTE,56.0,662.0,34.0,39.0,43.0,1502,auto,6.0,0.0
125,COMPUTE,39.0,662.0,34.0,40.0,44.0,300,auto,0.0,0.0
126,COMPUTE,39.0,668.0,35.0,42.0,45.0,300,auto,0.0,0.0
127,COMPUTE,39.0,662.0,35.0,45.0,46.0,300,auto,0.0,0.0
128,COMPUTE,358.0,662.0,35.0,47.0,49.0,1430,auto,100.0,43.0
129,COMPUTE,255.0,662.0,35.0,47.0,48.0,1430,auto,100.0,53.0
130,COMPUTE,264.0,900.0,35.0,46.0,48.0,1502,auto,100.0,33.0
131,COMPUTE,256.0,906.0,34.0,45.0,46.0,1472,auto,100.0,41.0
132,COMPUTE,227.0,875.0,35.0,44.0,45.0,1502,auto,87.0,46.0
133,COMPUTE,261.0,887.0,35.0,43.0,46.0,1502,auto,87.0,31.0
134,COMPUTE,320.0,912.0,34.0,41.0,44.0,1502,auto,95.0,28.0
135,COMPUTE,318.0,906.0,33.0,37.0,42.0,1502,auto,92.0,29.0
136,COMPUTE,255.0,881.0,36.0,49.0,50.0,1472,auto,100.0,35.0
137,COMPUTE,39.0,862.0,34.0,39.0,43.0,300,auto,0.0,0.0
138,COMPUTE,39.0,906.0,34.0,39.0,43.0,300,auto,0.0,0.0
139,COMPUTE,39.0,662.0,34.0,38.0,42.0,300,auto,0.0,0.0
140,COMPUTE,39.0,662.0,34.0,40.0,44.0,300,auto,0.0,0.0
141,COMPUTE,39.0,662.0,35.0,40.0,44.0,300,auto,0.0,0.0
142,COMPUTE,310.0,906.0,36.0,48.0,49.0,1472,auto,85.0,24.0
143,COMPUTE,249.0,875.0,34.0,39.0,44.0,1502,auto,93.0,37.0
144,COMPUTE,39.0,912.0,34.0,38.0,42.0,300,auto,0.0,0.0
145,COMPUTE,39.0,887.0,34.0,38.0,42.0,300,auto,0.0,0.0
146,COMPUTE,39.0,906.0,33.0,38.0,43.0,300,auto,0.0,0.0
147,COMPUTE,39.0,668.0,34.0,39.0,42.0,300,auto,0.0,0.0
148,COMPUTE,39.0,668.0,34.0,40.0,42.0,300,auto,0.0,0.0
149,COMPUTE,39.0,668.0,34.0,40.0,44.0,300,auto,0.0,0.0
150,COMPUTE,39.0,662.0,35.0,41.0,43.0,300,auto,0.0,0.0
151,COMPUTE,39.0,662.0,35.0,42.0,45.0,300,auto,0.0,0.0
152,COMPUTE,39.0,668.0,36.0,47.0,47.0,300,auto,0.0,0.0
153,COMPUTE,295.0,662.0,36.0,48.0,50.0,1472,auto,100.0,44.0
154,COMPUTE,282.0,662.0,36.0,48.0,49.0,1430,auto,100.0,41.0
155,COMPUTE,278.0,881.0,35.0,47.0,49.0,1472,auto,100.0,45.0
156,COMPUTE,259.0,887.0,35.0,46.0,46.0,1472,auto,99.0,50.0
157,COMPUTE,208.0,893.0,35.0,45.0,47.0,1502,auto,90.0,43.0
158,COMPUTE,296.0,875.0,35.0,43.0,45.0,1472,auto,96.0,33.0
159,COMPUTE,301.0,893.0,34.0,40.0,44.0,1472,auto,93.0,33.0
160,COMPUTE,312.0,906.0,33.0,38.0,43.0,1502,auto,83.0,45.0
161,COMPUTE,39.0,912.0,33.0,38.0,42.0,300,auto,0.0,0.0
162,COMPUTE,39.0,893.0,34.0,38.0,43.0,300,auto,0.0,0.0
163,COMPUTE,39.0,906.0,34.0,38.0,43.0,300,auto,0.0,0.0
164,COMPUTE,39.0,662.0,34.0,38.0,42.0,300,auto,0.0,0.0
165,COMPUTE,39.0,662.0,35.0,40.0,44.0,300,auto,0.0,0.0
166,COMPUTE,39.0,668.0,35.0,40.0,44.0,300,auto,0.0,0.0
167,COMPUTE,219.0,881.0,37.0,49.0,50.0,1502,auto,89.0,27.0
168,COMPUTE,279.0,887.0,35.0,43.0,46.0,1502,auto,91.0,31.0
169,COMPUTE,204.0,893.0,34.0,40.0,44.0,1502,auto,85.0,42.0
170,COMPUTE,53.0,893.0,34.0,39.0,42.0,300,auto,28.0,7.0
171,COMPUTE,39.0,881.0,34.0,39.0,43.0,300,auto,0.0,0.0
172,COMPUTE,39.0,912.0,35.0,38.0,43.0,300,auto,0.0,0.0
173,COMPUTE,39.0,668.0,35.0,39.0,43.0,300,auto,0.0,0.0
174,COMPUTE,39.0,668.0,35.0,40.0,44.0,300,auto,0.0,0.0
175,COMPUTE,281.0,881.0,37.0,49.0,50.0,1472,auto,90.0,25.0
176,COMPUTE,309.0,887.0,35.0,45.0,46.0,1472,auto,96.0,35.0
177,COMPUTE,284.0,912.0,34.0,41.0,44.0,1502,auto,89.0,22.0
178,COMPUTE,161.0,893.0,34.0,39.0,43.0,1502,auto,73.0,43.0
179,COMPUTE,39.0,893.0,35.0,39.0,43.0,300,auto,0.0,0.0
180,COMPUTE,39.0,893.0,34.0,39.0,42.0,300,auto,0.0,0.0
181,COMPUTE,311.0,662.0,37.0,51.0,51.0,1472,auto,100.0,46.0
182,COMPUTE,262.0,856.0,36.0,48.0,49.0,1430,auto,100.0,33.0
183,COMPUTE,243.0,887.0,36.0,46.0,48.0,1472,auto,99.0,38.0
184,COMPUTE,307.0,868.0,36.0,45.0,46.0,1472,auto,92.0,24.0
185,COMPUTE,290.0,893.0,35.0,43.0,45.0,1502,auto,89.0,35.0
186,COMPUTE,209.0,937.0,34.0,41.0,45.0,1502,auto,93.0,35.0
187,COMPUTE,216.0,662.0,38.0,52.0,51.0,1502,auto,86.0,17.0
188,COMPUTE,277.0,662.0,37.0,49.0,51.0,1430,auto,100.0,51.0
189,COMPUTE,361.0,668.0,37.0,48.0,49.0,1430,auto,100.0,40.0
190,COMPUTE,332.0,875.0,36.0,47.0,48.0,1430,auto,100.0,40.0
191,COMPUTE,310.0,900.0,36.0,46.0,47.0,1472,auto,99.0,45.0
192,COMPUTE,302.0,893.0,36.0,46.0,47.0,1472,auto,93.0,48.0
193,COMPUTE,204.0,893.0,35.0,43.0,47.0,1502,auto,86.0,42.0
194,COMPUTE,323.0,906.0,35.0,41.0,43.0,1472,auto,93.0,49.0
195,COMPUTE,262.0,906.0,34.0,39.0,42.0,1502,auto,71.0,26.0
196,COMPUTE,39.0,893.0,34.0,39.0,43.0,300,auto,0.0,0.0
197,COMPUTE,39.0,918.0,35.0,39.0,43.0,300,auto,0.0,0.0
198,COMPUTE,39.0,662.0,35.0,39.0,44.0,300,auto,0.0,0.0
199,COMPUTE,39.0,662.0,34.0,37.0,41.0,300,auto,0.0,0.0
200,COMPUTE,39.0,668.0,33.0,37.0,41.0,300,auto,0.0,0.0
201,COMPUTE,39.0,668.0,32.0,36.0,40.0,300,auto,0.0,0.0
202,COMPUTE,39.0,662.0,32.0,36.0,40.0,300,auto,0.0,0.0
203,COMPUTE,238.0,893.0,32.0,38.0,43.0,1502,auto,88.0,27.0
204,COMPUTE,298.0,925.0,36.0,48.0,48.0,1502,auto,89.0,38.0
205,COMPUTE,228.0,906.0,37.0,51.0,48.0,1502,auto,80.0,35.0
206,COMPUTE,193.0,912.0,37.0,51.0,49.0,1502,auto,88.0,30.0
207,COMPUTE,259.0,906.0,37.0,52.0,49.0,1502,auto,84.0,35.0
208,COMPUTE,263.0,893.0,38.0,51.0,50.0,1502,auto,81.0,24.0
209,COMPUTE,321.0,906.0,38.0,52.0,50.0,1472,auto,93.0,30.0
210,COMPUTE,277.0,906.0,38.0,52.0,50.0,1502,auto,87.0,32.0
211,COMPUTE,262.0,912.0,38.0,53.0,50.0,1502,auto,92.0,37.0
212,COMPUTE,290.0,931.0,39.0,53.0,51.0,1502,auto,87.0,36.0
213,COMPUTE,286.0,906.0,39.0,54.0,51.0,1472,auto,90.0,26.0
214,COMPUTE,318.0,925.0,39.0,53.0,51.0,1472,auto,93.0,38.0
215,COMPUTE,257.0,893.0,39.0,53.0,51.0,1502,auto,88.0,23.0
216,COMPUTE,319.0,906.0,39.0,53.0,51.0,1472,auto,94.0,38.0
217,COMPUTE,192.0,912.0,40.0,54.0,51.0,1502,auto,85.0,37.0
218,COMPUTE,252.0,906.0,40.0,54.0,52.0,1502,auto,87.0,24.0
219,COMPUTE,233.0,900.0,40.0,54.0,52.0,1502,auto,67.0,13.0
220,COMPUTE,240.0,906.0,40.0,54.0,52.0,1502,auto,85.0,27.0
221,COMPUTE,256.0,906.0,40.0,54.0,52.0,1502,auto,86.0,24.0
222,COMPUTE,263.0,900.0,41.0,54.0,52.0,1502,auto,90.0,27.0
223,COMPUTE,337.0,906.0,40.0,55.0,52.0,1472,auto,91.0,29.0
224,COMPUTE,233.0,887.0,41.0,54.0,52.0,1502,auto,84.0,34.0
225,COMPUTE,275.0,912.0,41.0,55.0,52.0,1502,auto,84.0,43.0
226,COMPUTE,281.0,881.0,41.0,55.0,52.0,1472,auto,92.0,21.0
227,COMPUTE,204.0,925.0,42.0,55.0,53.0,1502,auto,85.0,31.0
228,COMPUTE,278.0,875.0,42.0,55.0,53.0,1502,auto,89.0,37.0
229,COMPUTE,239.0,906.0,39.0,47.0,50.0,1502,auto,86.0,32.0
230,COMPUTE,65.0,900.0,38.0,43.0,46.0,1502,auto,34.0,11.0
231,COMPUTE,39.0,887.0,38.0,42.0,45.0,300,auto,0.0,0.0
232,COMPUTE,39.0,931.0,38.0,42.0,45.0,300,auto,0.0,0.0
233,COMPUTE,39.0,662.0,38.0,43.0,47.0,300,auto,0.0,0.0
234,COMPUTE,39.0,662.0,38.0,43.0,46.0,300,auto,0.0,0.0
235,COMPUTE,40.0,662.0,39.0,45.0,47.0,300,auto,0.0,0.0
236,COMPUTE,40.0,931.0,39.0,46.0,49.0,300,auto,0.0,0.0
237,COMPUTE,41.0,668.0,40.0,52.0,51.0,300,auto,0.0,0.0
238,COMPUTE,258.0,887.0,40.0,52.0,52.0,1472,auto,100.0,48.0
239,COMPUTE,39.0,925.0,38.0,43.0,46.0,300,auto,0.0,0.0
240,COMPUTE,39.0,668.0,38.0,43.0,46.0,300,auto,0.0,0.0
241,COMPUTE,278.0,887.0,40.0,53.0,53.0,1502,auto,99.0,53.0
242,COMPUTE,312.0,893.0,38.0,47.0,50.0,1472,auto,96.0,26.0
243,COMPUTE,39.0,662.0,40.0,49.0,50.0,300,auto,0.0,0.0
244,COMPUTE,42.0,662.0,40.0,52.0,52.0,300,auto,6.0,0.0
245,COMPUTE,288.0,668.0,40.0,51.0,53.0,1472,auto,100.0,39.0
246,COMPUTE,260.0,900.0,39.0,51.0,52.0,1502,auto,100.0,33.0
247,COMPUTE,39.0,662.0,38.0,43.0,46.0,300,auto,0.0,0.0
248,COMPUTE,39.0,662.0,38.0,43.0,47.0,300,auto,0.0,0.0
249,COMPUTE,39.0,662.0,38.0,44.0,46.0,300,auto,0.0,0.0
250,COMPUTE,261.0,906.0,40.0,52.0,51.0,1502,auto,89.0,43.0
251,COMPUTE,243.0,893.0,37.0,43.0,46.0,1502,auto,87.0,42.0
252,COMPUTE,39.0,925.0,37.0,41.0,45.0,300,auto,0.0,0.0
253,COMPUTE,240.0,912.0,40.0,53.0,53.0,1502,auto,100.0,30.0
254,COMPUTE,39.0,662.0,38.0,43.0,47.0,300,auto,0.0,0.0
255,COMPUTE,68.0,668.0,38.0,43.0,47.0,1502,auto,4.0,0.0
256,COMPUTE,39.0,668.0,38.0,43.0,47.0,300,auto,0.0,0.0
257,COMPUTE,40.0,668.0,38.0,45.0,48.0,300,auto,0.0,0.0
258,COMPUTE,41.0,668.0,39.0,48.0,50.0,300,auto,0.0,0.0
259,COMPUTE,283.0,662.0,39.0,52.0,51.0,1430,auto,100.0,55.0
260,COMPUTE,262.0,662.0,39.0,51.0,51.0,1472,auto,100.0,53.0
261,COMPUTE,303.0,881.0,39.0,50.0,50.0,1472,auto,100.0,39.0
262,COMPUTE,270.0,875.0,38.0,49.0,49.0,1472,auto,99.0,40.0
263,COMPUTE,252.0,893.0,38.0,47.0,48.0,1502,auto,87.0,42.0
264,COMPUTE,231.0,900.0,37.0,44.0,47.0,1502,auto,85.0,47.0
265,COMPUTE,188.0,906.0,36.0,43.0,46.0,1502,auto,68.0,23.0
266,COMPUTE,249.0,662.0,39.0,53.0,53.0,1472,auto,100.0,43.0
267,COMPUTE,246.0,893.0,39.0,51.0,51.0,1472,auto,100.0,51.0
268,COMPUTE,39.0,662.0,37.0,42.0,45.0,300,auto,0.0,0.0
269,COMPUTE,39.0,662.0,37.0,42.0,45.0,300,auto,0.0,0.0
270,COMPUTE,39.0,662.0,38.0,42.0,46.0,300,auto,0.0,0.0
271,COMPUTE,320.0,881.0,40.0,52.0,52.0,1472,auto,91.0,41.0
272,COMPUTE,319.0,925.0,38.0,45.0,48.0,1472,auto,92.0,47.0
273,COMPUTE,211.0,912.0,36.0,42.0,45.0,1502,auto,88.0,35.0
274,COMPUTE,252.0,662.0,40.0,53.0,53.0,1430,auto,100.0,57.0
275,COMPUTE,279.0,906.0,39.0,51.0,52.0,1472,auto,100.0,45.0
276,COMPUTE,295.0,893.0,40.0,54.0,54.0,1430,auto,100.0,50.0
277,COMPUTE,371.0,868.0,40.0,54.0,53.0,1430,auto,99.0,41.0
278,COMPUTE,323.0,912.0,39.0,50.0,50.0,1472,auto,97.0,28.0
279,COMPUTE,40.0,668.0,39.0,46.0,49.0,300,auto,0.0,0.0
280,COMPUTE,40.0,662.0,39.0,48.0,50.0,300,auto,0.0,0.0
281,COMPUTE,121.0,668.0,39.0,52.0,53.0,1502,auto,58.0,15.0
282,COMPUTE,346.0,662.0,39.0,51.0,52.0,1430,auto,100.0,42.0
283,COMPUTE,288.0,906.0,39.0,50.0,51.0,1472,auto,100.0,37.0
284,COMPUTE,245.0,850.0,40.0,53.0,53.0,1472,auto,100.0,50.0
285,COMPUTE,271.0,893.0,39.0,49.0,50.0,1502,auto,99.0,43.0
286,COMPUTE,40.0,675.0,39.0,44.0,47.0,300,auto,0.0,0.0
287,COMPUTE,39.0,925.0,39.0,46.0,48.0,300,auto,0.0,0.0
288,COMPUTE,42.0,668.0,39.0,49.0,51.0,300,auto,0.0,0.0
289,COMPUTE,284.0,662.0,39.0,51.0,52.0,1472,auto,100.0,51.0
290,COMPUTE,299.0,668.0,39.0,51.0,52.0,1472,auto,100.0,53.0
291,COMPUTE,327.0,893.0,39.0,50.0,51.0,1430,auto,100.0,41.0
292,COMPUTE,254.0,875.0,38.0,50.0,51.0,1472,auto,100.0,42.0
293,COMPUTE,124.0,875.0,38.0,48.0,50.0,1502,auto,79.0,26.0
294,COMPUTE,340.0,868.0,38.0,47.0,49.0,1472,auto,93.0,28.0
295,COMPUTE,313.0,875.0,37.0,43.0,47.0,1472,auto,96.0,34.0
296,COMPUTE,43.0,668.0,40.0,53.0,53.0,300,auto,5.0,1.0
297,COMPUTE,327.0,893.0,39.0,51.0,52.0,1472,auto,100.0,56.0
298,COMPUTE,290.0,893.0,39.0,53.0,53.0,1430,auto,100.0,30.0
299,COMPUTE,39.0,662.0,38.0,43.0,46.0,300,auto,0.0,0.0
300,COMPUTE,267.0,862.0,40.0,53.0,52.0,1472,auto,90.0,31.0
301,COMPUTE,224.0,875.0,38.0,47.0,50.0,1502,auto,88.0,30.0
302,COMPUTE,250.0,912.0,38.0,45.0,48.0,1502,auto,88.0,29.0
303,COMPUTE,308.0,875.0,37.0,42.0,45.0,1502,auto,86.0,48.0
304,COMPUTE,39.0,912.0,37.0,41.0,45.0,300,auto,0.0,0.0
305,COMPUTE,39.0,925.0,37.0,41.0,45.0,300,auto,0.0,0.0
306,COMPUTE,281.0,893.0,40.0,53.0,52.0,1472,auto,100.0,34.0
307,COMPUTE,292.0,881.0,40.0,54.0,54.0,1472,auto,99.0,31.0
308,COMPUTE,201.0,875.0,39.0,49.0,50.0,1502,auto,90.0,45.0
309,COMPUTE,275.0,856.0,38.0,46.0,49.0,1472,auto,88.0,27.0
310,COMPUTE,268.0,906.0,37.0,45.0,48.0,1502,auto,88.0,40.0
311,COMPUTE,43.0,668.0,40.0,53.0,54.0,300,auto,3.0,0.0
312,COMPUTE,318.0,912.0,39.0,51.0,52.0,1430,auto,100.0,37.0
313,COMPUTE,295.0,662.0,40.0,54.0,54.0,1430,auto,100.0,51.0
314,COMPUTE,252.0,875.0,40.0,51.0,52.0,1472,auto,100.0,34.0
315,COMPUTE,40.0,662.0,38.0,43.0,47.0,300,auto,1.0,0.0
316,COMPUTE,39.0,668.0,38.0,44.0,48.0,300,auto,0.0,0.0
317,COMPUTE,304.0,912.0,39.0,52.0,51.0,1472,auto,96.0,38.0
318,COMPUTE,41.0,668.0,40.0,53.0,52.0,300,auto,0.0,0.0
319,COMPUTE,279.0,662.0,40.0,52.0,53.0,1472,auto,100.0,42.0
320,COMPUTE,244.0,668.0,39.0,51.0,52.0,1472,auto,100.0,42.0
321,COMPUTE,290.0,893.0,39.0,50.0,51.0,1472,auto,100.0,57.0
322,COMPUTE,249.0,875.0,39.0,50.0,51.0,1472,auto,99.0,34.0
323,COMPUTE,304.0,893.0,39.0,48.0,49.0,1472,auto,92.0,52.0
324,COMPUTE,306.0,862.0,38.0,46.0,49.0,1472,auto,94.0,27.0
325,COMPUTE,321.0,893.0,37.0,43.0,47.0,1472,auto,96.0,32.0
326,COMPUTE,42.0,662.0,40.0,53.0,54.0,300,auto,11.0,1.0
327,COMPUTE,278.0,906.0,40.0,51.0,52.0,1430,auto,100.0,50.0
328,COMPUTE,39.0,925.0,37.0,42.0,45.0,300,auto,0.0,0.0
329,COMPUTE,39.0,662.0,38.0,42.0,45.0,300,auto,0.0,0.0
330,COMPUTE,314.0,893.0,39.0,52.0,52.0,1472,auto,94.0,33.0
331,COMPUTE,39.0,668.0,39.0,45.0,49.0,300,auto,0.0,0.0
332,COMPUTE,307.0,918.0,40.0,52.0,52.0,1472,auto,98.0,51.0
333,COMPUTE,44.0,668.0,40.0,54.0,54.0,300,auto,0.0,0.0
334,COMPUTE,294.0,912.0,40.0,52.0,53.0,1472,auto,100.0,43.0
335,COMPUTE,39.0,887.0,38.0,43.0,46.0,300,auto,0.0,0.0
336,COMPUTE,39.0,668.0,38.0,43.0,46.0,300,auto,0.0,0.0
337,COMPUTE,328.0,893.0,40.0,53.0,52.0,1430,auto,99.0,39.0
338,COMPUTE,268.0,906.0,39.0,48.0,49.0,1502,auto,91.0,26.0
339,COMPUTE,312.0,893.0,38.0,46.0,48.0,1472,auto,97.0,47.0
340,COMPUTE,40.0,662.0,39.0,50.0,51.0,300,auto,0.0,0.0
341,COMPUTE,286.0,906.0,39.0,50.0,50.0,1472,auto,89.0,33.0
342,COMPUTE,208.0,912.0,40.0,53.0,52.0,1502,auto,85.0,34.0
343,COMPUTE,322.0,912.0,40.0,54.0,52.0,1472,auto,91.0,39.0
344,COMPUTE,308.0,912.0,40.0,54.0,52.0,1472,auto,92.0,40.0
345,COMPUTE,339.0,906.0,41.0,55.0,52.0,1472,auto,90.0,29.0
346,COMPUTE,244.0,900.0,41.0,55.0,53.0,1502,auto,88.0,25.0
347,COMPUTE,228.0,868.0,41.0,55.0,53.0,1502,auto,80.0,22.0
348,COMPUTE,286.0,893.0,41.0,55.0,53.0,1472,auto,91.0,43.0
349,COMPUTE,322.0,906.0,41.0,55.0,54.0,1472,auto,94.0,30.0
350,COMPUTE,335.0,906.0,41.0,56.0,54.0,1472,auto,92.0,27.0
351,COMPUTE,308.0,912.0,42.0,56.0,53.0,1472,auto,94.0,33.0
352,COMPUTE,340.0,868.0,42.0,56.0,54.0,1472,auto,92.0,28.0
353,COMPUTE,277.0,893.0,42.0,57.0,53.0,1502,auto,89.0,44.0
354,COMPUTE,97.0,875.0,42.0,56.0,54.0,1502,auto,56.0,5.0
355,COMPUTE,254.0,906.0,42.0,56.0,54.0,1502,auto,83.0,36.0
356,COMPUTE,289.0,906.0,42.0,56.0,54.0,1472,auto,94.0,37.0
357,COMPUTE,340.0,875.0,43.0,56.0,55.0,1472,auto,94.0,31.0
358,COMPUTE,277.0,906.0,42.0,56.0,54.0,1472,auto,89.0,27.0
359,COMPUTE,309.0,925.0,43.0,57.0,54.0,1472,auto,89.0,25.0
360,COMPUTE,273.0,912.0,42.0,56.0,54.0,1502,auto,89.0,37.0
361,COMPUTE,328.0,906.0,43.0,56.0,54.0,1472,auto,95.0,34.0
362,COMPUTE,338.0,906.0,43.0,57.0,54.0,1472,auto,90.0,29.0
363,COMPUTE,318.0,881.0,43.0,57.0,55.0,1472,auto,91.0,27.0
364,COMPUTE,276.0,893.0,44.0,58.0,54.0,1472,auto,92.0,33.0
365,COMPUTE,237.0,912.0,43.0,57.0,54.0,1502,auto,90.0,25.0
366,COMPUTE,312.0,925.0,43.0,57.0,54.0,1472,auto,89.0,34.0
367,COMPUTE,266.0,881.0,43.0,55.0,55.0,1472,auto,100.0,48.0
368,COMPUTE,40.0,925.0,41.0,45.0,48.0,300,auto,0.0,0.0
369,COMPUTE,356.0,893.0,43.0,56.0,56.0,1430,auto,100.0,37.0
370,COMPUTE,294.0,843.0,43.0,57.0,56.0,1502,auto,99.0,56.0
371,COMPUTE,243.0,893.0,42.0,52.0,53.0,1502,auto,93.0,46.0
372,COMPUTE,42.0,662.0,42.0,49.0,52.0,300,auto,0.0,0.0
373,COMPUTE,43.0,662.0,42.0,51.0,52.0,300,auto,0.0,0.0
374,COMPUTE,282.0,875.0,42.0,54.0,55.0,1430,auto,100.0,53.0
375,COMPUTE,39.0,906.0,40.0,44.0,48.0,300,auto,0.0,0.0
376,COMPUTE,309.0,668.0,42.0,56.0,56.0,1430,auto,100.0,41.0
377,COMPUTE,266.0,875.0,42.0,53.0,54.0,1472,auto,100.0,35.0
378,COMPUTE,267.0,862.0,41.0,51.0,52.0,1502,auto,99.0,48.0
379,COMPUTE,191.0,843.0,41.0,50.0,52.0,1502,auto,77.0,26.0
380,COMPUTE,44.0,668.0,42.0,50.0,52.0,300,auto,0.0,0.0
381,COMPUTE,44.0,668.0,42.0,54.0,54.0,300,auto,0.0,0.0
382,COMPUTE,287.0,662.0,42.0,54.0,54.0,1472,auto,100.0,44.0
383,COMPUTE,309.0,925.0,41.0,53.0,54.0,1430,auto,100.0,40.0
384,COMPUTE,286.0,881.0,42.0,56.0,55.0,1472,auto,100.0,57.0
385,COMPUTE,268.0,875.0,42.0,52.0,53.0,1430,auto,100.0,40.0
386,COMPUTE,262.0,893.0,41.0,51.0,51.0,1502,auto,86.0,27.0
387,COMPUTE,308.0,887.0,42.0,55.0,55.0,1472,auto,91.0,41.0
388,COMPUTE,325.0,912.0,43.0,55.0,56.0,1472,auto,94.0,43.0
389,COMPUTE,309.0,893.0,40.0,44.0,49.0,1502,auto,88.0,39.0
390,COMPUTE,285.0,875.0,42.0,55.0,56.0,1430,auto,100.0,42.0
391,COMPUTE,40.0,887.0,40.0,44.0,48.0,300,auto,0.0,0.0
392,COMPUTE,39.0,662.0,40.0,44.0,48.0,300,auto,0.0,0.0
393,COMPUTE,283.0,887.0,43.0,55.0,55.0,1472,auto,100.0,42.0
394,COMPUTE,265.0,875.0,41.0,51.0,52.0,1502,auto,97.0,39.0
395,COMPUTE,266.0,906.0,40.0,50.0,51.0,1502,auto,90.0,25.0
396,COMPUTE,208.0,937.0,42.0,55.0,55.0,1502,auto,87.0,43.0
397,COMPUTE,202.0,925.0,39.0,44.0,49.0,1502,auto,87.0,33.0
398,COMPUTE,39.0,881.0,39.0,43.0,47.0,300,auto,0.0,0.0
399,COMPUTE,40.0,893.0,39.0,43.0,47.0,300,auto,0.0,0.0
400,COMPUTE,39.0,925.0,39.0,43.0,47.0,300,auto,0.0,0.0
401,COMPUTE,371.0,893.0,42.0,54.0,55.0,1430,auto,100.0,52.0
402,COMPUTE,41.0,662.0,40.0,45.0,49.0,300,auto,0.0,0.0
403,COMPUTE,260.0,875.0,42.0,54.0,54.0,1502,auto,91.0,35.0
404,COMPUTE,41.0,662.0,41.0,50.0,51.0,300,auto,0.0,0.0
405,COMPUTE,43.0,662.0,41.0,54.0,55.0,300,auto,0.0,0.0
406,COMPUTE,305.0,668.0,41.0,53.0,54.0,1430,auto,100.0,34.0
407,COMPUTE,293.0,662.0,41.0,52.0,54.0,1472,auto,100.0,38.0
408,COMPUTE,290.0,843.0,41.0,52.0,53.0,1472,auto,100.0,38.0
409,COMPUTE,352.0,893.0,40.0,51.0,52.0,1430,auto,100.0,38.0
410,COMPUTE,233.0,893.0,42.0,55.0,53.0,1502,auto,90.0,27.0
411,COMPUTE,307.0,875.0,42.0,55.0,54.0,1472,auto,96.0,40.0
412,COMPUTE,279.0,906.0,40.0,47.0,51.0,1502,auto,89.0,30.0
413,COMPUTE,42.0,662.0,42.0,55.0,54.0,300,auto,0.0,0.0
414,COMPUTE,293.0,875.0,42.0,53.0,54.0,1472,auto,100.0,51.0
415,COMPUTE,344.0,912.0,42.0,55.0,56.0,1472,auto,100.0,50.0
416,COMPUTE,312.0,862.0,42.0,56.0,56.0,1472,auto,100.0,43.0
417,COMPUTE,283.0,900.0,41.0,52.0,53.0,1502,auto,99.0,54.0
418,COMPUTE,246.0,912.0,42.0,56.0,55.0,1502,auto,90.0,44.0
419,COMPUTE,316.0,925.0,42.0,56.0,56.0,1472,auto,97.0,37.0
420,COMPUTE,280.0,906.0,40.0,47.0,51.0,1472,auto,92.0,48.0
421,COMPUTE,315.0,912.0,39.0,43.0,47.0,1472,auto,95.0,52.0
422,COMPUTE,39.0,906.0,39.0,43.0,46.0,300,auto,0.0,0.0
423,COMPUTE,296.0,906.0,42.0,54.0,55.0,1472,auto,100.0,55.0
424,COMPUTE,331.0,887.0,42.0,56.0,55.0,1472,auto,100.0,47.0
425,COMPUTE,270.0,893.0,41.0,52.0,52.0,1472,auto,99.0,56.0
426,COMPUTE,320.0,900.0,40.0,50.0,52.0,1472,auto,93.0,29.0
427,COMPUTE,284.0,875.0,42.0,55.0,55.0,1502,auto,88.0,37.0
428,COMPUTE,304.0,893.0,40.0,46.0,50.0,1472,auto,96.0,50.0
429,COMPUTE,158.0,912.0,42.0,55.0,56.0,1502,auto,70.0,22.0
430,COMPUTE,240.0,893.0,42.0,56.0,55.0,1472,auto,100.0,47.0
431,COMPUTE,292.0,925.0,42.0,56.0,57.0,1472,auto,100.0,52.0
432,COMPUTE,39.0,668.0,41.0,45.0,49.0,300,auto,0.0,0.0
433,COMPUTE,40.0,675.0,40.0,45.0,49.0,300,auto,0.0,0.0
434,COMPUTE,285.0,887.0,42.0,55.0,55.0,1502,auto,99.0,54.0
435,COMPUTE,225.0,875.0,42.0,56.0,55.0,1502,auto,89.0,39.0
436,COMPUTE,43.0,662.0,42.0,51.0,53.0,300,auto,0.0,0.0
437,COMPUTE,249.0,893.0,42.0,55.0,55.0,1430,auto,100.0,44.0
438,COMPUTE,40.0,906.0,40.0,44.0,47.0,300,auto,0.0,0.0
439,COMPUTE,39.0,931.0,40.0,44.0,47.0,300,auto,0.0,0.0
440,COMPUTE,39.0,662.0,40.0,44.0,48.0,300,auto,0.0,0.0
441,COMPUTE,39.0,662.0,39.0,45.0,48.0,300,auto,0.0,0.0
442,COMPUTE,40.0,668.0,40.0,45.0,48.0,300,auto,0.0,0.0
443,COMPUTE,41.0,662.0,40.0,46.0,49.0,300,auto,0.0,0.0
444,COMPUTE,317.0,906.0,42.0,53.0,54.0,1472,auto,95.0,44.0
445,COMPUTE,44.0,662.0,42.0,56.0,56.0,300,auto,0.0,0.0
446,COMPUTE,356.0,893.0,41.0,54.0,55.0,1430,auto,100.0,52.0
447,COMPUTE,40.0,881.0,40.0,44.0,48.0,300,auto,0.0,0.0
448,COMPUTE,39.0,925.0,39.0,44.0,48.0,300,auto,0.0,0.0
449,COMPUTE,250.0,868.0,42.0,54.0,54.0,1472,auto,100.0,37.0
450,COMPUTE,39.0,662.0,40.0,46.0,50.0,300,auto,0.0,0.0
451,COMPUTE,207.0,893.0,42.0,54.0,54.0,1502,auto,85.0,32.0
452,COMPUTE,302.0,925.0,42.0,55.0,56.0,1472,auto,94.0,52.0
453,COMPUTE,39.0,918.0,39.0,44.0,48.0,300,auto,0.0,0.0
454,COMPUTE,351.0,918.0,42.0,55.0,55.0,1430,auto,100.0,37.0
455,COMPUTE,39.0,912.0,40.0,45.0,48.0,300,auto,0.0,0.0
456,COMPUTE,283.0,868.0,42.0,55.0,55.0,1472,auto,100.0,38.0
457,COMPUTE,254.0,875.0,41.0,51.0,53.0,1502,auto,99.0,43.0
458,COMPUTE,244.0,893.0,42.0,55.0,55.0,1472,auto,86.0,49.0
459,COMPUTE,43.0,662.0,42.0,51.0,53.0,300,auto,0.0,0.0
460,COMPUTE,190.0,668.0,42.0,54.0,55.0,1502,auto,76.0,16.0
461,COMPUTE,311.0,668.0,42.0,53.0,54.0,1430,auto,100.0,48.0
462,COMPUTE,293.0,893.0,41.0,52.0,53.0,1472,auto,100.0,46.0
463,COMPUTE,272.0,900.0,42.0,56.0,54.0,1502,auto,99.0,41.0
464,COMPUTE,228.0,893.0,42.0,55.0,54.0,1502,auto,87.0,28.0
465,COMPUTE,283.0,881.0,42.0,56.0,53.0,1502,auto,91.0,44.0
466,COMPUTE,274.0,893.0,42.0,56.0,53.0,1502,auto,87.0,29.0
467,COMPUTE,259.0,893.0,43.0,57.0,55.0,1502,auto,86.0,38.0
468,COMPUTE,271.0,893.0,43.0,56.0,54.0,1502,auto,91.0,44.0
469,COMPUTE,319.0,912.0,43.0,57.0,55.0,1472,auto,94.0,27.0
470,COMPUTE,267.0,887.0,43.0,57.0,54.0,1502,auto,88.0,28.0
471,COMPUTE,279.0,875.0,44.0,57.0,55.0,1502,auto,89.0,43.0
472,COMPUTE,282.0,906.0,43.0,57.0,54.0,1502,auto,89.0,27.0
473,COMPUTE,225.0,900.0,43.0,57.0,55.0,1502,auto,86.0,31.0
474,COMPUTE,286.0,925.0,43.0,57.0,55.0,1472,auto,91.0,37.0
475,COMPUTE,291.0,887.0,43.0,57.0,55.0,1502,auto,88.0,45.0
476,COMPUTE,60.0,906.0,44.0,57.0,55.0,1502,auto,29.0,5.0
477,COMPUTE,324.0,906.0,43.0,58.0,56.0,1472,auto,91.0,45.0
478,COMPUTE,193.0,893.0,44.0,58.0,56.0,1502,auto,85.0,36.0
479,COMPUTE,319.0,881.0,44.0,58.0,56.0,1472,auto,92.0,38.0
480,COMPUTE,168.0,893.0,44.0,58.0,56.0,1502,auto,65.0,25.0
481,COMPUTE,339.0,875.0,44.0,58.0,55.0,1472,auto,93.0,28.0
482,COMPUTE,93.0,900.0,44.0,58.0,56.0,1502,auto,55.0,7.0
483,COMPUTE,310.0,906.0,44.0,59.0,56.0,1472,auto,89.0,43.0
484,COMPUTE,322.0,906.0,44.0,59.0,56.0,1472,auto,94.0,35.0
485,COMPUTE,315.0,912.0,45.0,59.0,56.0,1472,auto,95.0,37.0
486,COMPUTE,321.0,912.0,44.0,58.0,56.0,1472,auto,88.0,28.0
487,COMPUTE,288.0,900.0,44.0,58.0,56.0,1502,auto,89.0,34.0
488,COMPUTE,286.0,925.0,44.0,59.0,56.0,1502,auto,86.0,30.0
489,COMPUTE,316.0,912.0,45.0,59.0,56.0,1472,auto,96.0,44.0
490,COMPUTE,253.0,675.0,44.0,57.0,58.0,1430,auto,100.0,54.0
491,COMPUTE,265.0,662.0,44.0,55.0,57.0,1430,auto,100.0,37.0
492,COMPUTE,302.0,875.0,43.0,54.0,56.0,1430,auto,100.0,51.0
493,COMPUTE,250.0,900.0,42.0,53.0,53.0,1502,auto,99.0,46.0
494,COMPUTE,42.0,662.0,42.0,48.0,51.0,300,auto,0.0,0.0
495,COMPUTE,43.0,662.0,42.0,49.0,52.0,300,auto,0.0,0.0
496,COMPUTE,43.0,662.0,43.0,52.0,53.0,300,auto,0.0,0.0
497,COMPUTE,283.0,675.0,43.0,55.0,56.0,1430,auto,100.0,37.0
498,COMPUTE,286.0,875.0,43.0,55.0,55.0,1430,auto,100.0,36.0
499,COMPUTE,322.0,893.0,43.0,57.0,57.0,1430,auto,100.0,51.0
500,COMPUTE,276.0,881.0,44.0,58.0,57.0,1472,auto,100.0,54.0
501,COMPUTE,284.0,875.0,43.0,53.0,54.0,1502,auto,99.0,57.0
502,COMPUTE,251.0,850.0,42.0,51.0,53.0,1502,auto,83.0,38.0
503,COMPUTE,320.0,925.0,43.0,56.0,56.0,1472,auto,93.0,41.0
504,COMPUTE,59.0,931.0,41.0,45.0,48.0,1502,auto,30.0,8.0
505,COMPUTE,40.0,906.0,41.0,45.0,48.0,300,auto,0.0,0.0
506,COMPUTE,270.0,662.0,43.0,56.0,57.0,1472,auto,100.0,39.0
507,COMPUTE,267.0,875.0,42.0,54.0,55.0,1430,auto,100.0,33.0
508,COMPUTE,289.0,868.0,42.0,52.0,52.0,1502,auto,99.0,35.0
509,COMPUTE,40.0,662.0,42.0,48.0,50.0,300,auto,0.0,0.0
510,COMPUTE,43.0,668.0,42.0,49.0,51.0,300,auto,0.0,0.0
511,COMPUTE,43.0,662.0,42.0,54.0,55.0,300,auto,0.0,0.0
512,COMPUTE,261.0,662.0,42.0,54.0,55.0,1472,auto,100.0,34.0
513,COMPUTE,270.0,893.0,42.0,54.0,55.0,1472,auto,100.0,50.0
514,COMPUTE,237.0,868.0,43.0,56.0,57.0,1472,auto,100.0,31.0
515,COMPUTE,301.0,881.0,43.0,57.0,56.0,1430,auto,99.0,41.0
516,COMPUTE,290.0,862.0,41.0,52.0,53.0,1502,auto,92.0,41.0
517,COMPUTE,310.0,875.0,43.0,56.0,56.0,1472,auto,97.0,30.0
518,COMPUTE,223.0,881.0,40.0,48.0,51.0,1502,auto,91.0,35.0
519,COMPUTE,44.0,662.0,43.0,56.0,56.0,300,auto,3.0,0.0
520,COMPUTE,326.0,881.0,42.0,54.0,56.0,1472,auto,100.0,40.0
521,COMPUTE,254.0,906.0,43.0,56.0,57.0,1472,auto,100.0,50.0
522,COMPUTE,278.0,856.0,43.0,57.0,57.0,1430,auto,100.0,43.0
523,COMPUTE,254.0,881.0,42.0,53.0,54.0,1502,auto,99.0,52.0
524,COMPUTE,232.0,875.0,43.0,56.0,56.0,1502,auto,88.0,41.0
525,COMPUTE,325.0,893.0,41.0,49.0,52.0,1472,auto,97.0,40.0
526,COMPUTE,239.0,906.0,43.0,56.0,57.0,1502,auto,83.0,36.0
527,COMPUTE,351.0,881.0,44.0,57.0,57.0,1430,auto,100.0,40.0
528,COMPUTE,293.0,900.0,43.0,57.0,58.0,1472,auto,100.0,35.0
529,COMPUTE,316.0,900.0,44.0,57.0,58.0,1472,auto,100.0,34.0
530,COMPUTE,360.0,881.0,42.0,53.0,54.0,1430,auto,99.0,45.0
531,COMPUTE,222.0,850.0,44.0,57.0,56.0,1502,auto,85.0,47.0
532,COMPUTE,273.0,893.0,44.0,57.0,57.0,1472,auto,91.0,36.0
533,COMPUTE,316.0,881.0,41.0,46.0,50.0,1472,auto,96.0,40.0
534,COMPUTE,288.0,887.0,43.0,57.0,57.0,1430,auto,100.0,51.0
535,COMPUTE,279.0,912.0,44.0,58.0,57.0,1430,auto,100.0,52.0
536,COMPUTE,296.0,875.0,44.0,58.0,57.0,1430,auto,100.0,34.0
537,COMPUTE,308.0,881.0,43.0,54.0,53.0,1472,auto,98.0,39.0
538,COMPUTE,237.0,875.0,42.0,50.0,53.0,1502,auto,85.0,26.0
539,COMPUTE,326.0,918.0,43.0,56.0,57.0,1472,auto,91.0,44.0
540,COMPUTE,44.0,662.0,44.0,57.0,57.0,300,auto,0.0,0.0
541,COMPUTE,269.0,662.0,43.0,55.0,57.0,1472,auto,100.0,41.0
542,COMPUTE,299.0,912.0,42.0,55.0,56.0,1430,auto,100.0,32.0
543,COMPUTE,40.0,675.0,41.0,46.0,50.0,300,auto,0.0,0.0
544,COMPUTE,39.0,662.0,41.0,46.0,49.0,300,auto,0.0,0.0
545,COMPUTE,306.0,881.0,43.0,56.0,55.0,1472,auto,97.0,38.0
546,COMPUTE,43.0,925.0,42.0,49.0,51.0,300,auto,0.0,0.0
547,COMPUTE,289.0,925.0,42.0,55.0,55.0,1472,auto,93.0,27.0
548,COMPUTE,279.0,906.0,40.0,44.0,48.0,1502,auto,73.0,17.0
549,COMPUTE,39.0,887.0,41.0,44.0,48.0,300,auto,0.0,0.0
550,COMPUTE,236.0,881.0,43.0,56.0,56.0,1472,auto,100.0,43.0
551,COMPUTE,269.0,875.0,43.0,57.0,56.0,1472,auto,100.0,52.0
552,COMPUTE,310.0,893.0,43.0,58.0,57.0,1472,auto,95.0,51.0
553,COMPUTE,305.0,893.0,43.0,57.0,57.0,1472,auto,97.0,53.0
554,COMPUTE,44.0,662.0,43.0,54.0,55.0,300,auto,0.0,0.0
555,COMPUTE,279.0,668.0,43.0,55.0,57.0,1430,auto,100.0,40.0
556,COMPUTE,278.0,906.0,43.0,54.0,55.0,1430,auto,100.0,51.0
557,COMPUTE,250.0,881.0,44.0,57.0,56.0,1472,auto,100.0,38.0
558,COMPUTE,40.0,662.0,42.0,46.0,49.0,300,auto,0.0,0.0
559,COMPUTE,332.0,881.0,43.0,56.0,56.0,1472,auto,94.0,46.0
560,COMPUTE,259.0,893.0,44.0,57.0,56.0,1502,auto,87.0,50.0
561,COMPUTE,320.0,893.0,44.0,57.0,57.0,1472,auto,90.0,41.0
562,COMPUTE,305.0,912.0,41.0,46.0,50.0,1472,auto,96.0,37.0
563,COMPUTE,39.0,875.0,41.0,44.0,49.0,300,auto,0.0,0.0
564,COMPUTE,39.0,893.0,41.0,44.0,49.0,300,auto,0.0,0.0
565,COMPUTE,262.0,662.0,43.0,56.0,57.0,1430,auto,100.0,47.0
566,COMPUTE,283.0,862.0,42.0,54.0,55.0,1472,auto,100.0,57.0
567,COMPUTE,279.0,893.0,42.0,52.0,53.0,1502,auto,99.0,53.0
568,COMPUTE,224.0,906.0,41.0,49.0,52.0,1502,auto,89.0,34.0
569,COMPUTE,42.0,668.0,42.0,52.0,53.0,300,auto,0.0,0.0
570,COMPUTE,253.0,893.0,43.0,55.0,55.0,1472,auto,100.0,54.0
571,COMPUTE,299.0,906.0,43.0,57.0,57.0,1430,auto,100.0,38.0
572,COMPUTE,275.0,662.0,43.0,57.0,57.0,1472,auto,100.0,46.0
573,COMPUTE,267.0,881.0,42.0,54.0,55.0,1430,auto,100.0,32.0
574,COMPUTE,301.0,925.0,43.0,56.0,56.0,1472,auto,99.0,44.0
575,COMPUTE,265.0,893.0,42.0,52.0,53.0,1472,auto,91.0,51.0
576,COMPUTE,246.0,843.0,43.0,57.0,56.0,1502,auto,89.0,37.0
577,COMPUTE,44.0,662.0,43.0,53.0,54.0,300,auto,0.0,0.0
578,COMPUTE,294.0,893.0,42.0,54.0,56.0,1430,auto,100.0,40.0
579,COMPUTE,41.0,925.0,41.0,45.0,49.0,300,auto,0.0,0.0
580,COMPUTE,241.0,881.0,43.0,56.0,55.0,1430,auto,100.0,40.0
581,COMPUTE,56.0,662.0,41.0,46.0,49.0,300,auto,2.0,0.0
582,COMPUTE,41.0,662.0,41.0,46.0,49.0,300,auto,0.0,0.0
583,COMPUTE,41.0,906.0,42.0,48.0,50.0,300,auto,0.0,0.0
584,COMPUTE,248.0,906.0,43.0,56.0,55.0,1502,auto,90.0,31.0
585,COMPUTE,198.0,906.0,43.0,57.0,55.0,1502,auto,83.0,25.0
586,COMPUTE,319.0,906.0,44.0,57.0,55.0,1472,auto,94.0,32.0
587,COMPUTE,314.0,887.0,43.0,57.0,55.0,1472,auto,96.0,31.0
588,COMPUTE,290.0,893.0,43.0,58.0,55.0,1472,auto,89.0,33.0
589,COMPUTE,243.0,925.0,44.0,57.0,56.0,1502,auto,89.0,37.0
590,COMPUTE,325.0,900.0,44.0,58.0,54.0,1472,auto,94.0,38.0
591,COMPUTE,75.0,893.0,44.0,58.0,55.0,1502,auto,41.0,13.0
592,COMPUTE,337.0,893.0,44.0,58.0,56.0,1472,auto,92.0,36.0
593,COMPUTE,261.0,906.0,44.0,58.0,56.0,1502,auto,86.0,41.0
594,COMPUTE,311.0,887.0,44.0,58.0,56.0,1472,auto,92.0,34.0
595,COMPUTE,253.0,900.0,45.0,58.0,55.0,1502,auto,85.0,29.0
596,COMPUTE,281.0,925.0,44.0,59.0,57.0,1472,auto,89.0,29.0
597,COMPUTE,256.0,906.0,44.0,59.0,56.0,1502,auto,87.0,45.0
598,COMPUTE,261.0,906.0,45.0,59.0,56.0,1502,auto,88.0,46.0
599,COMPUTE,283.0,906.0,44.0,59.0,57.0,1502,auto,88.0,26.0
600,COMPUTE,277.0,887.0,45.0,59.0,55.0,1502,auto,85.0,27.0
601,COMPUTE,253.0,912.0,45.0,59.0,56.0,1502,auto,85.0,27.0
602,COMPUTE,341.0,912.0,45.0,59.0,57.0,1472,auto,92.0,29.0
603,COMPUTE,275.0,912.0,45.0,59.0,57.0,1472,auto,93.0,39.0
604,COMPUTE,206.0,906.0,45.0,59.0,57.0,1502,auto,89.0,35.0
605,COMPUTE,312.0,937.0,45.0,59.0,57.0,1472,auto,95.0,23.0
606,COMPUTE,317.0,893.0,45.0,59.0,56.0,1472,auto,95.0,32.0
607,COMPUTE,323.0,925.0,45.0,59.0,56.0,1430,auto,96.0,28.0
608,COMPUTE,242.0,906.0,45.0,60.0,55.0,1502,auto,91.0,35.0
609,COMPUTE,302.0,893.0,44.0,55.0,54.0,1472,auto,88.0,28.0
610,COMPUTE,328.0,906.0,45.0,58.0,58.0,1472,auto,93.0,41.0
611,COMPUTE,225.0,925.0,46.0,59.0,58.0,1502,auto,69.0,22.0
612,COMPUTE,41.0,906.0,42.0,47.0,51.0,300,auto,0.0,0.0
613,COMPUTE,265.0,931.0,45.0,58.0,59.0,1472,auto,100.0,44.0
614,COMPUTE,41.0,662.0,43.0,48.0,51.0,300,auto,0.0,0.0
615,COMPUTE,299.0,887.0,45.0,58.0,57.0,1502,auto,91.0,40.0
616,COMPUTE,43.0,668.0,43.0,50.0,53.0,300,auto,0.0,0.0
617,COMPUTE,317.0,881.0,44.0,57.0,57.0,1472,auto,94.0,44.0
618,COMPUTE,327.0,906.0,45.0,58.0,58.0,1472,auto,91.0,50.0
619,COMPUTE,351.0,906.0,45.0,59.0,59.0,1430,auto,100.0,41.0
620,COMPUTE,289.0,668.0,45.0,59.0,59.0,1430,auto,100.0,36.0
621,COMPUTE,316.0,850.0,44.0,56.0,57.0,1430,auto,100.0,43.0
622,COMPUTE,41.0,662.0,43.0,48.0,52.0,300,auto,0.0,0.0
623,COMPUTE,43.0,662.0,43.0,48.0,52.0,300,auto,0.0,0.0
624,COMPUTE,44.0,925.0,43.0,49.0,52.0,300,auto,0.0,0.0
625,COMPUTE,209.0,906.0,44.0,56.0,56.0,1502,auto,87.0,45.0
626,COMPUTE,141.0,906.0,44.0,57.0,59.0,1502,auto,58.0,12.0
627,COMPUTE,260.0,662.0,45.0,59.0,59.0,1430,auto,100.0,37.0
628,COMPUTE,291.0,900.0,44.0,55.0,57.0,1472,auto,100.0,39.0
629,COMPUTE,273.0,850.0,45.0,58.0,58.0,1430,auto,100.0,49.0
630,COMPUTE,358.0,850.0,45.0,58.0,58.0,1430,auto,99.0,47.0
631,COMPUTE,236.0,887.0,45.0,59.0,58.0,1502,auto,85.0,47.0
632,COMPUTE,278.0,906.0,43.0,51.0,52.0,1472,auto,90.0,31.0
633,COMPUTE,330.0,881.0,44.0,58.0,58.0,1472,auto,93.0,35.0
634,COMPUTE,40.0,906.0,42.0,46.0,50.0,300,auto,0.0,0.0
635,COMPUTE,40.0,893.0,42.0,46.0,50.0,300,auto,0.0,0.0
636,COMPUTE,275.0,881.0,44.0,57.0,57.0,1472,auto,100.0,41.0
637,COMPUTE,298.0,875.0,43.0,54.0,55.0,1430,auto,99.0,57.0
638,COMPUTE,334.0,856.0,44.0,58.0,57.0,1472,auto,94.0,41.0
639,COMPUTE,286.0,893.0,43.0,51.0,53.0,1472,auto,94.0,30.0
640,COMPUTE,313.0,900.0,41.0,48.0,52.0,1472,auto,93.0,43.0
641,COMPUTE,264.0,912.0,44.0,58.0,58.0,1502,auto,100.0,51.0
642,COMPUTE,349.0,662.0,44.0,58.0,58.0,1430,auto,100.0,36.0
643,COMPUTE,286.0,931.0,43.0,55.0,56.0,1472,auto,100.0,39.0
644,COMPUTE,55.0,668.0,42.0,47.0,51.0,300,auto,0.0,0.0
645,COMPUTE,42.0,668.0,42.0,47.0,51.0,300,auto,0.0,0.0
646,COMPUTE,240.0,893.0,43.0,56.0,56.0,1502,auto,87.0,30.0
647,COMPUTE,261.0,887.0,42.0,49.0,52.0,1502,auto,89.0,47.0
648,COMPUTE,316.0,906.0,44.0,57.0,58.0,1502,auto,92.0,46.0
649,COMPUTE,40.0,893.0,41.0,45.0,49.0,300,auto,0.0,0.0
650,COMPUTE,292.0,906.0,44.0,57.0,57.0,1472,auto,100.0,37.0
651,COMPUTE,245.0,906.0,44.0,58.0,58.0,1502,auto,100.0,55.0
652,COMPUTE,266.0,875.0,43.0,54.0,55.0,1472,auto,99.0,47.0
653,COMPUTE,39.0,662.0,42.0,48.0,52.0,300,auto,0.0,0.0
654,COMPUTE,42.0,825.0,42.0,49.0,51.0,300,auto,0.0,0.0
655,COMPUTE,307.0,881.0,43.0,55.0,55.0,1472,auto,95.0,38.0
656,COMPUTE,44.0,662.0,44.0,57.0,58.0,300,auto,9.0,1.0
657,COMPUTE,279.0,662.0,43.0,55.0,56.0,1404,auto,100.0,44.0
658,COMPUTE,281.0,937.0,43.0,54.0,55.0,1430,auto,100.0,44.0
659,COMPUTE,39.0,668.0,41.0,46.0,50.0,300,auto,0.0,0.0
660,COMPUTE,295.0,875.0,43.0,56.0,56.0,1502,auto,99.0,50.0
661,COMPUTE,209.0,856.0,43.0,57.0,56.0,1502,auto,87.0,40.0
662,COMPUTE,43.0,706.0,43.0,51.0,53.0,300,auto,0.0,0.0
663,COMPUTE,319.0,881.0,43.0,55.0,56.0,1472,auto,98.0,34.0
664,COMPUTE,39.0,925.0,41.0,45.0,49.0,300,auto,0.0,0.0
665,COMPUTE,313.0,662.0,44.0,56.0,57.0,1404,auto,100.0,41.0
666,COMPUTE,332.0,893.0,43.0,54.0,55.0,1430,auto,100.0,47.0
667,COMPUTE,343.0,887.0,43.0,57.0,57.0,1430,auto,100.0,38.0
668,COMPUTE,239.0,875.0,44.0,58.0,57.0,1502,auto,99.0,46.0
669,COMPUTE,315.0,881.0,44.0,57.0,57.0,1472,auto,96.0,34.0
670,COMPUTE,209.0,906.0,44.0,58.0,57.0,1502,auto,90.0,42.0
671,COMPUTE,132.0,912.0,42.0,45.0,49.0,1502,auto,46.0,11.0
672,COMPUTE,313.0,662.0,44.0,57.0,58.0,1430,auto,100.0,53.0
673,COMPUTE,369.0,881.0,43.0,55.0,55.0,1430,auto,100.0,45.0
674,COMPUTE,287.0,881.0,44.0,57.0,57.0,1430,auto,100.0,38.0
675,COMPUTE,262.0,893.0,44.0,58.0,56.0,1502,auto,88.0,21.0
676,COMPUTE,43.0,662.0,43.0,51.0,53.0,300,auto,0.0,0.0
677,COMPUTE,227.0,906.0,43.0,55.0,55.0,1502,auto,91.0,31.0
678,COMPUTE,226.0,906.0,44.0,58.0,57.0,1502,auto,78.0,37.0
679,COMPUTE,268.0,893.0,44.0,58.0,58.0,1472,auto,100.0,48.0
680,COMPUTE,277.0,893.0,45.0,58.0,58.0,1472,auto,100.0,45.0
681,COMPUTE,283.0,868.0,43.0,54.0,54.0,1472,auto,100.0,38.0
682,COMPUTE,291.0,875.0,42.0,53.0,54.0,1502,auto,92.0,49.0
683,COMPUTE,43.0,662.0,42.0,49.0,52.0,300,auto,0.0,0.0
684,COMPUTE,41.0,662.0,43.0,51.0,53.0,300,auto,0.0,0.0
685,COMPUTE,301.0,925.0,43.0,56.0,56.0,1502,auto,91.0,32.0
686,COMPUTE,39.0,893.0,41.0,45.0,48.0,300,auto,0.0,0.0
687,COMPUTE,40.0,906.0,41.0,45.0,48.0,300,auto,0.0,0.0
688,COMPUTE,40.0,662.0,41.0,45.0,49.0,300,auto,0.0,0.0
689,COMPUTE,264.0,868.0,43.0,56.0,56.0,1472,auto,99.0,31.0
690,COMPUTE,40.0,662.0,42.0,47.0,51.0,300,auto,0.0,0.0
691,COMPUTE,235.0,893.0,43.0,55.0,55.0,1502,auto,86.0,28.0
692,COMPUTE,303.0,925.0,44.0,56.0,57.0,1472,auto,91.0,52.0
693,COMPUTE,334.0,875.0,44.0,58.0,58.0,1430,auto,100.0,41.0
694,COMPUTE,262.0,900.0,44.0,57.0,58.0,1430,auto,100.0,45.0
695,COMPUTE,40.0,662.0,42.0,46.0,51.0,300,auto,0.0,0.0
696,COMPUTE,39.0,662.0,41.0,46.0,50.0,300,auto,0.0,0.0
697,COMPUTE,239.0,868.0,44.0,56.0,56.0,1502,auto,92.0,40.0
698,COMPUTE,322.0,843.0,42.0,49.0,52.0,1472,auto,94.0,29.0
699,COMPUTE,39.0,893.0,41.0,44.0,48.0,300,auto,0.0,0.0
700,COMPUTE,323.0,925.0,43.0,55.0,54.0,1472,auto,89.0,31.0
701,COMPUTE,300.0,893.0,43.0,57.0,55.0,1472,auto,92.0,30.0
702,COMPUTE,276.0,912.0,43.0,57.0,56.0,1502,auto,77.0,41.0
703,COMPUTE,241.0,862.0,44.0,58.0,56.0,1502,auto,89.0,29.0
704,COMPUTE,276.0,906.0,44.0,58.0,56.0,1502,auto,89.0,36.0
705,COMPUTE,318.0,893.0,44.0,58.0,56.0,1472,auto,96.0,32.0
706,COMPUTE,309.0,925.0,44.0,58.0,56.0,1472,auto,94.0,36.0
707,COMPUTE,293.0,937.0,45.0,58.0,56.0,1502,auto,90.0,31.0
708,COMPUTE,316.0,881.0,44.0,58.0,56.0,1472,auto,97.0,33.0
709,COMPUTE,293.0,887.0,45.0,59.0,56.0,1472,auto,92.0,28.0
710,COMPUTE,151.0,893.0,45.0,59.0,56.0,1502,auto,55.0,23.0
711,COMPUTE,340.0,893.0,45.0,59.0,56.0,1472,auto,90.0,42.0
712,COMPUTE,232.0,925.0,45.0,59.0,57.0,1502,auto,84.0,31.0
713,COMPUTE,310.0,893.0,45.0,59.0,56.0,1472,auto,93.0,29.0
714,COMPUTE,239.0,881.0,45.0,59.0,56.0,1502,auto,87.0,24.0
715,COMPUTE,288.0,881.0,45.0,59.0,56.0,1502,auto,84.0,24.0
716,COMPUTE,328.0,881.0,45.0,59.0,56.0,1472,auto,89.0,25.0
717,BOOTUP DEFAULT,321.0,906.0,45.0,59.0,57.0,1472,auto,90.0,43.0
718,BOOTUP DEFAULT,320.0,906.0,45.0,59.0,57.0,1472,auto,89.0,29.0
719,BOOTUP DEFAULT,311.0,881.0,45.0,59.0,57.0,1472,auto,88.0,34.0
720,BOOTUP DEFAULT,317.0,893.0,45.0,59.0,56.0,1472,auto,94.0,37.0
721,BOOTUP DEFAULT,213.0,900.0,45.0,59.0,57.0,1502,auto,81.0,40.0
722,BOOTUP DEFAULT,302.0,887.0,46.0,59.0,56.0,1502,auto,87.0,27.0
723,BOOTUP DEFAULT,219.0,925.0,46.0,60.0,56.0,1502,auto,90.0,32.0
724,BOOTUP DEFAULT,344.0,881.0,46.0,60.0,57.0,1472,auto,92.0,25.0
725,BOOTUP DEFAULT,43.0,668.0,45.0,53.0,54.0,300,auto,0.0,0.0
726,BOOTUP DEFAULT,39.0,662.0,42.0,45.0,49.0,300,auto,0.0,0.0
727,BOOTUP DEFAULT,40.0,668.0,41.0,44.0,48.0,300,auto,0.0,0.0
728,BOOTUP DEFAULT,39.0,925.0,40.0,44.0,47.0,300,auto,0.0,0.0
