index,power_profile,power_usage,voltage,edge_temperature,junction_temperature,memory_temperature,sclk,performance,gpu_usage,memory_usage
0,BOOTUP DEFAULT,39.0,662.0,37.0,41.0,43.0,300,manual,0.0,0.0
1,BOOTUP DEFAULT,39.0,662.0,37.0,40.0,43.0,300,manual,0.0,0.0
2,BOOTUP DEFAULT,39.0,662.0,36.0,40.0,43.0,300,manual,0.0,0.0
3,BOOTUP DEFAULT,39.0,662.0,36.0,40.0,44.0,300,manual,0.0,0.0
4,BOOTUP DEFAULT,39.0,662.0,36.0,40.0,43.0,300,manual,0.0,0.0
5,BOOTUP DEFAULT,39.0,662.0,36.0,39.0,43.0,300,manual,0.0,0.0
6,BOOTUP DEFAULT,39.0,668.0,35.0,40.0,42.0,300,manual,0.0,0.0
7,BOOTUP DEFAULT,39.0,662.0,35.0,39.0,42.0,300,manual,0.0,0.0
8,BOOTUP DEFAULT,39.0,662.0,35.0,39.0,42.0,300,manual,0.0,0.0
9,BOOTUP DEFAULT,39.0,662.0,35.0,39.0,41.0,300,manual,0.0,0.0
10,BOOTUP DEFAULT,311.0,881.0,38.0,49.0,44.0,1472,manual,99.0,11.0
11,BOOTUP DEFAULT,108.0,881.0,38.0,48.0,44.0,1502,manual,36.0,5.0
12,BOOTUP DEFAULT,326.0,881.0,41.0,56.0,47.0,1472,manual,100.0,14.0
13,BOOTUP DEFAULT,284.0,906.0,40.0,56.0,47.0,1472,manual,100.0,14.0
14,BOOTUP DEFAULT,281.0,881.0,40.0,55.0,47.0,1472,manual,100.0,13.0
15,BOOTUP DEFAULT,225.0,856.0,41.0,57.0,48.0,1502,manual,100.0,11.0
16,BOOTUP DEFAULT,124.0,875.0,41.0,50.0,47.0,1502,manual,49.0,1.0
17,BOOTUP DEFAULT,309.0,881.0,40.0,52.0,47.0,1430,manual,99.0,12.0
18,BOOTUP DEFAULT,240.0,887.0,42.0,57.0,48.0,1502,manual,100.0,12.0
19,BOOTUP DEFAULT,287.0,875.0,42.0,57.0,48.0,1472,manual,100.0,10.0
20,BOOTUP DEFAULT,299.0,893.0,42.0,56.0,49.0,1472,manual,100.0,12.0
21,BOOTUP DEFAULT,314.0,881.0,42.0,57.0,49.0,1472,manual,100.0,12.0
22,BOOTUP DEFAULT,302.0,887.0,42.0,57.0,49.0,1472,manual,100.0,13.0
23,BOOTUP DEFAULT,241.0,881.0,42.0,56.0,49.0,1472,manual,100.0,9.0
24,BOOTUP DEFAULT,295.0,881.0,43.0,58.0,49.0,1472,manual,99.0,9.0
25,BOOTUP DEFAULT,275.0,881.0,42.0,58.0,49.0,1430,manual,99.0,12.0
26,BOOTUP DEFAULT,287.0,881.0,43.0,57.0,48.0,1502,manual,100.0,14.0
27,BOOTUP DEFAULT,285.0,856.0,43.0,59.0,50.0,1472,manual,100.0,14.0
28,BOOTUP DEFAULT,295.0,662.0,43.0,58.0,50.0,1472,manual,100.0,13.0
29,BOOTUP DEFAULT,264.0,881.0,43.0,58.0,50.0,1472,manual,100.0,12.0
30,BOOTUP DEFAULT,294.0,893.0,43.0,58.0,50.0,1472,manual,99.0,12.0
31,BOOTUP DEFAULT,303.0,662.0,43.0,59.0,50.0,1472,manual,99.0,10.0
32,BOOTUP DEFAULT,275.0,893.0,44.0,58.0,50.0,1472,manual,99.0,12.0
33,BOOTUP DEFAULT,285.0,887.0,43.0,59.0,49.0,1430,manual,99.0,11.0
34,BOOTUP DEFAULT,304.0,881.0,42.0,54.0,48.0,1472,manual,99.0,12.0
35,BOOTUP DEFAULT,245.0,881.0,44.0,60.0,50.0,1472,manual,99.0,13.0
36,BOOTUP DEFAULT,275.0,881.0,44.0,59.0,50.0,1472,manual,99.0,14.0
37,BOOTUP DEFAULT,266.0,881.0,44.0,60.0,51.0,1472,manual,99.0,12.0
38,BOOTUP DEFAULT,333.0,862.0,44.0,59.0,50.0,1472,manual,99.0,8.0
39,BOOTUP DEFAULT,333.0,893.0,44.0,59.0,51.0,1472,manual,99.0,13.0
40,BOOTUP DEFAULT,286.0,887.0,43.0,56.0,50.0,1472,manual,99.0,11.0
41,BOOTUP DEFAULT,283.0,881.0,44.0,60.0,51.0,1472,manual,100.0,14.0
42,BOOTUP DEFAULT,276.0,875.0,44.0,59.0,51.0,1472,manual,100.0,11.0
43,BOOTUP DEFAULT,215.0,662.0,45.0,60.0,50.0,1502,manual,100.0,10.0
44,BOOTUP DEFAULT,304.0,862.0,45.0,60.0,50.0,1472,manual,100.0,12.0
45,BOOTUP DEFAULT,245.0,881.0,45.0,60.0,50.0,1472,manual,100.0,13.0
46,BOOTUP DEFAULT,306.0,881.0,45.0,60.0,51.0,1472,manual,99.0,13.0
47,BOOTUP DEFAULT,278.0,881.0,45.0,60.0,51.0,1472,manual,100.0,12.0
48,BOOTUP DEFAULT,306.0,881.0,44.0,55.0,50.0,1430,manual,99.0,13.0
49,BOOTUP DEFAULT,278.0,668.0,45.0,60.0,51.0,1472,manual,100.0,12.0
50,BOOTUP DEFAULT,282.0,887.0,45.0,60.0,51.0,1472,manual,100.0,11.0
51,BOOTUP DEFAULT,325.0,881.0,45.0,60.0,51.0,1430,manual,100.0,12.0
52,BOOTUP DEFAULT,287.0,881.0,44.0,59.0,51.0,1472,manual,100.0,14.0
53,BOOTUP DEFAULT,272.0,881.0,45.0,60.0,52.0,1472,manual,100.0,13.0
54,BOOTUP DEFAULT,280.0,881.0,45.0,60.0,51.0,1472,manual,100.0,11.0
55,BOOTUP DEFAULT,280.0,881.0,45.0,61.0,52.0,1472,manual,100.0,12.0
56,BOOTUP DEFAULT,293.0,881.0,45.0,59.0,51.0,1430,manual,99.0,11.0
57,BOOTUP DEFAULT,288.0,900.0,46.0,61.0,52.0,1472,manual,100.0,14.0
58,BOOTUP DEFAULT,285.0,900.0,46.0,61.0,52.0,1472,manual,99.0,11.0
59,BOOTUP DEFAULT,310.0,893.0,45.0,58.0,51.0,1472,manual,99.0,11.0
60,BOOTUP DEFAULT,280.0,893.0,45.0,61.0,52.0,1472,manual,100.0,13.0
61,BOOTUP DEFAULT,285.0,862.0,45.0,60.0,51.0,1472,manual,100.0,12.0
62,BOOTUP DEFAULT,302.0,881.0,46.0,61.0,52.0,1472,manual,100.0,13.0
63,BOOTUP DEFAULT,214.0,856.0,45.0,58.0,52.0,1502,manual,100.0,12.0
64,BOOTUP DEFAULT,304.0,906.0,46.0,60.0,51.0,1430,manual,100.0,12.0
65,BOOTUP DEFAULT,308.0,856.0,46.0,61.0,51.0,1430,manual,100.0,11.0
66,BOOTUP DEFAULT,289.0,881.0,46.0,61.0,52.0,1472,manual,100.0,11.0
67,BOOTUP DEFAULT,289.0,881.0,45.0,59.0,52.0,1472,manual,100.0,12.0
68,BOOTUP DEFAULT,315.0,887.0,46.0,62.0,52.0,1472,manual,100.0,11.0
69,BOOTUP DEFAULT,304.0,912.0,45.0,60.0,52.0,1472,manual,100.0,14.0
70,BOOTUP DEFAULT,292.0,893.0,47.0,62.0,53.0,1472,manual,100.0,13.0
71,BOOTUP DEFAULT,306.0,900.0,46.0,62.0,53.0,1472,manual,100.0,9.0
72,BOOTUP DEFAULT,302.0,906.0,46.0,61.0,52.0,1430,manual,100.0,13.0
73,BOOTUP DEFAULT,276.0,881.0,46.0,62.0,52.0,1472,manual,100.0,13.0
74,BOOTUP DEFAULT,297.0,887.0,46.0,62.0,53.0,1430,manual,100.0,11.0
75,BOOTUP DEFAULT,274.0,881.0,46.0,62.0,53.0,1430,manual,100.0,13.0
76,BOOTUP DEFAULT,290.0,893.0,46.0,60.0,51.0,1472,manual,100.0,12.0
77,BOOTUP DEFAULT,282.0,881.0,47.0,62.0,53.0,1472,manual,99.0,12.0
78,BOOTUP DEFAULT,276.0,893.0,47.0,62.0,53.0,1472,manual,100.0,13.0
79,BOOTUP DEFAULT,226.0,881.0,46.0,61.0,53.0,1502,manual,100.0,9.0
80,BOOTUP DEFAULT,261.0,837.0,47.0,62.0,53.0,1472,manual,100.0,13.0
81,BOOTUP DEFAULT,268.0,881.0,47.0,62.0,53.0,1430,manual,100.0,14.0
82,BOOTUP DEFAULT,300.0,856.0,47.0,63.0,53.0,1472,manual,99.0,11.0
83,BOOTUP DEFAULT,282.0,900.0,46.0,61.0,53.0,1472,manual,100.0,14.0
84,BOOTUP DEFAULT,281.0,881.0,47.0,62.0,53.0,1472,manual,100.0,12.0
85,BOOTUP DEFAULT,272.0,893.0,47.0,62.0,53.0,1472,manual,100.0,14.0
86,BOOTUP DEFAULT,289.0,875.0,47.0,62.0,53.0,1472,manual,100.0,9.0
87,BOOTUP DEFAULT,268.0,862.0,47.0,62.0,53.0,1472,manual,100.0,13.0
88,BOOTUP DEFAULT,266.0,856.0,47.0,63.0,53.0,1430,manual,99.0,13.0
89,BOOTUP DEFAULT,288.0,856.0,47.0,62.0,53.0,1430,manual,100.0,9.0
90,BOOTUP DEFAULT,307.0,893.0,47.0,63.0,53.0,1430,manual,100.0,12.0
91,BOOTUP DEFAULT,215.0,668.0,47.0,63.0,54.0,1502,manual,100.0,9.0
92,BOOTUP DEFAULT,252.0,881.0,47.0,62.0,53.0,1472,manual,99.0,13.0
93,BOOTUP DEFAULT,311.0,893.0,46.0,58.0,53.0,1472,manual,99.0,12.0
94,BOOTUP DEFAULT,271.0,850.0,47.0,62.0,53.0,1430,manual,100.0,14.0
95,BOOTUP DEFAULT,299.0,906.0,46.0,59.0,53.0,1472,manual,100.0,10.0
96,BOOTUP DEFAULT,280.0,856.0,47.0,62.0,53.0,1472,manual,100.0,12.0
97,BOOTUP DEFAULT,301.0,856.0,47.0,63.0,53.0,1430,manual,100.0,12.0
98,BOOTUP DEFAULT,271.0,925.0,47.0,63.0,54.0,1430,manual,100.0,12.0
99,BOOTUP DEFAULT,280.0,881.0,48.0,62.0,54.0,1472,manual,99.0,12.0
100,BOOTUP DEFAULT,289.0,662.0,47.0,63.0,54.0,1472,manual,100.0,11.0
101,BOOTUP DEFAULT,306.0,856.0,47.0,63.0,53.0,1430,manual,100.0,13.0
102,BOOTUP DEFAULT,282.0,881.0,47.0,62.0,54.0,1472,manual,99.0,12.0
103,BOOTUP DEFAULT,301.0,906.0,47.0,63.0,54.0,1472,manual,100.0,14.0
104,BOOTUP DEFAULT,300.0,881.0,48.0,63.0,54.0,1430,manual,100.0,13.0
105,BOOTUP DEFAULT,293.0,875.0,47.0,60.0,53.0,1430,manual,100.0,10.0
106,BOOTUP DEFAULT,274.0,862.0,47.0,63.0,53.0,1472,manual,100.0,14.0
107,BOOTUP DEFAULT,264.0,856.0,48.0,63.0,54.0,1472,manual,100.0,10.0
108,BOOTUP DEFAULT,330.0,900.0,47.0,62.0,53.0,1430,manual,100.0,11.0
109,BOOTUP DEFAULT,301.0,893.0,48.0,63.0,54.0,1472,manual,100.0,12.0
110,BOOTUP DEFAULT,287.0,862.0,48.0,63.0,54.0,1430,manual,100.0,13.0
111,BOOTUP DEFAULT,306.0,893.0,47.0,63.0,54.0,1430,manual,100.0,13.0
112,BOOTUP DEFAULT,326.0,887.0,48.0,63.0,54.0,1430,manual,99.0,11.0
113,BOOTUP DEFAULT,290.0,918.0,48.0,63.0,53.0,1472,manual,100.0,11.0
114,BOOTUP DEFAULT,269.0,862.0,47.0,62.0,54.0,1430,manual,100.0,9.0
115,BOOTUP DEFAULT,291.0,881.0,47.0,62.0,53.0,1472,manual,100.0,11.0
116,BOOTUP DEFAULT,313.0,881.0,48.0,63.0,54.0,1430,manual,100.0,13.0
117,BOOTUP DEFAULT,290.0,881.0,48.0,63.0,54.0,1472,manual,100.0,12.0
118,BOOTUP DEFAULT,283.0,881.0,48.0,63.0,54.0,1472,manual,100.0,13.0
119,BOOTUP DEFAULT,291.0,881.0,48.0,64.0,54.0,1472,manual,100.0,8.0
120,BOOTUP DEFAULT,210.0,856.0,48.0,63.0,54.0,1502,manual,100.0,13.0
121,BOOTUP DEFAULT,232.0,881.0,48.0,63.0,54.0,1472,manual,99.0,9.0
122,BOOTUP DEFAULT,281.0,900.0,48.0,64.0,54.0,1472,manual,100.0,10.0
123,BOOTUP DEFAULT,328.0,893.0,48.0,63.0,54.0,1472,manual,99.0,12.0
124,BOOTUP DEFAULT,275.0,881.0,48.0,58.0,53.0,1472,manual,100.0,8.0
125,BOOTUP DEFAULT,215.0,881.0,48.0,63.0,54.0,1472,manual,100.0,12.0
126,BOOTUP DEFAULT,208.0,868.0,47.0,62.0,54.0,1502,manual,100.0,13.0
127,BOOTUP DEFAULT,290.0,906.0,48.0,63.0,53.0,1472,manual,100.0,10.0
128,BOOTUP DEFAULT,283.0,881.0,47.0,61.0,54.0,1472,manual,100.0,10.0
129,BOOTUP DEFAULT,295.0,881.0,48.0,63.0,54.0,1472,manual,100.0,13.0
130,BOOTUP DEFAULT,306.0,900.0,48.0,63.0,54.0,1430,manual,99.0,11.0
131,BOOTUP DEFAULT,318.0,893.0,48.0,63.0,54.0,1472,manual,100.0,14.0
132,BOOTUP DEFAULT,297.0,662.0,48.0,64.0,54.0,1472,manual,100.0,12.0
133,BOOTUP DEFAULT,294.0,893.0,48.0,63.0,54.0,1472,manual,100.0,12.0
134,BOOTUP DEFAULT,247.0,856.0,48.0,63.0,54.0,1472,manual,100.0,9.0
135,BOOTUP DEFAULT,270.0,881.0,49.0,64.0,54.0,1472,manual,100.0,10.0
136,BOOTUP DEFAULT,332.0,881.0,47.0,61.0,54.0,1472,manual,99.0,12.0
137,BOOTUP DEFAULT,336.0,893.0,48.0,64.0,54.0,1430,manual,100.0,11.0
138,BOOTUP DEFAULT,282.0,912.0,48.0,62.0,54.0,1472,manual,99.0,13.0
139,BOOTUP DEFAULT,276.0,900.0,48.0,63.0,54.0,1430,manual,100.0,12.0
140,BOOTUP DEFAULT,268.0,881.0,48.0,63.0,54.0,1472,manual,100.0,10.0
141,BOOTUP DEFAULT,269.0,881.0,48.0,63.0,54.0,1472,manual,100.0,13.0
142,BOOTUP DEFAULT,308.0,893.0,48.0,62.0,54.0,1472,manual,100.0,14.0
143,BOOTUP DEFAULT,294.0,881.0,48.0,64.0,54.0,1430,manual,100.0,12.0
144,BOOTUP DEFAULT,281.0,906.0,48.0,63.0,54.0,1472,manual,100.0,10.0
145,BOOTUP DEFAULT,304.0,881.0,48.0,63.0,54.0,1472,manual,100.0,14.0
146,BOOTUP DEFAULT,295.0,881.0,48.0,63.0,53.0,1472,manual,100.0,14.0
147,BOOTUP DEFAULT,212.0,856.0,48.0,63.0,54.0,1472,manual,99.0,12.0
148,BOOTUP DEFAULT,261.0,856.0,48.0,64.0,54.0,1472,manual,99.0,11.0
149,BOOTUP DEFAULT,299.0,662.0,49.0,64.0,54.0,1430,manual,100.0,13.0
150,BOOTUP DEFAULT,281.0,881.0,49.0,64.0,53.0,1430,manual,100.0,14.0
151,BOOTUP DEFAULT,292.0,662.0,48.0,64.0,53.0,1472,manual,100.0,13.0
152,BOOTUP DEFAULT,273.0,881.0,48.0,63.0,53.0,1430,manual,100.0,13.0
153,BOOTUP DEFAULT,276.0,862.0,49.0,64.0,53.0,1472,manual,100.0,11.0
154,BOOTUP DEFAULT,281.0,856.0,49.0,64.0,53.0,1430,manual,100.0,13.0
155,BOOTUP DEFAULT,273.0,856.0,48.0,60.0,54.0,1472,manual,100.0,8.0
156,BOOTUP DEFAULT,213.0,856.0,48.0,64.0,55.0,1502,manual,100.0,9.0
157,BOOTUP DEFAULT,237.0,868.0,48.0,63.0,54.0,1472,manual,100.0,13.0
158,BOOTUP DEFAULT,300.0,881.0,48.0,64.0,55.0,1472,manual,100.0,14.0
159,BOOTUP DEFAULT,289.0,881.0,48.0,63.0,54.0,1430,manual,100.0,14.0
160,BOOTUP DEFAULT,279.0,850.0,48.0,63.0,54.0,1430,manual,100.0,14.0
161,BOOTUP DEFAULT,290.0,893.0,48.0,62.0,54.0,1472,manual,100.0,8.0
162,BOOTUP DEFAULT,320.0,881.0,48.0,64.0,54.0,1472,manual,99.0,12.0
163,BOOTUP DEFAULT,269.0,881.0,48.0,61.0,54.0,1472,manual,99.0,13.0
164,BOOTUP DEFAULT,320.0,893.0,48.0,64.0,55.0,1472,manual,100.0,12.0
165,BOOTUP DEFAULT,286.0,881.0,48.0,57.0,53.0,1502,manual,99.0,11.0
166,BOOTUP DEFAULT,316.0,856.0,48.0,64.0,54.0,1430,manual,100.0,13.0
167,BOOTUP DEFAULT,278.0,868.0,49.0,64.0,55.0,1430,manual,100.0,9.0
168,BOOTUP DEFAULT,281.0,881.0,48.0,64.0,54.0,1472,manual,100.0,11.0
169,BOOTUP DEFAULT,338.0,881.0,49.0,64.0,54.0,1430,manual,99.0,13.0
170,BOOTUP DEFAULT,338.0,881.0,48.0,64.0,55.0,1430,manual,100.0,13.0
171,BOOTUP DEFAULT,339.0,881.0,48.0,62.0,54.0,1430,manual,100.0,13.0
172,BOOTUP DEFAULT,324.0,893.0,48.0,64.0,55.0,1472,manual,100.0,14.0
173,BOOTUP DEFAULT,340.0,881.0,49.0,64.0,54.0,1472,manual,100.0,11.0
174,BOOTUP DEFAULT,44.0,856.0,48.0,60.0,53.0,300,manual,0.0,0.0
175,BOOTUP DEFAULT,288.0,887.0,48.0,64.0,55.0,1472,manual,99.0,12.0
176,BOOTUP DEFAULT,286.0,906.0,49.0,63.0,55.0,1472,manual,100.0,12.0
177,BOOTUP DEFAULT,263.0,881.0,48.0,64.0,55.0,1472,manual,100.0,12.0
178,BOOTUP DEFAULT,309.0,912.0,48.0,64.0,55.0,1430,manual,100.0,12.0
179,BOOTUP DEFAULT,274.0,881.0,49.0,64.0,55.0,1472,manual,100.0,11.0
180,BOOTUP DEFAULT,289.0,862.0,49.0,65.0,55.0,1472,manual,100.0,8.0
181,BOOTUP DEFAULT,308.0,868.0,48.0,62.0,54.0,1472,manual,100.0,12.0
182,BOOTUP DEFAULT,273.0,893.0,49.0,64.0,55.0,1472,manual,100.0,11.0
183,BOOTUP DEFAULT,291.0,906.0,48.0,63.0,54.0,1430,manual,100.0,12.0
184,BOOTUP DEFAULT,326.0,906.0,49.0,62.0,54.0,1472,manual,98.0,11.0
185,BOOTUP DEFAULT,49.0,881.0,48.0,61.0,54.0,1502,manual,9.0,0.0
186,BOOTUP DEFAULT,305.0,881.0,47.0,59.0,54.0,1430,manual,99.0,14.0
187,BOOTUP DEFAULT,282.0,881.0,48.0,61.0,54.0,1472,manual,99.0,11.0
188,BOOTUP DEFAULT,292.0,925.0,48.0,64.0,55.0,1472,manual,100.0,13.0
189,BOOTUP DEFAULT,337.0,881.0,47.0,57.0,52.0,1472,manual,99.0,11.0
190,BOOTUP DEFAULT,265.0,893.0,48.0,64.0,55.0,1472,manual,100.0,8.0
191,BOOTUP DEFAULT,295.0,893.0,48.0,63.0,55.0,1430,manual,100.0,11.0
192,BOOTUP DEFAULT,273.0,893.0,48.0,63.0,53.0,1472,manual,100.0,11.0
193,BOOTUP DEFAULT,306.0,856.0,48.0,57.0,53.0,1472,manual,99.0,14.0
194,BOOTUP DEFAULT,335.0,856.0,49.0,64.0,54.0,1430,manual,100.0,13.0
195,BOOTUP DEFAULT,280.0,881.0,49.0,64.0,54.0,1430,manual,100.0,12.0
196,BOOTUP DEFAULT,272.0,881.0,49.0,64.0,55.0,1502,manual,100.0,12.0
197,BOOTUP DEFAULT,330.0,887.0,48.0,63.0,54.0,1430,manual,100.0,13.0
198,BOOTUP DEFAULT,315.0,868.0,49.0,64.0,55.0,1430,manual,100.0,12.0
199,BOOTUP DEFAULT,284.0,881.0,49.0,65.0,55.0,1472,manual,100.0,13.0
200,BOOTUP DEFAULT,285.0,862.0,48.0,64.0,55.0,1430,manual,100.0,9.0
201,BOOTUP DEFAULT,320.0,906.0,49.0,64.0,55.0,1430,manual,100.0,12.0
202,BOOTUP DEFAULT,333.0,881.0,49.0,64.0,55.0,1472,manual,100.0,13.0
203,BOOTUP DEFAULT,321.0,662.0,49.0,65.0,54.0,1472,manual,100.0,12.0
204,BOOTUP DEFAULT,262.0,925.0,49.0,64.0,54.0,1472,manual,99.0,11.0
205,BOOTUP DEFAULT,44.0,662.0,47.0,53.0,52.0,1502,manual,6.0,0.0
