index,power_profile,power_usage,voltage,edge_temperature,junction_temperature,memory_temperature,sclk,performance,gpu_usage,memory_usage
0,COMPUTE,36.0,662.0,24.0,28.0,31.0,300,manual,0.0,0.0
1,COMPUTE,36.0,668.0,24.0,28.0,31.0,300,manual,0.0,0.0
2,COMPUTE,36.0,662.0,23.0,28.0,31.0,300,manual,0.0,0.0
3,COMPUTE,37.0,668.0,24.0,28.0,31.0,300,manual,0.0,0.0
4,COMPUTE,36.0,662.0,24.0,28.0,32.0,300,manual,0.0,0.0
5,COMPUTE,36.0,662.0,23.0,28.0,31.0,300,manual,0.0,0.0
6,COMPUTE,35.0,662.0,24.0,28.0,31.0,300,manual,0.0,0.0
7,COMPUTE,36.0,662.0,24.0,27.0,31.0,300,manual,0.0,0.0
8,COMPUTE,36.0,662.0,23.0,28.0,31.0,300,manual,0.0,0.0
9,COMPUTE,35.0,668.0,23.0,27.0,31.0,300,manual,0.0,0.0
10,COMPUTE,35.0,662.0,23.0,28.0,31.0,300,manual,0.0,0.0
11,COMPUTE,35.0,662.0,23.0,27.0,31.0,300,manual,0.0,0.0
12,COMPUTE,37.0,662.0,23.0,27.0,31.0,300,manual,0.0,0.0
13,COMPUTE,36.0,662.0,23.0,27.0,31.0,300,manual,0.0,0.0
14,COMPUTE,36.0,662.0,23.0,27.0,31.0,300,manual,0.0,0.0
15,COMPUTE,37.0,662.0,23.0,27.0,31.0,300,manual,0.0,0.0
16,COMPUTE,35.0,918.0,23.0,27.0,32.0,300,manual,0.0,0.0
17,COMPUTE,95.0,912.0,23.0,31.0,32.0,1502,manual,83.0,1.0
18,COMPUTE,96.0,918.0,24.0,34.0,32.0,1502,manual,99.0,0.0
19,COMPUTE,94.0,918.0,24.0,34.0,32.0,1502,manual,99.0,0.0
20,COMPUTE,95.0,918.0,25.0,34.0,32.0,1502,manual,99.0,0.0
21,COMPUTE,94.0,912.0,25.0,34.0,32.0,1502,manual,98.0,0.0
22,COMPUTE,94.0,918.0,25.0,35.0,32.0,1502,manual,97.0,0.0
23,COMPUTE,95.0,912.0,25.0,35.0,32.0,1502,manual,99.0,0.0
24,COMPUTE,95.0,912.0,25.0,34.0,33.0,1502,manual,93.0,0.0
25,COMPUTE,97.0,912.0,25.0,34.0,32.0,1502,manual,92.0,1.0
26,COMPUTE,97.0,912.0,25.0,35.0,33.0,1502,manual,92.0,1.0
27,COMPUTE,37.0,918.0,25.0,33.0,33.0,300,manual,0.0,0.0
28,COMPUTE,93.0,918.0,25.0,34.0,33.0,1502,manual,99.0,0.0
29,COMPUTE,93.0,918.0,25.0,34.0,33.0,1502,manual,99.0,0.0
30,COMPUTE,93.0,912.0,25.0,35.0,33.0,1502,manual,99.0,0.0
31,COMPUTE,93.0,918.0,25.0,34.0,33.0,1502,manual,99.0,0.0
32,COMPUTE,93.0,912.0,25.0,34.0,33.0,1502,manual,99.0,0.0
33,COMPUTE,93.0,918.0,25.0,35.0,33.0,1502,manual,97.0,0.0
34,COMPUTE,93.0,918.0,25.0,35.0,33.0,1502,manual,86.0,0.0
35,COMPUTE,93.0,912.0,26.0,35.0,33.0,1502,manual,87.0,0.0
36,COMPUTE,93.0,918.0,25.0,35.0,33.0,1502,manual,85.0,0.0
37,COMPUTE,93.0,912.0,26.0,35.0,33.0,1502,manual,97.0,0.0
38,COMPUTE,93.0,918.0,25.0,35.0,33.0,1502,manual,99.0,0.0
39,COMPUTE,93.0,918.0,25.0,35.0,33.0,1502,manual,88.0,0.0
40,COMPUTE,92.0,912.0,26.0,35.0,33.0,1502,manual,86.0,0.0
41,COMPUTE,93.0,918.0,25.0,34.0,33.0,1502,manual,99.0,0.0
42,COMPUTE,93.0,918.0,25.0,35.0,33.0,1502,manual,99.0,0.0
43,COMPUTE,93.0,912.0,26.0,35.0,33.0,1502,manual,99.0,0.0
44,COMPUTE,93.0,912.0,25.0,35.0,33.0,1502,manual,99.0,0.0
45,COMPUTE,93.0,918.0,26.0,35.0,33.0,1502,manual,99.0,0.0
46,COMPUTE,93.0,912.0,26.0,35.0,33.0,1502,manual,99.0,0.0
47,COMPUTE,93.0,918.0,26.0,35.0,33.0,1502,manual,87.0,0.0
48,COMPUTE,93.0,912.0,26.0,35.0,34.0,1502,manual,99.0,0.0
49,COMPUTE,92.0,918.0,26.0,35.0,33.0,1502,manual,88.0,0.0
50,COMPUTE,93.0,912.0,26.0,35.0,33.0,1502,manual,90.0,0.0
51,COMPUTE,93.0,918.0,26.0,35.0,33.0,1502,manual,82.0,0.0
52,COMPUTE,93.0,912.0,26.0,35.0,34.0,1502,manual,99.0,0.0
53,COMPUTE,93.0,918.0,26.0,35.0,33.0,1502,manual,99.0,0.0
54,COMPUTE,93.0,912.0,26.0,35.0,34.0,1502,manual,99.0,0.0
55,COMPUTE,92.0,912.0,26.0,35.0,33.0,1502,manual,89.0,0.0
56,COMPUTE,93.0,912.0,26.0,35.0,33.0,1502,manual,86.0,0.0
57,COMPUTE,93.0,912.0,26.0,35.0,34.0,1502,manual,99.0,0.0
58,COMPUTE,93.0,918.0,26.0,36.0,33.0,1502,manual,99.0,0.0
59,COMPUTE,93.0,912.0,26.0,35.0,33.0,1502,manual,99.0,0.0
60,COMPUTE,93.0,912.0,26.0,36.0,33.0,1502,manual,99.0,0.0
61,COMPUTE,93.0,912.0,26.0,35.0,33.0,1502,manual,99.0,0.0
62,COMPUTE,93.0,918.0,26.0,35.0,33.0,1502,manual,89.0,0.0
63,COMPUTE,93.0,912.0,26.0,36.0,33.0,1502,manual,97.0,0.0
64,COMPUTE,93.0,912.0,26.0,35.0,33.0,1502,manual,99.0,0.0
65,COMPUTE,93.0,918.0,26.0,36.0,33.0,1502,manual,99.0,0.0
66,COMPUTE,93.0,918.0,26.0,36.0,33.0,1502,manual,79.0,0.0
67,COMPUTE,93.0,912.0,26.0,35.0,33.0,1502,manual,99.0,0.0
68,COMPUTE,93.0,912.0,26.0,35.0,33.0,1502,manual,99.0,0.0
69,COMPUTE,93.0,912.0,26.0,36.0,33.0,1502,manual,97.0,0.0
70,COMPUTE,93.0,912.0,26.0,35.0,33.0,1502,manual,98.0,0.0
71,COMPUTE,93.0,912.0,26.0,36.0,33.0,1502,manual,99.0,0.0
72,COMPUTE,93.0,912.0,26.0,35.0,33.0,1502,manual,99.0,0.0
73,COMPUTE,93.0,912.0,26.0,36.0,34.0,1502,manual,89.0,0.0
74,COMPUTE,93.0,912.0,26.0,36.0,33.0,1502,manual,86.0,0.0
75,COMPUTE,93.0,912.0,27.0,35.0,33.0,1502,manual,99.0,0.0
76,COMPUTE,93.0,912.0,26.0,35.0,34.0,1502,manual,99.0,0.0
77,COMPUTE,93.0,918.0,26.0,36.0,33.0,1502,manual,99.0,0.0
78,COMPUTE,93.0,912.0,26.0,36.0,33.0,1502,manual,98.0,0.0
79,COMPUTE,93.0,912.0,26.0,35.0,34.0,1502,manual,91.0,0.0
80,COMPUTE,93.0,912.0,26.0,36.0,33.0,1502,manual,89.0,0.0
81,COMPUTE,93.0,912.0,26.0,35.0,33.0,1502,manual,99.0,0.0
82,COMPUTE,93.0,918.0,26.0,36.0,34.0,1502,manual,87.0,0.0
83,COMPUTE,93.0,918.0,26.0,36.0,34.0,1502,manual,99.0,0.0
84,COMPUTE,93.0,912.0,26.0,36.0,34.0,1502,manual,99.0,0.0
85,COMPUTE,93.0,912.0,27.0,36.0,34.0,1502,manual,99.0,0.0
86,COMPUTE,38.0,675.0,26.0,34.0,34.0,300,manual,0.0,0.0
87,COMPUTE,36.0,662.0,26.0,30.0,33.0,300,manual,0.0,0.0
88,COMPUTE,40.0,668.0,26.0,30.0,33.0,300,manual,0.0,1.0
