index,power_profile,power_usage,voltage,edge_temperature,junction_temperature,memory_temperature,sclk,performance,gpu_usage,memory_usage
0,POWER SAVING,39.0,662.0,36.0,40.0,43.0,300,manual,0.0,0.0
1,POWER SAVING,39.0,662.0,35.0,39.0,43.0,300,manual,0.0,0.0
2,POWER SAVING,39.0,675.0,35.0,39.0,43.0,300,manual,0.0,0.0
3,POWER SAVING,38.0,668.0,35.0,39.0,43.0,300,manual,0.0,0.0
4,POWER SAVING,39.0,662.0,35.0,38.0,42.0,300,manual,0.0,0.0
5,POWER SAVING,39.0,662.0,35.0,38.0,42.0,300,manual,0.0,0.0
6,POWER SAVING,39.0,662.0,34.0,38.0,42.0,300,manual,0.0,0.0
7,POWER SAVING,38.0,662.0,35.0,38.0,42.0,300,manual,0.0,0.0
8,POWER SAVING,39.0,662.0,34.0,38.0,42.0,300,manual,0.0,0.0
9,POWER SAVING,39.0,662.0,34.0,37.0,42.0,300,manual,0.0,0.0
10,POWER SAVING,70.0,662.0,34.0,38.0,41.0,1502,manual,3.0,1.0
11,POWER SAVING,39.0,662.0,33.0,37.0,41.0,300,manual,0.0,0.0
12,POWER SAVING,39.0,662.0,33.0,37.0,41.0,300,manual,0.0,0.0
13,POWER SAVING,39.0,662.0,33.0,37.0,41.0,300,manual,0.0,0.0
14,POWER SAVING,39.0,662.0,33.0,36.0,41.0,300,manual,0.0,0.0
15,POWER SAVING,39.0,662.0,33.0,36.0,40.0,300,manual,0.0,0.0
16,POWER SAVING,39.0,675.0,32.0,36.0,40.0,300,manual,0.0,0.0
17,POWER SAVING,39.0,662.0,32.0,36.0,40.0,300,manual,0.0,0.0
18,POWER SAVING,39.0,675.0,32.0,36.0,40.0,300,manual,0.0,0.0
19,POWER SAVING,39.0,662.0,32.0,36.0,40.0,300,manual,0.0,0.0
20,POWER SAVING,38.0,662.0,32.0,35.0,40.0,300,manual,0.0,0.0
21,POWER SAVING,38.0,662.0,31.0,35.0,39.0,300,manual,0.0,0.0
22,POWER SAVING,65.0,775.0,31.0,35.0,39.0,1502,manual,2.0,0.0
23,POWER SAVING,51.0,787.0,31.0,35.0,39.0,300,manual,0.0,0.0
24,POWER SAVING,39.0,662.0,31.0,35.0,39.0,300,manual,0.0,0.0
25,POWER SAVING,38.0,668.0,31.0,35.0,39.0,300,manual,0.0,0.0
26,POWER SAVING,37.0,662.0,31.0,34.0,39.0,300,manual,0.0,0.0
27,POWER SAVING,66.0,912.0,31.0,34.0,39.0,1502,manual,3.0,0.0
28,POWER SAVING,53.0,662.0,31.0,34.0,39.0,300,manual,1.0,0.0
29,POWER SAVING,45.0,737.0,31.0,34.0,39.0,300,manual,0.0,2.0
30,POWER SAVING,44.0,918.0,30.0,34.0,39.0,1502,manual,0.0,1.0
31,POWER SAVING,39.0,925.0,30.0,34.0,38.0,300,manual,0.0,0.0
32,POWER SAVING,43.0,656.0,30.0,34.0,38.0,1502,manual,0.0,0.0
33,POWER SAVING,35.0,668.0,30.0,34.0,38.0,1502,manual,0.0,0.0
34,POWER SAVING,62.0,925.0,30.0,34.0,38.0,1502,manual,2.0,0.0
35,POWER SAVING,38.0,825.0,30.0,33.0,38.0,300,manual,0.0,9.0
36,POWER SAVING,62.0,668.0,30.0,34.0,38.0,1502,manual,2.0,0.0
37,POWER SAVING,39.0,662.0,30.0,33.0,38.0,300,manual,0.0,0.0
38,POWER SAVING,55.0,918.0,30.0,33.0,38.0,300,manual,1.0,1.0
39,POWER SAVING,54.0,662.0,29.0,34.0,38.0,300,manual,1.0,0.0
40,POWER SAVING,44.0,918.0,29.0,33.0,38.0,300,manual,0.0,2.0
41,POWER SAVING,37.0,668.0,29.0,33.0,37.0,300,manual,0.0,0.0
42,POWER SAVING,230.0,906.0,31.0,41.0,38.0,1502,manual,99.0,12.0
43,POWER SAVING,44.0,868.0,30.0,34.0,38.0,1502,manual,0.0,0.0
44,POWER SAVING,42.0,668.0,30.0,34.0,38.0,300,manual,0.0,0.0
45,POWER SAVING,66.0,668.0,29.0,33.0,37.0,1502,manual,3.0,0.0
46,POWER SAVING,290.0,893.0,31.0,44.0,46.0,1472,manual,100.0,27.0
47,POWER SAVING,292.0,868.0,33.0,49.0,49.0,1472,manual,100.0,30.0
48,POWER SAVING,292.0,887.0,34.0,50.0,50.0,1472,manual,100.0,27.0
49,POWER SAVING,297.0,862.0,35.0,51.0,50.0,1472,manual,99.0,30.0
50,POWER SAVING,39.0,906.0,35.0,50.0,52.0,300,manual,3.0,0.0
51,POWER SAVING,264.0,906.0,36.0,51.0,51.0,1502,manual,99.0,50.0
52,POWER SAVING,280.0,868.0,36.0,52.0,52.0,1472,manual,100.0,32.0
53,POWER SAVING,294.0,893.0,36.0,52.0,53.0,1472,manual,100.0,29.0
54,POWER SAVING,301.0,906.0,37.0,53.0,53.0,1430,manual,100.0,34.0
55,POWER SAVING,298.0,906.0,37.0,53.0,53.0,1430,manual,100.0,33.0
56,POWER SAVING,293.0,893.0,37.0,52.0,53.0,1472,manual,100.0,29.0
57,POWER SAVING,286.0,887.0,37.0,53.0,53.0,1430,manual,100.0,34.0
58,POWER SAVING,294.0,893.0,38.0,54.0,53.0,1472,manual,100.0,32.0
59,POWER SAVING,316.0,887.0,38.0,53.0,51.0,1502,manual,98.0,36.0
60,POWER SAVING,295.0,668.0,38.0,54.0,53.0,1472,manual,100.0,30.0
61,POWER SAVING,293.0,893.0,38.0,54.0,52.0,1472,manual,100.0,28.0
62,POWER SAVING,267.0,912.0,38.0,54.0,52.0,1502,manual,100.0,49.0
63,POWER SAVING,294.0,893.0,39.0,55.0,53.0,1430,manual,100.0,28.0
64,POWER SAVING,312.0,893.0,39.0,55.0,55.0,1472,manual,100.0,36.0
65,POWER SAVING,301.0,893.0,40.0,55.0,54.0,1430,manual,100.0,37.0
66,POWER SAVING,309.0,887.0,39.0,54.0,53.0,1502,manual,92.0,30.0
67,POWER SAVING,289.0,893.0,40.0,56.0,54.0,1430,manual,100.0,35.0
68,POWER SAVING,281.0,862.0,40.0,56.0,55.0,1472,manual,100.0,30.0
69,POWER SAVING,295.0,868.0,40.0,56.0,55.0,1430,manual,100.0,32.0
70,POWER SAVING,296.0,893.0,41.0,57.0,55.0,1472,manual,100.0,29.0
71,POWER SAVING,249.0,893.0,40.0,54.0,53.0,1502,manual,100.0,12.0
72,POWER SAVING,281.0,887.0,41.0,56.0,55.0,1472,manual,100.0,30.0
73,POWER SAVING,280.0,893.0,41.0,57.0,55.0,1472,manual,100.0,28.0
74,POWER SAVING,291.0,893.0,41.0,57.0,56.0,1472,manual,100.0,30.0
75,POWER SAVING,292.0,893.0,42.0,57.0,55.0,1472,manual,100.0,30.0
76,POWER SAVING,254.0,912.0,41.0,54.0,54.0,1502,manual,100.0,15.0
77,POWER SAVING,280.0,868.0,41.0,57.0,57.0,1472,manual,100.0,33.0
78,POWER SAVING,294.0,893.0,42.0,57.0,57.0,1472,manual,100.0,29.0
79,POWER SAVING,282.0,868.0,42.0,58.0,57.0,1472,manual,100.0,32.0
80,POWER SAVING,295.0,893.0,42.0,58.0,58.0,1472,manual,100.0,31.0
81,POWER SAVING,253.0,906.0,42.0,56.0,56.0,1502,manual,100.0,14.0
82,POWER SAVING,299.0,893.0,42.0,58.0,56.0,1472,manual,99.0,32.0
83,POWER SAVING,282.0,862.0,42.0,59.0,57.0,1472,manual,100.0,33.0
84,POWER SAVING,282.0,893.0,42.0,58.0,59.0,1430,manual,100.0,29.0
85,POWER SAVING,293.0,893.0,43.0,59.0,57.0,1472,manual,100.0,29.0
86,POWER SAVING,292.0,906.0,43.0,59.0,58.0,1430,manual,100.0,29.0
87,POWER SAVING,282.0,862.0,43.0,59.0,57.0,1472,manual,100.0,32.0
88,POWER SAVING,283.0,868.0,43.0,59.0,58.0,1472,manual,100.0,30.0
89,POWER SAVING,300.0,862.0,43.0,59.0,58.0,1430,manual,100.0,35.0
90,POWER SAVING,283.0,893.0,43.0,59.0,58.0,1502,manual,100.0,50.0
91,POWER SAVING,295.0,862.0,44.0,60.0,58.0,1430,manual,100.0,31.0
92,POWER SAVING,288.0,912.0,43.0,58.0,57.0,1430,manual,100.0,37.0
93,POWER SAVING,297.0,893.0,43.0,59.0,59.0,1430,manual,100.0,30.0
94,POWER SAVING,243.0,862.0,44.0,60.0,58.0,1472,manual,100.0,47.0
95,POWER SAVING,289.0,868.0,44.0,60.0,59.0,1430,manual,100.0,33.0
96,POWER SAVING,263.0,868.0,44.0,60.0,60.0,1472,manual,100.0,34.0
97,POWER SAVING,278.0,893.0,44.0,58.0,56.0,1472,manual,100.0,31.0
98,POWER SAVING,284.0,893.0,44.0,60.0,59.0,1472,manual,100.0,31.0
99,POWER SAVING,296.0,893.0,44.0,60.0,60.0,1430,manual,100.0,29.0
100,POWER SAVING,303.0,893.0,44.0,60.0,59.0,1430,manual,100.0,32.0
101,POWER SAVING,286.0,862.0,45.0,60.0,60.0,1430,manual,100.0,35.0
102,POWER SAVING,247.0,862.0,45.0,58.0,57.0,1502,manual,100.0,15.0
103,POWER SAVING,281.0,893.0,44.0,61.0,59.0,1472,manual,100.0,29.0
104,POWER SAVING,318.0,887.0,45.0,61.0,60.0,1472,manual,100.0,36.0
105,POWER SAVING,279.0,868.0,45.0,60.0,60.0,1472,manual,100.0,29.0
106,POWER SAVING,287.0,862.0,45.0,61.0,60.0,1472,manual,100.0,36.0
107,POWER SAVING,293.0,912.0,45.0,61.0,60.0,1502,manual,99.0,35.0
108,POWER SAVING,286.0,862.0,45.0,61.0,59.0,1430,manual,100.0,33.0
109,POWER SAVING,225.0,862.0,45.0,61.0,58.0,1502,manual,76.0,23.0
110,POWER SAVING,298.0,887.0,45.0,61.0,60.0,1472,manual,99.0,32.0
111,POWER SAVING,286.0,893.0,45.0,61.0,60.0,1430,manual,100.0,33.0
112,POWER SAVING,277.0,893.0,46.0,61.0,61.0,1472,manual,100.0,41.0
113,POWER SAVING,288.0,862.0,45.0,61.0,60.0,1430,manual,100.0,33.0
114,POWER SAVING,282.0,862.0,45.0,61.0,60.0,1472,manual,100.0,32.0
115,POWER SAVING,293.0,893.0,45.0,61.0,61.0,1430,manual,100.0,30.0
116,POWER SAVING,282.0,893.0,45.0,62.0,61.0,1472,manual,100.0,33.0
117,POWER SAVING,280.0,893.0,46.0,62.0,61.0,1502,manual,100.0,50.0
118,POWER SAVING,281.0,862.0,46.0,60.0,58.0,1472,manual,100.0,33.0
119,POWER SAVING,283.0,868.0,46.0,62.0,61.0,1472,manual,100.0,33.0
120,POWER SAVING,300.0,887.0,45.0,61.0,61.0,1472,manual,100.0,30.0
121,POWER SAVING,286.0,862.0,46.0,62.0,62.0,1472,manual,100.0,34.0
122,POWER SAVING,286.0,862.0,46.0,62.0,62.0,1430,manual,100.0,32.0
123,POWER SAVING,253.0,893.0,46.0,59.0,59.0,1502,manual,100.0,15.0
124,POWER SAVING,41.0,925.0,43.0,48.0,52.0,300,manual,0.0,0.0
125,POWER SAVING,68.0,931.0,42.0,46.0,49.0,1502,manual,1.0,0.0
126,POWER SAVING,39.0,662.0,41.0,44.0,48.0,300,manual,0.0,0.0
127,POWER SAVING,39.0,662.0,41.0,44.0,47.0,300,manual,0.0,0.0
128,POWER SAVING,39.0,931.0,40.0,43.0,47.0,300,manual,0.0,0.0
129,POWER SAVING,39.0,662.0,40.0,43.0,46.0,300,manual,0.0,0.0
130,POWER SAVING,56.0,662.0,40.0,43.0,46.0,300,manual,1.0,0.0
131,POWER SAVING,39.0,662.0,39.0,42.0,46.0,300,manual,0.0,0.0
132,POWER SAVING,39.0,662.0,39.0,42.0,45.0,300,manual,0.0,0.0
133,POWER SAVING,39.0,662.0,38.0,42.0,45.0,300,manual,0.0,0.0
134,POWER SAVING,39.0,662.0,37.0,41.0,45.0,300,manual,0.0,0.0
135,POWER SAVING,39.0,668.0,37.0,41.0,44.0,300,manual,0.0,0.0
136,POWER SAVING,39.0,662.0,37.0,40.0,44.0,300,manual,0.0,0.0
137,POWER SAVING,39.0,662.0,36.0,40.0,44.0,300,manual,0.0,0.0
138,POWER SAVING,39.0,662.0,36.0,40.0,43.0,300,manual,0.0,0.0
139,POWER SAVING,39.0,662.0,36.0,40.0,43.0,300,manual,0.0,0.0
140,POWER SAVING,39.0,662.0,36.0,39.0,43.0,300,manual,0.0,0.0
141,POWER SAVING,39.0,668.0,35.0,39.0,43.0,300,manual,0.0,0.0
142,POWER SAVING,39.0,862.0,35.0,39.0,42.0,300,manual,0.0,0.0
143,POWER SAVING,56.0,787.0,34.0,39.0,42.0,300,manual,1.0,0.0
144,POWER SAVING,91.0,906.0,34.0,38.0,42.0,1502,manual,17.0,1.0
145,POWER SAVING,43.0,668.0,34.0,38.0,42.0,1502,manual,0.0,0.0
146,POWER SAVING,39.0,668.0,34.0,38.0,42.0,300,manual,0.0,0.0
147,POWER SAVING,46.0,693.0,34.0,38.0,41.0,1502,manual,0.0,0.0
148,POWER SAVING,63.0,856.0,34.0,37.0,41.0,1502,manual,3.0,0.0
149,POWER SAVING,44.0,668.0,33.0,37.0,41.0,1502,manual,0.0,2.0
150,POWER SAVING,62.0,918.0,33.0,37.0,41.0,1502,manual,1.0,0.0
151,POWER SAVING,39.0,662.0,33.0,37.0,41.0,300,manual,0.0,0.0
152,POWER SAVING,55.0,668.0,33.0,37.0,41.0,300,manual,0.0,0.0
153,POWER SAVING,39.0,662.0,33.0,37.0,41.0,300,manual,0.0,0.0
154,POWER SAVING,38.0,818.0,33.0,37.0,41.0,300,manual,0.0,1.0
155,POWER SAVING,39.0,668.0,32.0,36.0,40.0,300,manual,0.0,0.0
156,POWER SAVING,59.0,662.0,32.0,36.0,40.0,1502,manual,1.0,1.0
157,POWER SAVING,39.0,662.0,32.0,36.0,40.0,300,manual,0.0,0.0
158,POWER SAVING,43.0,918.0,32.0,36.0,40.0,1502,manual,0.0,0.0
159,POWER SAVING,61.0,662.0,31.0,35.0,40.0,1502,manual,2.0,1.0
160,POWER SAVING,69.0,912.0,32.0,35.0,40.0,1502,manual,1.0,2.0
161,POWER SAVING,39.0,662.0,32.0,35.0,40.0,300,manual,0.0,0.0
162,POWER SAVING,234.0,906.0,33.0,42.0,40.0,1502,manual,99.0,9.0
163,POWER SAVING,39.0,662.0,32.0,36.0,40.0,300,manual,0.0,0.0
164,POWER SAVING,264.0,918.0,35.0,48.0,52.0,1502,manual,100.0,44.0
165,POWER SAVING,55.0,662.0,32.0,36.0,41.0,300,manual,1.0,1.0
166,POWER SAVING,262.0,850.0,33.0,46.0,45.0,1502,manual,100.0,58.0
167,POWER SAVING,287.0,906.0,35.0,52.0,48.0,1472,manual,100.0,24.0
168,POWER SAVING,296.0,906.0,36.0,54.0,48.0,1472,manual,100.0,24.0
169,POWER SAVING,264.0,906.0,36.0,54.0,48.0,1502,manual,99.0,50.0
170,POWER SAVING,284.0,906.0,37.0,55.0,48.0,1502,manual,100.0,20.0
171,POWER SAVING,288.0,862.0,37.0,55.0,49.0,1502,manual,100.0,17.0
172,POWER SAVING,293.0,893.0,38.0,55.0,50.0,1472,manual,99.0,17.0
173,POWER SAVING,280.0,906.0,38.0,56.0,50.0,1472,manual,100.0,24.0
174,POWER SAVING,274.0,893.0,38.0,56.0,50.0,1502,manual,100.0,48.0
175,POWER SAVING,283.0,893.0,39.0,56.0,50.0,1502,manual,100.0,20.0
176,POWER SAVING,286.0,906.0,39.0,57.0,50.0,1472,manual,100.0,17.0
177,POWER SAVING,280.0,893.0,39.0,57.0,50.0,1502,manual,100.0,18.0
178,POWER SAVING,300.0,887.0,39.0,56.0,51.0,1472,manual,100.0,16.0
179,POWER SAVING,299.0,887.0,40.0,57.0,51.0,1430,manual,100.0,23.0
180,POWER SAVING,285.0,906.0,39.0,57.0,51.0,1502,manual,100.0,21.0
181,POWER SAVING,285.0,862.0,40.0,57.0,50.0,1502,manual,100.0,17.0
182,POWER SAVING,285.0,906.0,40.0,57.0,51.0,1472,manual,100.0,24.0
183,POWER SAVING,309.0,887.0,41.0,58.0,51.0,1472,manual,100.0,36.0
184,POWER SAVING,276.0,918.0,40.0,56.0,57.0,1502,manual,100.0,43.0
185,POWER SAVING,288.0,893.0,39.0,54.0,51.0,1502,manual,100.0,18.0
186,POWER SAVING,294.0,862.0,41.0,58.0,51.0,1472,manual,100.0,21.0
187,POWER SAVING,298.0,862.0,41.0,58.0,52.0,1472,manual,100.0,16.0
188,POWER SAVING,300.0,900.0,41.0,58.0,53.0,1430,manual,100.0,23.0
189,POWER SAVING,296.0,893.0,41.0,59.0,51.0,1472,manual,100.0,18.0
190,POWER SAVING,281.0,906.0,41.0,59.0,53.0,1502,manual,100.0,18.0
191,POWER SAVING,282.0,893.0,42.0,59.0,52.0,1502,manual,100.0,18.0
192,POWER SAVING,286.0,893.0,42.0,59.0,53.0,1430,manual,100.0,24.0
193,POWER SAVING,293.0,906.0,42.0,59.0,54.0,1472,manual,100.0,21.0
194,POWER SAVING,290.0,906.0,42.0,60.0,52.0,1502,manual,100.0,19.0
195,POWER SAVING,294.0,912.0,42.0,60.0,53.0,1472,manual,100.0,18.0
196,POWER SAVING,301.0,893.0,42.0,59.0,53.0,1472,manual,99.0,23.0
197,POWER SAVING,298.0,906.0,42.0,60.0,53.0,1472,manual,100.0,21.0
198,POWER SAVING,283.0,887.0,42.0,61.0,54.0,1502,manual,100.0,19.0
199,POWER SAVING,319.0,893.0,43.0,58.0,53.0,1502,manual,98.0,25.0
200,POWER SAVING,269.0,893.0,43.0,60.0,54.0,1502,manual,100.0,49.0
201,POWER SAVING,289.0,887.0,43.0,61.0,54.0,1502,manual,100.0,21.0
202,POWER SAVING,286.0,887.0,43.0,61.0,54.0,1502,manual,100.0,18.0
203,POWER SAVING,291.0,912.0,43.0,61.0,57.0,1430,manual,100.0,41.0
204,POWER SAVING,61.0,906.0,41.0,49.0,51.0,1502,manual,3.0,0.0
205,POWER SAVING,292.0,906.0,43.0,59.0,55.0,1472,manual,100.0,23.0
206,POWER SAVING,291.0,893.0,44.0,61.0,54.0,1472,manual,100.0,22.0
207,POWER SAVING,298.0,862.0,44.0,61.0,55.0,1472,manual,100.0,18.0
208,POWER SAVING,298.0,912.0,44.0,61.0,55.0,1472,manual,100.0,18.0
209,POWER SAVING,283.0,887.0,44.0,61.0,56.0,1472,manual,100.0,24.0
210,POWER SAVING,287.0,906.0,44.0,62.0,55.0,1502,manual,100.0,21.0
211,POWER SAVING,292.0,912.0,44.0,62.0,55.0,1472,manual,100.0,19.0
212,POWER SAVING,300.0,893.0,44.0,61.0,55.0,1430,manual,100.0,24.0
213,POWER SAVING,44.0,893.0,44.0,62.0,54.0,300,manual,5.0,0.0
214,POWER SAVING,291.0,893.0,44.0,62.0,56.0,1472,manual,100.0,18.0
215,POWER SAVING,311.0,912.0,45.0,62.0,56.0,1472,manual,100.0,23.0
216,POWER SAVING,298.0,887.0,44.0,62.0,56.0,1430,manual,100.0,23.0
217,POWER SAVING,295.0,887.0,45.0,62.0,55.0,1472,manual,100.0,18.0
218,POWER SAVING,283.0,887.0,45.0,63.0,56.0,1502,manual,100.0,18.0
219,POWER SAVING,284.0,912.0,45.0,62.0,56.0,1502,manual,100.0,17.0
220,POWER SAVING,285.0,893.0,45.0,62.0,57.0,1430,manual,100.0,22.0
221,POWER SAVING,281.0,900.0,45.0,63.0,56.0,1502,manual,100.0,20.0
222,POWER SAVING,281.0,862.0,46.0,63.0,56.0,1502,manual,100.0,16.0
223,POWER SAVING,282.0,912.0,45.0,61.0,62.0,1502,manual,100.0,44.0
224,POWER SAVING,298.0,862.0,44.0,57.0,55.0,1472,manual,100.0,19.0
225,POWER SAVING,289.0,887.0,45.0,62.0,57.0,1430,manual,100.0,24.0
226,POWER SAVING,313.0,893.0,45.0,62.0,55.0,1472,manual,99.0,41.0
227,POWER SAVING,288.0,912.0,45.0,63.0,56.0,1472,manual,100.0,19.0
228,POWER SAVING,291.0,893.0,45.0,62.0,57.0,1430,manual,100.0,25.0
229,POWER SAVING,300.0,887.0,46.0,63.0,57.0,1472,manual,100.0,20.0
230,POWER SAVING,291.0,906.0,46.0,63.0,56.0,1472,manual,100.0,23.0
231,POWER SAVING,285.0,862.0,46.0,63.0,56.0,1502,manual,100.0,18.0
232,POWER SAVING,305.0,887.0,45.0,63.0,57.0,1430,manual,100.0,22.0
233,POWER SAVING,278.0,893.0,46.0,63.0,56.0,1502,manual,100.0,57.0
234,POWER SAVING,287.0,906.0,46.0,64.0,57.0,1472,manual,100.0,20.0
235,POWER SAVING,286.0,862.0,46.0,63.0,57.0,1472,manual,100.0,19.0
236,POWER SAVING,303.0,893.0,46.0,63.0,57.0,1430,manual,100.0,25.0
237,POWER SAVING,284.0,893.0,46.0,64.0,57.0,1502,manual,100.0,49.0
238,POWER SAVING,291.0,893.0,46.0,64.0,56.0,1472,manual,100.0,19.0
239,POWER SAVING,290.0,862.0,46.0,63.0,58.0,1472,manual,99.0,20.0
240,POWER SAVING,283.0,893.0,46.0,63.0,57.0,1430,manual,100.0,22.0
241,POWER SAVING,289.0,893.0,46.0,64.0,57.0,1472,manual,100.0,20.0
242,POWER SAVING,292.0,912.0,46.0,64.0,57.0,1472,manual,100.0,21.0
243,POWER SAVING,281.0,912.0,46.0,61.0,62.0,1502,manual,100.0,43.0
244,POWER SAVING,286.0,912.0,44.0,56.0,55.0,1430,manual,100.0,26.0
245,POWER SAVING,266.0,893.0,46.0,63.0,56.0,1502,manual,99.0,49.0
246,POWER SAVING,286.0,906.0,46.0,64.0,57.0,1502,manual,100.0,18.0
247,POWER SAVING,297.0,862.0,47.0,64.0,57.0,1472,manual,100.0,18.0
248,POWER SAVING,285.0,906.0,46.0,64.0,58.0,1472,manual,100.0,24.0
249,POWER SAVING,298.0,893.0,47.0,64.0,57.0,1472,manual,100.0,22.0
250,POWER SAVING,286.0,887.0,47.0,64.0,57.0,1502,manual,100.0,17.0
251,POWER SAVING,287.0,862.0,47.0,65.0,58.0,1472,manual,100.0,18.0
252,POWER SAVING,290.0,893.0,47.0,64.0,58.0,1430,manual,100.0,23.0
253,POWER SAVING,299.0,887.0,47.0,65.0,58.0,1472,manual,99.0,21.0
254,POWER SAVING,283.0,893.0,47.0,65.0,57.0,1502,manual,100.0,17.0
255,POWER SAVING,284.0,862.0,47.0,65.0,58.0,1472,manual,100.0,19.0
256,POWER SAVING,287.0,912.0,47.0,65.0,58.0,1430,manual,100.0,19.0
257,POWER SAVING,284.0,893.0,47.0,64.0,59.0,1430,manual,100.0,23.0
258,POWER SAVING,293.0,912.0,48.0,65.0,58.0,1472,manual,100.0,18.0
259,POWER SAVING,286.0,912.0,47.0,64.0,58.0,1472,manual,99.0,20.0
260,POWER SAVING,301.0,893.0,47.0,64.0,59.0,1430,manual,100.0,22.0
261,POWER SAVING,285.0,893.0,48.0,65.0,58.0,1502,manual,100.0,17.0
262,POWER SAVING,291.0,850.0,48.0,65.0,58.0,1472,manual,100.0,20.0
263,POWER SAVING,133.0,668.0,47.0,63.0,62.0,1502,manual,100.0,0.0
264,POWER SAVING,285.0,862.0,47.0,63.0,58.0,1472,manual,100.0,18.0
265,POWER SAVING,281.0,893.0,47.0,65.0,58.0,1472,manual,100.0,22.0
266,POWER SAVING,272.0,906.0,48.0,65.0,58.0,1502,manual,99.0,49.0
267,POWER SAVING,287.0,893.0,47.0,65.0,57.0,1472,manual,100.0,19.0
268,POWER SAVING,282.0,862.0,48.0,65.0,58.0,1502,manual,100.0,17.0
269,POWER SAVING,301.0,906.0,48.0,65.0,59.0,1430,manual,100.0,23.0
270,POWER SAVING,275.0,893.0,48.0,65.0,58.0,1502,manual,99.0,49.0
271,POWER SAVING,297.0,906.0,48.0,66.0,58.0,1472,manual,100.0,17.0
272,POWER SAVING,286.0,887.0,48.0,65.0,59.0,1472,manual,100.0,19.0
273,POWER SAVING,287.0,893.0,48.0,65.0,59.0,1430,manual,100.0,25.0
274,POWER SAVING,276.0,906.0,48.0,65.0,59.0,1502,manual,99.0,37.0
275,POWER SAVING,285.0,893.0,48.0,65.0,58.0,1502,manual,100.0,17.0
276,POWER SAVING,274.0,893.0,48.0,65.0,59.0,1472,manual,100.0,23.0
277,POWER SAVING,301.0,887.0,47.0,66.0,59.0,1472,manual,99.0,21.0
278,POWER SAVING,294.0,900.0,48.0,65.0,59.0,1472,manual,100.0,20.0
279,POWER SAVING,293.0,862.0,48.0,65.0,59.0,1472,manual,100.0,16.0
280,POWER SAVING,302.0,887.0,48.0,65.0,59.0,1430,manual,100.0,22.0
281,POWER SAVING,282.0,893.0,48.0,65.0,60.0,1430,manual,100.0,21.0
282,POWER SAVING,284.0,912.0,47.0,63.0,62.0,1502,manual,100.0,43.0
283,POWER SAVING,73.0,818.0,45.0,50.0,54.0,1502,manual,3.0,0.0
284,POWER SAVING,47.0,668.0,44.0,48.0,51.0,300,manual,0.0,2.0
285,POWER SAVING,39.0,662.0,43.0,47.0,50.0,300,manual,0.0,0.0
286,POWER SAVING,39.0,662.0,42.0,46.0,49.0,300,manual,0.0,0.0
287,POWER SAVING,54.0,662.0,42.0,45.0,48.0,300,manual,6.0,0.0
288,POWER SAVING,39.0,662.0,41.0,45.0,48.0,300,manual,0.0,0.0
289,POWER SAVING,39.0,662.0,41.0,44.0,47.0,300,manual,0.0,0.0
290,POWER SAVING,39.0,662.0,40.0,44.0,47.0,300,manual,0.0,0.0
291,POWER SAVING,39.0,662.0,40.0,43.0,47.0,300,manual,0.0,0.0
292,POWER SAVING,57.0,925.0,40.0,43.0,46.0,300,manual,1.0,0.0
293,POWER SAVING,39.0,668.0,40.0,43.0,46.0,300,manual,0.0,0.0
294,POWER SAVING,39.0,662.0,39.0,43.0,46.0,300,manual,0.0,0.0
295,POWER SAVING,39.0,662.0,38.0,42.0,45.0,300,manual,0.0,0.0
296,POWER SAVING,39.0,662.0,38.0,42.0,45.0,300,manual,0.0,0.0
297,POWER SAVING,39.0,662.0,38.0,41.0,45.0,300,manual,0.0,0.0
298,POWER SAVING,39.0,662.0,37.0,41.0,44.0,300,manual,0.0,0.0
299,POWER SAVING,39.0,662.0,37.0,41.0,44.0,300,manual,0.0,0.0
300,POWER SAVING,39.0,662.0,37.0,40.0,44.0,300,manual,0.0,0.0
301,POWER SAVING,39.0,662.0,36.0,40.0,44.0,300,manual,0.0,0.0
302,POWER SAVING,39.0,662.0,36.0,40.0,43.0,300,manual,0.0,0.0
303,POWER SAVING,39.0,668.0,36.0,40.0,43.0,300,manual,0.0,0.0
304,POWER SAVING,39.0,662.0,36.0,39.0,43.0,300,manual,0.0,0.0
305,POWER SAVING,39.0,668.0,35.0,39.0,43.0,300,manual,0.0,0.0
306,POWER SAVING,39.0,662.0,35.0,39.0,42.0,300,manual,0.0,0.0
307,POWER SAVING,39.0,668.0,35.0,38.0,42.0,300,manual,0.0,0.0
308,POWER SAVING,39.0,668.0,34.0,38.0,42.0,300,manual,0.0,0.0
309,POWER SAVING,39.0,668.0,34.0,38.0,42.0,300,manual,0.0,0.0
310,POWER SAVING,39.0,662.0,34.0,38.0,42.0,300,manual,0.0,0.0
311,POWER SAVING,39.0,668.0,34.0,37.0,41.0,300,manual,0.0,0.0
312,POWER SAVING,39.0,662.0,33.0,37.0,41.0,300,manual,0.0,0.0
313,POWER SAVING,39.0,668.0,33.0,37.0,41.0,300,manual,0.0,0.0
314,POWER SAVING,39.0,668.0,33.0,37.0,41.0,300,manual,0.0,0.0
315,POWER SAVING,39.0,662.0,33.0,37.0,41.0,300,manual,0.0,0.0
316,POWER SAVING,39.0,675.0,32.0,36.0,41.0,300,manual,0.0,0.0
317,POWER SAVING,39.0,662.0,33.0,36.0,40.0,300,manual,0.0,0.0
318,POWER SAVING,39.0,668.0,32.0,36.0,40.0,300,manual,0.0,0.0
319,POWER SAVING,39.0,662.0,32.0,36.0,40.0,300,manual,0.0,0.0
320,POWER SAVING,39.0,662.0,32.0,35.0,40.0,300,manual,0.0,0.0
321,POWER SAVING,39.0,662.0,31.0,35.0,39.0,300,manual,0.0,0.0
322,POWER SAVING,39.0,662.0,31.0,35.0,39.0,300,manual,0.0,0.0
323,POWER SAVING,38.0,668.0,31.0,35.0,39.0,300,manual,0.0,0.0
324,POWER SAVING,39.0,662.0,31.0,35.0,39.0,300,manual,0.0,0.0
325,POWER SAVING,39.0,662.0,31.0,34.0,39.0,300,manual,0.0,0.0
326,POWER SAVING,39.0,668.0,31.0,34.0,39.0,300,manual,0.0,0.0
327,POWER SAVING,38.0,662.0,31.0,34.0,38.0,300,manual,0.0,0.0
328,POWER SAVING,39.0,668.0,31.0,34.0,38.0,300,manual,0.0,0.0
329,POWER SAVING,38.0,662.0,31.0,34.0,38.0,300,manual,0.0,0.0
330,POWER SAVING,39.0,662.0,30.0,33.0,38.0,300,manual,0.0,0.0
331,POWER SAVING,37.0,662.0,30.0,34.0,38.0,300,manual,0.0,0.0
332,POWER SAVING,37.0,662.0,30.0,33.0,38.0,300,manual,0.0,0.0
333,POWER SAVING,39.0,675.0,30.0,33.0,38.0,300,manual,0.0,0.0
334,POWER SAVING,39.0,662.0,29.0,33.0,37.0,300,manual,0.0,0.0
335,POWER SAVING,38.0,662.0,29.0,33.0,37.0,300,manual,0.0,0.0
336,POWER SAVING,39.0,668.0,29.0,33.0,37.0,300,manual,0.0,0.0
337,POWER SAVING,38.0,675.0,29.0,32.0,37.0,300,manual,0.0,0.0
338,POWER SAVING,37.0,662.0,29.0,32.0,37.0,300,manual,0.0,0.0
339,POWER SAVING,38.0,662.0,29.0,33.0,37.0,300,manual,0.0,0.0
340,POWER SAVING,39.0,662.0,28.0,33.0,37.0,300,manual,0.0,0.0
341,POWER SAVING,65.0,668.0,28.0,33.0,37.0,1502,manual,2.0,0.0
342,POWER SAVING,38.0,662.0,28.0,32.0,36.0,300,manual,0.0,0.0
343,POWER SAVING,37.0,662.0,28.0,32.0,37.0,300,manual,0.0,0.0
344,POWER SAVING,63.0,918.0,29.0,32.0,37.0,1502,manual,2.0,1.0
345,POWER SAVING,49.0,662.0,28.0,32.0,37.0,300,manual,1.0,0.0
346,POWER SAVING,51.0,906.0,28.0,32.0,37.0,300,manual,1.0,0.0
347,POWER SAVING,40.0,925.0,28.0,32.0,37.0,300,manual,0.0,0.0
348,POWER SAVING,39.0,668.0,28.0,32.0,37.0,300,manual,0.0,0.0
349,POWER SAVING,38.0,662.0,28.0,32.0,36.0,300,manual,0.0,0.0
350,POWER SAVING,38.0,662.0,28.0,32.0,36.0,300,manual,0.0,0.0
351,POWER SAVING,54.0,918.0,28.0,32.0,36.0,300,manual,1.0,0.0
352,POWER SAVING,37.0,662.0,28.0,32.0,36.0,300,manual,0.0,0.0
353,POWER SAVING,38.0,662.0,28.0,32.0,35.0,300,manual,0.0,0.0
354,POWER SAVING,37.0,662.0,27.0,32.0,35.0,300,manual,0.0,0.0
355,POWER SAVING,38.0,662.0,27.0,31.0,35.0,300,manual,0.0,0.0
356,POWER SAVING,37.0,662.0,27.0,31.0,35.0,300,manual,0.0,0.0
357,POWER SAVING,37.0,668.0,27.0,31.0,35.0,300,manual,0.0,0.0
358,POWER SAVING,38.0,668.0,27.0,31.0,35.0,300,manual,0.0,0.0
359,POWER SAVING,37.0,662.0,27.0,31.0,35.0,300,manual,0.0,0.0
360,POWER SAVING,37.0,662.0,26.0,31.0,34.0,300,manual,0.0,0.0
361,POWER SAVING,38.0,668.0,27.0,31.0,34.0,300,manual,0.0,0.0
362,POWER SAVING,37.0,668.0,27.0,31.0,34.0,300,manual,0.0,0.0
363,POWER SAVING,36.0,662.0,27.0,31.0,34.0,300,manual,0.0,0.0
364,POWER SAVING,36.0,668.0,26.0,30.0,34.0,300,manual,0.0,0.0
365,POWER SAVING,60.0,912.0,27.0,31.0,34.0,1502,manual,2.0,0.0
366,POWER SAVING,42.0,662.0,26.0,31.0,34.0,300,manual,0.0,0.0
367,POWER SAVING,52.0,925.0,27.0,31.0,35.0,300,manual,1.0,0.0
368,POWER SAVING,61.0,918.0,27.0,30.0,35.0,1502,manual,2.0,0.0
369,POWER SAVING,42.0,918.0,27.0,30.0,34.0,300,manual,0.0,0.0
370,POWER SAVING,35.0,668.0,26.0,30.0,34.0,300,manual,0.0,0.0
371,POWER SAVING,55.0,925.0,26.0,30.0,34.0,1502,manual,0.0,1.0
372,POWER SAVING,237.0,668.0,26.0,30.0,34.0,1502,manual,99.0,11.0
373,POWER SAVING,37.0,668.0,27.0,31.0,34.0,300,manual,0.0,0.0
374,POWER SAVING,37.0,668.0,26.0,31.0,34.0,300,manual,0.0,0.0
375,POWER SAVING,54.0,668.0,26.0,30.0,34.0,1502,manual,3.0,1.0
376,POWER SAVING,42.0,918.0,26.0,30.0,34.0,300,manual,0.0,0.0
377,POWER SAVING,53.0,918.0,26.0,30.0,34.0,1502,manual,1.0,0.0
378,POWER SAVING,59.0,668.0,26.0,30.0,35.0,1502,manual,2.0,0.0
379,POWER SAVING,35.0,918.0,26.0,30.0,34.0,300,manual,0.0,0.0
380,POWER SAVING,62.0,837.0,26.0,30.0,34.0,1502,manual,2.0,0.0
381,POWER SAVING,37.0,662.0,26.0,30.0,34.0,300,manual,0.0,0.0
382,POWER SAVING,38.0,662.0,26.0,31.0,35.0,300,manual,0.0,0.0
383,POWER SAVING,38.0,662.0,26.0,30.0,34.0,300,manual,0.0,0.0
384,POWER SAVING,63.0,918.0,26.0,30.0,35.0,1502,manual,2.0,0.0
385,POWER SAVING,67.0,662.0,26.0,30.0,34.0,1502,manual,3.0,1.0
386,POWER SAVING,43.0,918.0,26.0,30.0,34.0,1502,manual,0.0,1.0
387,POWER SAVING,65.0,675.0,26.0,30.0,34.0,1502,manual,2.0,1.0
388,POWER SAVING,40.0,662.0,25.0,30.0,34.0,300,manual,0.0,1.0
389,POWER SAVING,63.0,668.0,26.0,30.0,34.0,1502,manual,7.0,0.0
390,POWER SAVING,37.0,662.0,26.0,29.0,34.0,300,manual,0.0,0.0
391,POWER SAVING,37.0,906.0,25.0,30.0,34.0,300,manual,0.0,0.0
392,POWER SAVING,220.0,925.0,29.0,40.0,35.0,1502,manual,100.0,2.0
393,POWER SAVING,58.0,668.0,27.0,31.0,35.0,1502,manual,2.0,0.0
394,POWER SAVING,37.0,918.0,26.0,30.0,35.0,300,manual,0.0,1.0
395,POWER SAVING,253.0,906.0,27.0,37.0,41.0,1502,manual,100.0,23.0
396,POWER SAVING,50.0,668.0,28.0,39.0,39.0,1502,manual,5.0,1.0
397,POWER SAVING,42.0,675.0,27.0,31.0,35.0,1502,manual,0.0,0.0
398,POWER SAVING,40.0,918.0,26.0,31.0,34.0,300,manual,0.0,0.0
399,POWER SAVING,39.0,668.0,27.0,30.0,34.0,300,manual,0.0,0.0
400,POWER SAVING,50.0,918.0,26.0,30.0,34.0,300,manual,1.0,0.0
401,POWER SAVING,40.0,662.0,26.0,30.0,34.0,300,manual,0.0,1.0
402,POWER SAVING,295.0,806.0,27.0,38.0,43.0,1319,manual,100.0,44.0
403,POWER SAVING,289.0,812.0,31.0,43.0,48.0,1319,manual,100.0,43.0
404,POWER SAVING,297.0,806.0,31.0,45.0,50.0,1319,manual,100.0,42.0
405,POWER SAVING,262.0,812.0,32.0,45.0,51.0,1502,manual,99.0,49.0
406,POWER SAVING,289.0,875.0,32.0,46.0,51.0,1319,manual,100.0,43.0
407,POWER SAVING,288.0,812.0,32.0,47.0,54.0,1502,manual,100.0,56.0
408,POWER SAVING,288.0,900.0,33.0,47.0,52.0,1319,manual,100.0,42.0
409,POWER SAVING,288.0,806.0,34.0,48.0,54.0,1319,manual,100.0,43.0
410,POWER SAVING,291.0,812.0,34.0,48.0,53.0,1319,manual,100.0,42.0
411,POWER SAVING,287.0,812.0,35.0,48.0,54.0,1363,manual,100.0,43.0
412,POWER SAVING,262.0,812.0,35.0,48.0,54.0,1502,manual,100.0,50.0
413,POWER SAVING,288.0,893.0,35.0,49.0,54.0,1319,manual,100.0,43.0
414,POWER SAVING,288.0,806.0,35.0,49.0,56.0,1502,manual,100.0,56.0
415,POWER SAVING,289.0,906.0,35.0,49.0,55.0,1319,manual,100.0,43.0
416,POWER SAVING,288.0,800.0,36.0,50.0,56.0,1319,manual,100.0,43.0
417,POWER SAVING,289.0,812.0,36.0,50.0,55.0,1319,manual,100.0,42.0
418,POWER SAVING,287.0,812.0,36.0,50.0,56.0,1319,manual,100.0,42.0
419,POWER SAVING,267.0,806.0,37.0,50.0,56.0,1502,manual,100.0,50.0
420,POWER SAVING,290.0,818.0,37.0,51.0,56.0,1319,manual,100.0,43.0
421,POWER SAVING,286.0,800.0,38.0,51.0,58.0,1502,manual,100.0,57.0
422,POWER SAVING,292.0,893.0,38.0,51.0,56.0,1319,manual,100.0,42.0
423,POWER SAVING,291.0,806.0,38.0,52.0,57.0,1319,manual,100.0,43.0
424,POWER SAVING,292.0,812.0,39.0,51.0,57.0,1319,manual,100.0,42.0
425,POWER SAVING,293.0,812.0,38.0,52.0,57.0,1319,manual,100.0,42.0
426,POWER SAVING,266.0,812.0,39.0,52.0,57.0,1502,manual,100.0,50.0
427,POWER SAVING,228.0,906.0,38.0,51.0,49.0,1502,manual,100.0,2.0
428,POWER SAVING,229.0,912.0,38.0,51.0,45.0,1502,manual,100.0,2.0
429,POWER SAVING,45.0,906.0,37.0,44.0,44.0,300,manual,0.0,2.0
430,POWER SAVING,281.0,806.0,38.0,51.0,56.0,1502,manual,100.0,51.0
431,POWER SAVING,297.0,825.0,39.0,52.0,57.0,1319,manual,100.0,43.0
432,POWER SAVING,267.0,812.0,39.0,53.0,58.0,1502,manual,100.0,49.0
433,POWER SAVING,287.0,831.0,39.0,53.0,58.0,1319,manual,100.0,41.0
434,POWER SAVING,285.0,831.0,40.0,53.0,58.0,1363,manual,100.0,41.0
435,POWER SAVING,281.0,812.0,40.0,54.0,58.0,1363,manual,100.0,40.0
436,POWER SAVING,279.0,912.0,40.0,54.0,58.0,1363,manual,100.0,39.0
437,POWER SAVING,281.0,831.0,40.0,54.0,59.0,1502,manual,100.0,51.0
438,POWER SAVING,288.0,831.0,41.0,54.0,58.0,1404,manual,100.0,39.0
439,POWER SAVING,289.0,912.0,41.0,54.0,58.0,1363,manual,100.0,38.0
440,POWER SAVING,285.0,831.0,41.0,55.0,60.0,1502,manual,100.0,52.0
441,POWER SAVING,287.0,831.0,42.0,55.0,58.0,1404,manual,100.0,37.0
442,POWER SAVING,301.0,912.0,42.0,55.0,58.0,1363,manual,100.0,35.0
443,POWER SAVING,279.0,831.0,41.0,56.0,60.0,1502,manual,100.0,51.0
444,POWER SAVING,286.0,831.0,42.0,56.0,58.0,1363,manual,100.0,36.0
445,POWER SAVING,298.0,912.0,42.0,56.0,58.0,1363,manual,100.0,35.0
446,POWER SAVING,282.0,850.0,42.0,56.0,60.0,1502,manual,100.0,51.0
447,POWER SAVING,285.0,831.0,42.0,56.0,59.0,1363,manual,100.0,34.0
448,POWER SAVING,281.0,893.0,42.0,56.0,58.0,1404,manual,100.0,34.0
449,POWER SAVING,282.0,850.0,42.0,56.0,58.0,1404,manual,100.0,34.0
450,POWER SAVING,292.0,850.0,42.0,57.0,61.0,1363,manual,100.0,32.0
451,POWER SAVING,292.0,850.0,42.0,57.0,59.0,1363,manual,100.0,33.0
452,POWER SAVING,296.0,912.0,43.0,57.0,59.0,1363,manual,100.0,34.0
453,POWER SAVING,281.0,850.0,43.0,57.0,58.0,1502,manual,100.0,57.0
454,POWER SAVING,278.0,831.0,43.0,58.0,61.0,1404,manual,100.0,33.0
455,POWER SAVING,291.0,850.0,43.0,57.0,59.0,1404,manual,100.0,35.0
456,POWER SAVING,295.0,912.0,43.0,57.0,59.0,1363,manual,100.0,33.0
457,POWER SAVING,290.0,850.0,44.0,57.0,59.0,1404,manual,100.0,34.0
458,POWER SAVING,282.0,825.0,43.0,58.0,62.0,1502,manual,99.0,38.0
459,POWER SAVING,291.0,850.0,43.0,58.0,60.0,1404,manual,100.0,33.0
460,POWER SAVING,229.0,912.0,43.0,55.0,51.0,1502,manual,100.0,2.0
461,POWER SAVING,282.0,850.0,43.0,57.0,56.0,1404,manual,100.0,33.0
462,POWER SAVING,287.0,850.0,44.0,58.0,59.0,1404,manual,100.0,33.0
463,POWER SAVING,282.0,912.0,44.0,58.0,59.0,1404,manual,100.0,34.0
464,POWER SAVING,184.0,850.0,44.0,58.0,59.0,1430,manual,100.0,40.0
465,POWER SAVING,280.0,831.0,43.0,58.0,62.0,1502,manual,100.0,49.0
466,POWER SAVING,294.0,850.0,44.0,58.0,61.0,1363,manual,100.0,34.0
467,POWER SAVING,291.0,831.0,44.0,58.0,60.0,1404,manual,100.0,34.0
468,POWER SAVING,283.0,912.0,45.0,59.0,60.0,1404,manual,100.0,33.0
469,POWER SAVING,283.0,850.0,44.0,58.0,62.0,1502,manual,100.0,52.0
470,POWER SAVING,293.0,831.0,44.0,59.0,62.0,1404,manual,100.0,33.0
471,POWER SAVING,295.0,843.0,45.0,59.0,61.0,1363,manual,100.0,36.0
472,POWER SAVING,295.0,906.0,45.0,59.0,61.0,1363,manual,100.0,34.0
473,POWER SAVING,272.0,831.0,45.0,59.0,61.0,1502,manual,99.0,50.0
474,POWER SAVING,285.0,831.0,45.0,59.0,63.0,1363,manual,100.0,35.0
475,POWER SAVING,285.0,825.0,45.0,59.0,61.0,1404,manual,100.0,34.0
476,POWER SAVING,280.0,912.0,45.0,59.0,61.0,1404,manual,100.0,34.0
477,POWER SAVING,283.0,831.0,45.0,59.0,63.0,1502,manual,100.0,52.0
478,POWER SAVING,297.0,850.0,45.0,59.0,62.0,1363,manual,100.0,35.0
479,POWER SAVING,286.0,831.0,46.0,59.0,62.0,1404,manual,100.0,36.0
480,POWER SAVING,283.0,900.0,46.0,60.0,62.0,1363,manual,100.0,37.0
481,POWER SAVING,283.0,825.0,45.0,60.0,65.0,1502,manual,100.0,51.0
482,POWER SAVING,288.0,831.0,45.0,60.0,63.0,1363,manual,100.0,38.0
483,POWER SAVING,286.0,912.0,46.0,59.0,62.0,1363,manual,100.0,37.0
484,POWER SAVING,283.0,831.0,46.0,59.0,63.0,1502,manual,100.0,52.0
485,POWER SAVING,289.0,831.0,46.0,60.0,63.0,1363,manual,100.0,38.0
486,POWER SAVING,281.0,912.0,46.0,60.0,63.0,1363,manual,100.0,39.0
487,POWER SAVING,272.0,831.0,46.0,59.0,63.0,1502,manual,100.0,51.0
488,POWER SAVING,291.0,831.0,46.0,60.0,64.0,1363,manual,100.0,38.0
489,POWER SAVING,294.0,912.0,46.0,60.0,63.0,1363,manual,100.0,39.0
490,POWER SAVING,272.0,812.0,46.0,59.0,64.0,1502,manual,99.0,49.0
491,POWER SAVING,296.0,831.0,46.0,60.0,64.0,1319,manual,100.0,40.0
492,POWER SAVING,292.0,912.0,46.0,60.0,64.0,1319,manual,100.0,41.0
493,POWER SAVING,234.0,912.0,46.0,58.0,53.0,1502,manual,100.0,2.0
494,POWER SAVING,291.0,912.0,46.0,60.0,61.0,1363,manual,100.0,41.0
495,POWER SAVING,282.0,825.0,46.0,60.0,65.0,1502,manual,100.0,50.0
496,POWER SAVING,300.0,806.0,46.0,59.0,64.0,1319,manual,100.0,40.0
497,POWER SAVING,297.0,831.0,47.0,60.0,64.0,1319,manual,100.0,42.0
498,POWER SAVING,285.0,812.0,46.0,60.0,65.0,1319,manual,100.0,41.0
499,POWER SAVING,286.0,893.0,46.0,61.0,64.0,1363,manual,100.0,41.0
500,POWER SAVING,272.0,806.0,46.0,60.0,65.0,1502,manual,99.0,50.0
501,POWER SAVING,286.0,812.0,47.0,60.0,65.0,1319,manual,100.0,42.0
502,POWER SAVING,291.0,912.0,47.0,60.0,65.0,1319,manual,100.0,42.0
503,POWER SAVING,285.0,793.0,46.0,61.0,67.0,1502,manual,100.0,51.0
504,POWER SAVING,293.0,812.0,47.0,60.0,65.0,1319,manual,100.0,42.0
505,POWER SAVING,243.0,793.0,47.0,60.0,65.0,1363,manual,100.0,50.0
506,POWER SAVING,293.0,812.0,47.0,61.0,66.0,1319,manual,100.0,42.0
507,POWER SAVING,289.0,906.0,47.0,60.0,65.0,1319,manual,100.0,42.0
508,POWER SAVING,277.0,812.0,46.0,61.0,66.0,1502,manual,100.0,50.0
509,POWER SAVING,290.0,806.0,47.0,60.0,65.0,1319,manual,100.0,43.0
510,POWER SAVING,282.0,812.0,47.0,60.0,65.0,1319,manual,100.0,42.0
511,POWER SAVING,292.0,793.0,47.0,61.0,66.0,1283,manual,100.0,43.0
512,POWER SAVING,295.0,912.0,47.0,60.0,66.0,1283,manual,100.0,42.0
513,POWER SAVING,284.0,806.0,47.0,61.0,66.0,1502,manual,100.0,51.0
514,POWER SAVING,290.0,793.0,47.0,60.0,66.0,1319,manual,100.0,43.0
515,POWER SAVING,292.0,806.0,47.0,60.0,66.0,1283,manual,100.0,43.0
516,POWER SAVING,282.0,793.0,47.0,61.0,66.0,1319,manual,100.0,42.0
517,POWER SAVING,44.0,893.0,48.0,60.0,65.0,300,manual,12.0,0.0
518,POWER SAVING,280.0,812.0,48.0,61.0,66.0,1472,manual,100.0,58.0
519,POWER SAVING,290.0,787.0,47.0,61.0,66.0,1319,manual,100.0,44.0
520,POWER SAVING,294.0,912.0,47.0,61.0,66.0,1319,manual,100.0,42.0
521,POWER SAVING,284.0,812.0,47.0,62.0,67.0,1283,manual,100.0,43.0
522,POWER SAVING,285.0,893.0,48.0,61.0,66.0,1319,manual,100.0,43.0
523,POWER SAVING,232.0,906.0,47.0,60.0,54.0,1502,manual,100.0,2.0
524,POWER SAVING,294.0,912.0,47.0,60.0,63.0,1319,manual,100.0,43.0
525,POWER SAVING,284.0,806.0,47.0,62.0,66.0,1319,manual,100.0,42.0
526,POWER SAVING,286.0,912.0,47.0,61.0,66.0,1283,manual,100.0,43.0
527,POWER SAVING,292.0,806.0,48.0,61.0,67.0,1472,manual,100.0,54.0
528,POWER SAVING,281.0,812.0,48.0,61.0,66.0,1319,manual,100.0,42.0
529,POWER SAVING,272.0,793.0,47.0,61.0,66.0,1502,manual,99.0,49.0
530,POWER SAVING,283.0,793.0,48.0,61.0,66.0,1319,manual,100.0,42.0
531,POWER SAVING,282.0,812.0,48.0,61.0,66.0,1319,manual,100.0,43.0
532,POWER SAVING,285.0,793.0,48.0,61.0,66.0,1319,manual,100.0,43.0
533,POWER SAVING,284.0,912.0,48.0,61.0,66.0,1319,manual,100.0,41.0
534,POWER SAVING,280.0,806.0,47.0,62.0,67.0,1319,manual,100.0,42.0
535,POWER SAVING,289.0,912.0,48.0,61.0,66.0,1319,manual,100.0,42.0
536,POWER SAVING,295.0,812.0,47.0,62.0,67.0,1472,manual,100.0,54.0
537,POWER SAVING,290.0,806.0,48.0,61.0,66.0,1319,manual,100.0,42.0
538,POWER SAVING,291.0,806.0,47.0,61.0,65.0,1319,manual,100.0,42.0
539,POWER SAVING,280.0,812.0,48.0,61.0,66.0,1319,manual,100.0,42.0
540,POWER SAVING,291.0,906.0,48.0,61.0,66.0,1319,manual,100.0,42.0
541,POWER SAVING,289.0,812.0,48.0,62.0,67.0,1319,manual,99.0,42.0
542,POWER SAVING,286.0,912.0,48.0,61.0,66.0,1319,manual,100.0,41.0
543,POWER SAVING,281.0,812.0,48.0,62.0,67.0,1502,manual,100.0,51.0
544,POWER SAVING,291.0,812.0,48.0,61.0,66.0,1319,manual,100.0,40.0
545,POWER SAVING,185.0,831.0,48.0,61.0,66.0,1404,manual,100.0,48.0
546,POWER SAVING,288.0,806.0,48.0,62.0,66.0,1319,manual,100.0,39.0
547,POWER SAVING,286.0,893.0,48.0,62.0,66.0,1363,manual,100.0,41.0
548,POWER SAVING,286.0,831.0,48.0,62.0,67.0,1319,manual,99.0,40.0
549,POWER SAVING,284.0,912.0,48.0,62.0,66.0,1363,manual,100.0,39.0
550,POWER SAVING,291.0,812.0,48.0,62.0,66.0,1502,manual,100.0,56.0
551,POWER SAVING,287.0,806.0,48.0,62.0,66.0,1319,manual,100.0,41.0
552,POWER SAVING,231.0,906.0,48.0,60.0,56.0,1502,manual,100.0,2.0
553,POWER SAVING,283.0,875.0,48.0,61.0,62.0,1363,manual,100.0,39.0
554,POWER SAVING,272.0,812.0,48.0,62.0,65.0,1502,manual,99.0,49.0
555,POWER SAVING,286.0,806.0,48.0,62.0,65.0,1319,manual,100.0,39.0
556,POWER SAVING,287.0,912.0,48.0,62.0,65.0,1319,manual,100.0,40.0
557,POWER SAVING,316.0,825.0,48.0,62.0,68.0,1363,manual,99.0,40.0
558,POWER SAVING,295.0,812.0,49.0,62.0,66.0,1319,manual,100.0,38.0
559,POWER SAVING,279.0,812.0,49.0,62.0,65.0,1472,manual,100.0,57.0
560,POWER SAVING,293.0,825.0,48.0,62.0,66.0,1363,manual,100.0,38.0
561,POWER SAVING,293.0,912.0,48.0,62.0,65.0,1363,manual,100.0,37.0
562,POWER SAVING,291.0,831.0,48.0,62.0,66.0,1502,manual,100.0,56.0
563,POWER SAVING,284.0,812.0,48.0,62.0,66.0,1319,manual,100.0,38.0
564,POWER SAVING,293.0,912.0,49.0,62.0,65.0,1363,manual,100.0,38.0
565,POWER SAVING,284.0,806.0,49.0,63.0,67.0,1502,manual,100.0,51.0
566,POWER SAVING,287.0,812.0,49.0,63.0,65.0,1363,manual,100.0,37.0
567,POWER SAVING,289.0,825.0,48.0,62.0,65.0,1363,manual,100.0,36.0
568,POWER SAVING,290.0,825.0,48.0,63.0,66.0,1363,manual,100.0,36.0
569,POWER SAVING,292.0,868.0,49.0,62.0,66.0,1319,manual,100.0,37.0
570,POWER SAVING,274.0,831.0,49.0,62.0,66.0,1502,manual,99.0,50.0
571,POWER SAVING,278.0,812.0,49.0,63.0,66.0,1363,manual,100.0,37.0
572,POWER SAVING,279.0,893.0,49.0,62.0,65.0,1363,manual,100.0,36.0
573,POWER SAVING,284.0,825.0,48.0,63.0,67.0,1502,manual,100.0,51.0
574,POWER SAVING,294.0,825.0,49.0,62.0,66.0,1319,manual,100.0,37.0
575,POWER SAVING,289.0,912.0,49.0,62.0,65.0,1363,manual,100.0,37.0
576,POWER SAVING,283.0,825.0,48.0,63.0,68.0,1502,manual,100.0,51.0
577,POWER SAVING,292.0,831.0,49.0,63.0,66.0,1319,manual,100.0,38.0
578,POWER SAVING,292.0,906.0,49.0,62.0,66.0,1363,manual,100.0,37.0
579,POWER SAVING,291.0,831.0,49.0,63.0,68.0,1363,manual,100.0,36.0
580,POWER SAVING,289.0,831.0,49.0,62.0,66.0,1363,manual,100.0,37.0
581,POWER SAVING,291.0,825.0,49.0,62.0,66.0,1363,manual,100.0,31.0
582,POWER SAVING,231.0,906.0,48.0,60.0,62.0,1502,manual,100.0,2.0
583,POWER SAVING,233.0,831.0,48.0,61.0,54.0,1502,manual,100.0,2.0
584,POWER SAVING,291.0,812.0,49.0,63.0,65.0,1363,manual,100.0,38.0
585,POWER SAVING,292.0,912.0,49.0,62.0,65.0,1363,manual,100.0,38.0
586,POWER SAVING,274.0,831.0,49.0,62.0,66.0,1502,manual,99.0,50.0
587,POWER SAVING,291.0,831.0,48.0,63.0,66.0,1363,manual,100.0,37.0
588,POWER SAVING,291.0,893.0,49.0,62.0,66.0,1363,manual,100.0,38.0
589,POWER SAVING,286.0,831.0,49.0,62.0,66.0,1502,manual,100.0,54.0
590,POWER SAVING,290.0,831.0,49.0,63.0,67.0,1319,manual,100.0,36.0
591,POWER SAVING,291.0,875.0,49.0,63.0,66.0,1363,manual,100.0,38.0
592,POWER SAVING,286.0,831.0,49.0,63.0,66.0,1502,manual,99.0,50.0
593,POWER SAVING,292.0,831.0,49.0,63.0,67.0,1319,manual,100.0,38.0
594,POWER SAVING,283.0,875.0,49.0,62.0,66.0,1363,manual,100.0,37.0
595,POWER SAVING,284.0,831.0,49.0,63.0,66.0,1502,manual,100.0,57.0
596,POWER SAVING,293.0,831.0,49.0,63.0,67.0,1363,manual,100.0,38.0
597,POWER SAVING,279.0,862.0,49.0,63.0,66.0,1363,manual,100.0,38.0
598,POWER SAVING,286.0,812.0,49.0,63.0,66.0,1502,manual,100.0,54.0
599,POWER SAVING,99.0,812.0,49.0,63.0,67.0,1502,manual,61.0,0.0
600,POWER SAVING,280.0,812.0,50.0,63.0,66.0,1363,manual,100.0,37.0
601,POWER SAVING,267.0,831.0,49.0,63.0,66.0,1472,manual,100.0,57.0
602,POWER SAVING,293.0,831.0,49.0,63.0,67.0,1363,manual,100.0,36.0
603,POWER SAVING,292.0,893.0,49.0,63.0,66.0,1363,manual,100.0,38.0
604,POWER SAVING,277.0,825.0,49.0,63.0,66.0,1502,manual,99.0,50.0
605,POWER SAVING,295.0,831.0,49.0,63.0,67.0,1319,manual,100.0,38.0
606,POWER SAVING,291.0,912.0,49.0,63.0,66.0,1363,manual,100.0,38.0
607,POWER SAVING,281.0,812.0,49.0,63.0,67.0,1472,manual,100.0,55.0
608,POWER SAVING,282.0,831.0,50.0,63.0,67.0,1363,manual,100.0,38.0
609,POWER SAVING,283.0,912.0,49.0,63.0,66.0,1363,manual,100.0,39.0
610,POWER SAVING,278.0,831.0,49.0,63.0,68.0,1502,manual,100.0,50.0
611,POWER SAVING,283.0,825.0,49.0,63.0,67.0,1363,manual,100.0,39.0
612,POWER SAVING,295.0,912.0,49.0,63.0,66.0,1319,manual,100.0,39.0
613,POWER SAVING,259.0,912.0,49.0,61.0,64.0,1502,manual,98.0,46.0
614,POWER SAVING,233.0,831.0,49.0,62.0,55.0,1502,manual,100.0,2.0
615,POWER SAVING,292.0,831.0,49.0,63.0,66.0,1363,manual,100.0,39.0
616,POWER SAVING,282.0,812.0,49.0,63.0,66.0,1319,manual,100.0,39.0
617,POWER SAVING,278.0,831.0,50.0,63.0,66.0,1502,manual,100.0,57.0
618,POWER SAVING,285.0,812.0,49.0,63.0,67.0,1363,manual,100.0,38.0
619,POWER SAVING,300.0,912.0,49.0,63.0,67.0,1319,manual,100.0,40.0
620,POWER SAVING,274.0,812.0,49.0,63.0,67.0,1502,manual,99.0,50.0
621,POWER SAVING,286.0,831.0,49.0,63.0,67.0,1319,manual,100.0,38.0
622,POWER SAVING,295.0,912.0,50.0,63.0,66.0,1319,manual,100.0,38.0
623,POWER SAVING,284.0,812.0,50.0,63.0,68.0,1502,manual,100.0,51.0
624,POWER SAVING,284.0,806.0,49.0,63.0,67.0,1363,manual,100.0,39.0
625,POWER SAVING,283.0,912.0,50.0,63.0,67.0,1363,manual,100.0,40.0
626,POWER SAVING,286.0,812.0,49.0,64.0,69.0,1502,manual,100.0,52.0
627,POWER SAVING,288.0,825.0,49.0,63.0,67.0,1319,manual,100.0,39.0
628,POWER SAVING,295.0,831.0,49.0,63.0,67.0,1319,manual,100.0,39.0
629,POWER SAVING,277.0,906.0,49.0,64.0,66.0,1502,manual,100.0,22.0
630,POWER SAVING,305.0,662.0,48.0,62.0,56.0,1502,manual,99.0,54.0
631,POWER SAVING,71.0,931.0,45.0,49.0,53.0,1502,manual,2.0,0.0
632,POWER SAVING,54.0,925.0,44.0,48.0,51.0,300,manual,1.0,0.0
633,POWER SAVING,55.0,925.0,44.0,47.0,50.0,1502,manual,4.0,0.0
634,POWER SAVING,55.0,662.0,43.0,46.0,50.0,300,manual,1.0,0.0
635,POWER SAVING,48.0,662.0,42.0,46.0,50.0,300,manual,0.0,2.0
636,POWER SAVING,47.0,668.0,42.0,46.0,49.0,300,manual,0.0,2.0
637,POWER SAVING,39.0,668.0,41.0,45.0,48.0,300,manual,0.0,0.0
638,POWER SAVING,40.0,925.0,41.0,45.0,48.0,300,manual,0.0,0.0
639,POWER SAVING,40.0,662.0,41.0,44.0,47.0,300,manual,0.0,0.0
640,POWER SAVING,39.0,662.0,41.0,44.0,47.0,300,manual,0.0,0.0
641,POWER SAVING,74.0,925.0,40.0,44.0,47.0,1502,manual,2.0,0.0
642,POWER SAVING,57.0,662.0,40.0,43.0,47.0,1502,manual,32.0,4.0
643,POWER SAVING,40.0,931.0,39.0,43.0,46.0,300,manual,4.0,0.0
644,POWER SAVING,68.0,668.0,39.0,43.0,46.0,1502,manual,4.0,1.0
645,POWER SAVING,59.0,931.0,39.0,43.0,46.0,300,manual,1.0,1.0
646,POWER SAVING,39.0,662.0,38.0,42.0,46.0,300,manual,0.0,0.0
647,POWER SAVING,39.0,925.0,38.0,42.0,45.0,300,manual,1.0,0.0
648,POWER SAVING,45.0,925.0,41.0,49.0,50.0,1502,manual,5.0,0.0
649,POWER SAVING,322.0,925.0,42.0,54.0,61.0,1319,manual,100.0,74.0
650,POWER SAVING,266.0,912.0,41.0,53.0,50.0,1502,manual,99.0,21.0
651,POWER SAVING,273.0,806.0,42.0,54.0,59.0,1363,manual,99.0,58.0
652,POWER SAVING,242.0,912.0,42.0,55.0,62.0,1404,manual,99.0,10.0
653,POWER SAVING,249.0,818.0,42.0,55.0,61.0,1319,manual,100.0,52.0
654,POWER SAVING,300.0,912.0,43.0,55.0,63.0,1363,manual,100.0,19.0
655,POWER SAVING,323.0,831.0,43.0,56.0,63.0,1283,manual,99.0,75.0
656,POWER SAVING,208.0,912.0,43.0,57.0,57.0,1502,manual,100.0,10.0
657,POWER SAVING,221.0,912.0,44.0,57.0,57.0,1472,manual,100.0,7.0
658,POWER SAVING,215.0,925.0,44.0,58.0,56.0,1502,manual,100.0,10.0
659,POWER SAVING,289.0,912.0,44.0,57.0,59.0,1363,manual,100.0,15.0
660,POWER SAVING,238.0,906.0,44.0,57.0,58.0,1430,manual,100.0,9.0
661,POWER SAVING,323.0,918.0,43.0,57.0,64.0,1283,manual,99.0,75.0
662,POWER SAVING,331.0,831.0,43.0,57.0,63.0,1319,manual,99.0,72.0
663,POWER SAVING,282.0,793.0,43.0,58.0,55.0,1363,manual,100.0,30.0
664,POWER SAVING,259.0,812.0,43.0,57.0,54.0,1502,manual,100.0,29.0
665,POWER SAVING,250.0,806.0,43.0,57.0,54.0,1502,manual,100.0,23.0
666,POWER SAVING,251.0,793.0,43.0,57.0,53.0,1502,manual,100.0,24.0
667,POWER SAVING,156.0,793.0,44.0,58.0,54.0,1502,manual,100.0,2.0
668,POWER SAVING,201.0,825.0,43.0,56.0,56.0,1502,manual,99.0,4.0
669,POWER SAVING,201.0,850.0,44.0,57.0,56.0,1502,manual,100.0,4.0
670,POWER SAVING,202.0,825.0,44.0,57.0,56.0,1502,manual,100.0,4.0
671,POWER SAVING,236.0,825.0,44.0,58.0,56.0,1502,manual,99.0,25.0
672,POWER SAVING,211.0,906.0,44.0,57.0,55.0,1502,manual,99.0,20.0
673,POWER SAVING,111.0,912.0,44.0,58.0,54.0,1502,manual,100.0,9.0
674,POWER SAVING,221.0,912.0,45.0,58.0,55.0,1502,manual,100.0,10.0
675,POWER SAVING,273.0,912.0,45.0,59.0,55.0,1502,manual,99.0,20.0
676,POWER SAVING,270.0,912.0,45.0,59.0,55.0,1502,manual,99.0,19.0
677,POWER SAVING,271.0,912.0,45.0,59.0,56.0,1404,manual,100.0,11.0
678,POWER SAVING,334.0,912.0,45.0,59.0,57.0,1363,manual,100.0,17.0
679,POWER SAVING,210.0,912.0,45.0,59.0,58.0,1502,manual,100.0,11.0
680,POWER SAVING,318.0,912.0,45.0,59.0,60.0,1363,manual,100.0,19.0
681,POWER SAVING,313.0,856.0,45.0,58.0,65.0,1283,manual,99.0,68.0
682,POWER SAVING,334.0,875.0,45.0,58.0,62.0,1319,manual,99.0,69.0
683,POWER SAVING,326.0,825.0,45.0,58.0,62.0,1319,manual,99.0,75.0
684,POWER SAVING,301.0,856.0,45.0,59.0,61.0,1283,manual,99.0,59.0
685,POWER SAVING,303.0,831.0,45.0,58.0,61.0,1283,manual,99.0,53.0
686,POWER SAVING,325.0,850.0,45.0,58.0,61.0,1363,manual,99.0,59.0
687,POWER SAVING,329.0,831.0,45.0,58.0,59.0,1319,manual,99.0,60.0
688,POWER SAVING,293.0,825.0,45.0,60.0,56.0,1319,manual,100.0,30.0
689,POWER SAVING,324.0,812.0,45.0,59.0,56.0,1404,manual,99.0,31.0
690,POWER SAVING,255.0,793.0,45.0,59.0,55.0,1502,manual,99.0,25.0
691,POWER SAVING,156.0,825.0,45.0,59.0,55.0,1502,manual,100.0,2.0
692,POWER SAVING,210.0,831.0,45.0,58.0,55.0,1502,manual,100.0,3.0
693,POWER SAVING,210.0,812.0,45.0,58.0,55.0,1502,manual,99.0,3.0
694,POWER SAVING,206.0,831.0,45.0,58.0,57.0,1502,manual,100.0,4.0
695,POWER SAVING,216.0,862.0,45.0,58.0,57.0,1502,manual,99.0,19.0
696,POWER SAVING,291.0,881.0,45.0,58.0,56.0,1502,manual,99.0,55.0
697,POWER SAVING,250.0,912.0,45.0,59.0,57.0,1502,manual,100.0,13.0
698,POWER SAVING,258.0,912.0,46.0,60.0,57.0,1502,manual,100.0,15.0
699,POWER SAVING,209.0,912.0,45.0,60.0,57.0,1502,manual,100.0,10.0
700,POWER SAVING,216.0,912.0,46.0,59.0,57.0,1502,manual,100.0,10.0
701,POWER SAVING,263.0,912.0,46.0,60.0,57.0,1502,manual,99.0,17.0
702,POWER SAVING,318.0,893.0,46.0,60.0,58.0,1363,manual,100.0,16.0
703,POWER SAVING,373.0,912.0,46.0,59.0,61.0,1430,manual,100.0,20.0
704,POWER SAVING,275.0,912.0,46.0,60.0,60.0,1363,manual,100.0,17.0
705,POWER SAVING,208.0,912.0,46.0,59.0,63.0,1430,manual,100.0,5.0
706,POWER SAVING,251.0,906.0,46.0,59.0,65.0,1319,manual,99.0,17.0
707,POWER SAVING,366.0,912.0,46.0,60.0,61.0,1430,manual,100.0,23.0
708,POWER SAVING,293.0,912.0,46.0,60.0,66.0,1283,manual,99.0,47.0
709,POWER SAVING,341.0,906.0,45.0,59.0,64.0,1319,manual,99.0,35.0
710,POWER SAVING,326.0,862.0,46.0,59.0,63.0,1319,manual,99.0,74.0
711,POWER SAVING,314.0,906.0,46.0,58.0,63.0,1319,manual,99.0,60.0
712,POWER SAVING,314.0,831.0,46.0,59.0,60.0,1283,manual,99.0,60.0
713,POWER SAVING,327.0,812.0,46.0,59.0,61.0,1363,manual,99.0,59.0
714,POWER SAVING,332.0,787.0,46.0,60.0,58.0,1319,manual,99.0,59.0
715,POWER SAVING,296.0,893.0,45.0,60.0,56.0,1319,manual,100.0,30.0
716,POWER SAVING,327.0,793.0,46.0,60.0,57.0,1319,manual,99.0,58.0
717,POWER SAVING,281.0,793.0,45.0,60.0,56.0,1363,manual,100.0,30.0
718,POWER SAVING,258.0,806.0,45.0,59.0,56.0,1502,manual,99.0,27.0
719,POWER SAVING,325.0,793.0,46.0,60.0,56.0,1404,manual,99.0,31.0
720,POWER SAVING,298.0,806.0,45.0,60.0,57.0,1363,manual,99.0,30.0
721,POWER SAVING,223.0,793.0,45.0,59.0,56.0,1502,manual,99.0,34.0
722,POWER SAVING,157.0,806.0,45.0,59.0,55.0,1502,manual,100.0,1.0
723,POWER SAVING,210.0,806.0,45.0,59.0,56.0,1502,manual,99.0,3.0
724,POWER SAVING,210.0,806.0,45.0,59.0,56.0,1502,manual,100.0,3.0
725,POWER SAVING,205.0,825.0,46.0,59.0,57.0,1502,manual,100.0,4.0
726,POWER SAVING,234.0,825.0,46.0,59.0,58.0,1502,manual,99.0,25.0
727,POWER SAVING,236.0,831.0,46.0,59.0,58.0,1502,manual,99.0,27.0
728,POWER SAVING,237.0,812.0,46.0,59.0,58.0,1502,manual,99.0,27.0
729,POWER SAVING,235.0,825.0,46.0,59.0,58.0,1502,manual,100.0,26.0
730,POWER SAVING,260.0,912.0,46.0,60.0,57.0,1502,manual,99.0,38.0
731,POWER SAVING,291.0,912.0,46.0,59.0,57.0,1502,manual,99.0,55.0
732,POWER SAVING,253.0,912.0,46.0,60.0,57.0,1502,manual,100.0,13.0
733,POWER SAVING,167.0,893.0,47.0,61.0,58.0,1502,manual,100.0,1.0
734,POWER SAVING,292.0,912.0,46.0,60.0,60.0,1363,manual,100.0,16.0
735,POWER SAVING,350.0,912.0,47.0,61.0,59.0,1430,manual,100.0,7.0
736,POWER SAVING,352.0,906.0,47.0,61.0,59.0,1404,manual,100.0,19.0
737,POWER SAVING,362.0,906.0,46.0,60.0,60.0,1430,manual,100.0,15.0
738,POWER SAVING,208.0,912.0,46.0,60.0,60.0,1502,manual,100.0,10.0
739,POWER SAVING,205.0,906.0,46.0,60.0,61.0,1472,manual,100.0,6.0
740,POWER SAVING,360.0,912.0,47.0,60.0,60.0,1363,manual,100.0,19.0
741,POWER SAVING,369.0,912.0,46.0,59.0,63.0,1363,manual,100.0,21.0
742,POWER SAVING,196.0,925.0,46.0,60.0,66.0,1363,manual,96.0,25.0
743,POWER SAVING,365.0,925.0,46.0,59.0,65.0,1363,manual,99.0,35.0
744,POWER SAVING,317.0,900.0,46.0,59.0,63.0,1319,manual,99.0,60.0
745,POWER SAVING,314.0,825.0,47.0,60.0,63.0,1283,manual,99.0,60.0
746,POWER SAVING,300.0,881.0,46.0,60.0,62.0,1283,manual,99.0,39.0
747,POWER SAVING,314.0,787.0,46.0,60.0,59.0,1319,manual,99.0,60.0
748,POWER SAVING,297.0,806.0,46.0,60.0,57.0,1319,manual,100.0,30.0
749,POWER SAVING,292.0,793.0,46.0,61.0,57.0,1319,manual,100.0,30.0
750,POWER SAVING,355.0,793.0,46.0,60.0,56.0,1472,manual,99.0,32.0
751,POWER SAVING,258.0,800.0,45.0,60.0,56.0,1502,manual,100.0,25.0
752,POWER SAVING,257.0,831.0,46.0,60.0,56.0,1502,manual,100.0,25.0
753,POWER SAVING,210.0,787.0,46.0,60.0,56.0,1502,manual,100.0,3.0
754,POWER SAVING,208.0,806.0,46.0,60.0,58.0,1502,manual,99.0,5.0
755,POWER SAVING,303.0,906.0,47.0,59.0,57.0,1472,manual,99.0,45.0
756,POWER SAVING,251.0,912.0,47.0,60.0,57.0,1502,manual,99.0,42.0
757,POWER SAVING,121.0,912.0,46.0,60.0,53.0,1502,manual,100.0,0.0
758,POWER SAVING,212.0,912.0,46.0,59.0,62.0,1430,manual,100.0,5.0
759,POWER SAVING,164.0,868.0,46.0,60.0,65.0,1319,manual,99.0,58.0
760,POWER SAVING,324.0,831.0,46.0,60.0,64.0,1319,manual,99.0,74.0
761,POWER SAVING,297.0,831.0,46.0,60.0,63.0,1283,manual,99.0,55.0
762,POWER SAVING,331.0,893.0,46.0,60.0,61.0,1319,manual,99.0,59.0
763,POWER SAVING,314.0,818.0,46.0,60.0,60.0,1283,manual,99.0,60.0
764,POWER SAVING,318.0,831.0,46.0,60.0,58.0,1319,manual,99.0,61.0
765,POWER SAVING,317.0,831.0,46.0,61.0,57.0,1363,manual,100.0,31.0
766,POWER SAVING,210.0,806.0,46.0,60.0,56.0,1502,manual,100.0,3.0
767,POWER SAVING,210.0,787.0,46.0,60.0,56.0,1502,manual,99.0,3.0
768,POWER SAVING,206.0,812.0,46.0,60.0,58.0,1502,manual,99.0,4.0
769,POWER SAVING,258.0,912.0,47.0,59.0,57.0,1502,manual,99.0,36.0
770,POWER SAVING,217.0,825.0,47.0,60.0,58.0,1502,manual,99.0,19.0
771,POWER SAVING,230.0,831.0,47.0,60.0,59.0,1502,manual,99.0,26.0
772,POWER SAVING,239.0,906.0,47.0,60.0,57.0,1502,manual,99.0,48.0
773,POWER SAVING,216.0,918.0,47.0,60.0,57.0,1502,manual,100.0,5.0
774,POWER SAVING,222.0,912.0,47.0,60.0,57.0,1502,manual,100.0,6.0
775,POWER SAVING,248.0,912.0,46.0,60.0,57.0,1502,manual,100.0,12.0
776,POWER SAVING,225.0,912.0,47.0,60.0,57.0,1502,manual,100.0,10.0
777,POWER SAVING,223.0,912.0,47.0,60.0,58.0,1502,manual,100.0,9.0
778,POWER SAVING,288.0,831.0,46.0,57.0,58.0,1319,manual,99.0,33.0
779,POWER SAVING,262.0,806.0,46.0,60.0,55.0,1502,manual,99.0,41.0
780,POWER SAVING,264.0,787.0,46.0,60.0,55.0,1502,manual,99.0,43.0
781,POWER SAVING,211.0,768.0,46.0,59.0,56.0,1502,manual,99.0,4.0
782,POWER SAVING,235.0,806.0,46.0,60.0,58.0,1502,manual,99.0,27.0
783,POWER SAVING,235.0,812.0,46.0,60.0,58.0,1502,manual,99.0,27.0
784,POWER SAVING,235.0,806.0,46.0,60.0,58.0,1502,manual,99.0,27.0
785,POWER SAVING,215.0,831.0,47.0,59.0,58.0,1502,manual,99.0,20.0
786,POWER SAVING,224.0,912.0,46.0,58.0,56.0,1502,manual,99.0,7.0
787,POWER SAVING,214.0,906.0,47.0,60.0,57.0,1502,manual,100.0,12.0
788,POWER SAVING,225.0,912.0,47.0,61.0,58.0,1502,manual,99.0,10.0
789,POWER SAVING,222.0,906.0,47.0,61.0,58.0,1472,manual,100.0,7.0
790,POWER SAVING,330.0,912.0,47.0,60.0,59.0,1363,manual,100.0,18.0
791,POWER SAVING,271.0,925.0,47.0,61.0,59.0,1472,manual,100.0,10.0
792,POWER SAVING,366.0,906.0,47.0,61.0,59.0,1363,manual,100.0,21.0
793,POWER SAVING,371.0,912.0,47.0,60.0,61.0,1430,manual,100.0,20.0
794,POWER SAVING,197.0,912.0,47.0,61.0,61.0,1472,manual,100.0,6.0
795,POWER SAVING,213.0,912.0,46.0,60.0,60.0,1430,manual,100.0,8.0
796,POWER SAVING,245.0,912.0,47.0,60.0,64.0,1404,manual,99.0,15.0
797,POWER SAVING,270.0,862.0,46.0,60.0,65.0,1363,manual,98.0,67.0
798,POWER SAVING,159.0,850.0,46.0,59.0,63.0,1319,manual,98.0,47.0
799,POWER SAVING,326.0,856.0,46.0,59.0,63.0,1319,manual,99.0,57.0
800,POWER SAVING,323.0,856.0,47.0,60.0,62.0,1319,manual,99.0,60.0
801,POWER SAVING,309.0,831.0,46.0,60.0,62.0,1235,manual,99.0,55.0
802,POWER SAVING,310.0,881.0,47.0,60.0,62.0,1283,manual,99.0,61.0
803,POWER SAVING,306.0,793.0,47.0,60.0,59.0,1283,manual,99.0,61.0
804,POWER SAVING,291.0,812.0,46.0,61.0,57.0,1319,manual,100.0,31.0
805,POWER SAVING,327.0,831.0,47.0,60.0,59.0,1319,manual,99.0,61.0
806,POWER SAVING,137.0,800.0,46.0,60.0,60.0,1319,manual,98.0,51.0
807,POWER SAVING,348.0,806.0,46.0,61.0,58.0,1363,manual,99.0,58.0
808,POWER SAVING,286.0,793.0,46.0,61.0,58.0,1319,manual,100.0,31.0
809,POWER SAVING,286.0,825.0,46.0,61.0,57.0,1363,manual,100.0,31.0
810,POWER SAVING,290.0,793.0,46.0,60.0,57.0,1319,manual,100.0,30.0
811,POWER SAVING,286.0,825.0,46.0,60.0,57.0,1319,manual,99.0,31.0
812,POWER SAVING,260.0,768.0,46.0,59.0,57.0,1502,manual,100.0,25.0
813,POWER SAVING,259.0,812.0,46.0,60.0,56.0,1502,manual,99.0,25.0
814,POWER SAVING,269.0,787.0,46.0,60.0,56.0,1502,manual,100.0,29.0
815,POWER SAVING,258.0,831.0,46.0,60.0,55.0,1502,manual,99.0,26.0
816,POWER SAVING,161.0,825.0,46.0,61.0,56.0,1502,manual,100.0,1.0
817,POWER SAVING,206.0,787.0,47.0,59.0,57.0,1502,manual,100.0,4.0
818,POWER SAVING,205.0,856.0,46.0,59.0,57.0,1502,manual,100.0,4.0
819,POWER SAVING,236.0,812.0,47.0,60.0,58.0,1502,manual,100.0,27.0
820,POWER SAVING,304.0,925.0,46.0,60.0,57.0,1472,manual,99.0,31.0
821,POWER SAVING,213.0,912.0,47.0,60.0,56.0,1502,manual,100.0,5.0
822,POWER SAVING,260.0,912.0,47.0,61.0,57.0,1502,manual,100.0,14.0
823,POWER SAVING,235.0,906.0,47.0,60.0,57.0,1502,manual,100.0,10.0
824,POWER SAVING,245.0,912.0,48.0,61.0,58.0,1502,manual,100.0,9.0
825,POWER SAVING,273.0,912.0,47.0,61.0,58.0,1363,manual,100.0,10.0
826,POWER SAVING,132.0,918.0,48.0,62.0,58.0,1502,manual,100.0,0.0
827,POWER SAVING,216.0,918.0,47.0,61.0,58.0,1472,manual,100.0,3.0
828,POWER SAVING,286.0,912.0,47.0,61.0,57.0,1502,manual,98.0,22.0
829,POWER SAVING,115.0,912.0,47.0,61.0,58.0,1502,manual,100.0,15.0
830,POWER SAVING,312.0,912.0,47.0,61.0,58.0,1404,manual,100.0,16.0
831,POWER SAVING,272.0,912.0,47.0,61.0,60.0,1472,manual,100.0,10.0
832,POWER SAVING,333.0,906.0,47.0,61.0,59.0,1363,manual,100.0,19.0
833,POWER SAVING,368.0,912.0,47.0,59.0,63.0,1430,manual,100.0,22.0
834,POWER SAVING,324.0,912.0,47.0,61.0,66.0,1319,manual,99.0,74.0
835,POWER SAVING,314.0,887.0,46.0,61.0,65.0,1283,manual,99.0,46.0
836,POWER SAVING,166.0,881.0,47.0,60.0,64.0,1319,manual,98.0,64.0
837,POWER SAVING,314.0,912.0,47.0,60.0,64.0,1235,manual,99.0,34.0
838,POWER SAVING,324.0,831.0,47.0,59.0,64.0,1319,manual,99.0,74.0
839,POWER SAVING,323.0,831.0,47.0,59.0,62.0,1319,manual,99.0,62.0
840,POWER SAVING,324.0,893.0,47.0,60.0,61.0,1319,manual,99.0,61.0
841,POWER SAVING,184.0,887.0,47.0,60.0,61.0,1363,manual,99.0,68.0
842,POWER SAVING,161.0,856.0,47.0,60.0,62.0,1319,manual,99.0,57.0
843,POWER SAVING,306.0,856.0,47.0,60.0,62.0,1283,manual,99.0,53.0
844,POWER SAVING,333.0,893.0,47.0,60.0,61.0,1319,manual,99.0,61.0
845,POWER SAVING,311.0,812.0,47.0,60.0,59.0,1283,manual,99.0,61.0
846,POWER SAVING,286.0,812.0,47.0,61.0,58.0,1363,manual,100.0,31.0
847,POWER SAVING,260.0,800.0,46.0,60.0,57.0,1502,manual,100.0,25.0
848,POWER SAVING,269.0,806.0,46.0,61.0,56.0,1502,manual,100.0,29.0
849,POWER SAVING,261.0,793.0,46.0,60.0,56.0,1502,manual,99.0,25.0
850,POWER SAVING,259.0,781.0,46.0,60.0,55.0,1502,manual,99.0,26.0
851,POWER SAVING,262.0,806.0,46.0,61.0,55.0,1502,manual,99.0,30.0
852,POWER SAVING,211.0,806.0,46.0,60.0,56.0,1502,manual,99.0,3.0
853,POWER SAVING,238.0,806.0,47.0,60.0,59.0,1502,manual,100.0,26.0
854,POWER SAVING,230.0,806.0,47.0,60.0,59.0,1502,manual,99.0,27.0
855,POWER SAVING,299.0,925.0,47.0,60.0,57.0,1502,manual,99.0,42.0
856,POWER SAVING,214.0,912.0,47.0,60.0,57.0,1502,manual,100.0,5.0
857,POWER SAVING,335.0,912.0,46.0,60.0,57.0,1472,manual,100.0,35.0
858,POWER SAVING,260.0,906.0,47.0,60.0,57.0,1502,manual,99.0,48.0
859,POWER SAVING,258.0,912.0,47.0,61.0,56.0,1502,manual,100.0,39.0
860,POWER SAVING,212.0,918.0,47.0,60.0,57.0,1502,manual,100.0,4.0
861,POWER SAVING,137.0,912.0,47.0,61.0,55.0,1502,manual,100.0,0.0
862,POWER SAVING,214.0,906.0,46.0,59.0,65.0,1283,manual,99.0,49.0
863,POWER SAVING,324.0,850.0,46.0,59.0,65.0,1319,manual,99.0,73.0
864,POWER SAVING,307.0,831.0,46.0,59.0,64.0,1283,manual,99.0,46.0
865,POWER SAVING,324.0,831.0,46.0,60.0,62.0,1319,manual,99.0,61.0
866,POWER SAVING,324.0,843.0,47.0,60.0,62.0,1319,manual,99.0,61.0
867,POWER SAVING,309.0,881.0,47.0,60.0,61.0,1235,manual,99.0,43.0
868,POWER SAVING,309.0,787.0,47.0,60.0,61.0,1283,manual,99.0,61.0
869,POWER SAVING,286.0,793.0,46.0,61.0,57.0,1319,manual,100.0,31.0
870,POWER SAVING,261.0,775.0,46.0,60.0,55.0,1502,manual,99.0,27.0
871,POWER SAVING,336.0,812.0,46.0,61.0,57.0,1404,manual,100.0,33.0
872,POWER SAVING,261.0,812.0,46.0,60.0,55.0,1502,manual,100.0,27.0
873,POWER SAVING,210.0,787.0,46.0,60.0,56.0,1502,manual,99.0,4.0
874,POWER SAVING,206.0,806.0,47.0,60.0,57.0,1502,manual,100.0,4.0
875,POWER SAVING,239.0,806.0,47.0,60.0,58.0,1502,manual,99.0,27.0
876,POWER SAVING,260.0,906.0,47.0,60.0,57.0,1502,manual,99.0,38.0
877,POWER SAVING,281.0,912.0,46.0,60.0,57.0,1502,manual,99.0,56.0
878,POWER SAVING,295.0,912.0,47.0,60.0,56.0,1502,manual,100.0,31.0
879,POWER SAVING,216.0,918.0,46.0,60.0,56.0,1502,manual,100.0,5.0
880,POWER SAVING,225.0,912.0,46.0,60.0,57.0,1502,manual,100.0,5.0
881,POWER SAVING,209.0,912.0,47.0,60.0,56.0,1502,manual,100.0,3.0
882,POWER SAVING,249.0,912.0,47.0,60.0,57.0,1502,manual,100.0,14.0
883,POWER SAVING,206.0,912.0,47.0,61.0,57.0,1502,manual,100.0,11.0
884,POWER SAVING,255.0,912.0,47.0,61.0,57.0,1502,manual,100.0,12.0
885,POWER SAVING,207.0,912.0,47.0,61.0,57.0,1502,manual,100.0,12.0
886,POWER SAVING,133.0,900.0,47.0,61.0,59.0,1502,manual,100.0,0.0
887,POWER SAVING,314.0,893.0,47.0,61.0,59.0,1363,manual,100.0,15.0
888,POWER SAVING,347.0,912.0,47.0,61.0,59.0,1404,manual,100.0,17.0
889,POWER SAVING,371.0,912.0,47.0,61.0,59.0,1430,manual,100.0,19.0
890,POWER SAVING,218.0,912.0,47.0,60.0,61.0,1430,manual,100.0,6.0
891,POWER SAVING,346.0,912.0,46.0,60.0,65.0,1404,manual,99.0,35.0
892,POWER SAVING,242.0,912.0,47.0,60.0,65.0,1363,manual,99.0,14.0
893,POWER SAVING,240.0,881.0,46.0,60.0,65.0,1319,manual,99.0,62.0
894,POWER SAVING,316.0,900.0,47.0,59.0,64.0,1283,manual,99.0,72.0
895,POWER SAVING,324.0,868.0,47.0,59.0,64.0,1319,manual,99.0,73.0
896,POWER SAVING,160.0,856.0,47.0,60.0,63.0,1319,manual,99.0,63.0
897,POWER SAVING,333.0,868.0,47.0,59.0,63.0,1319,manual,99.0,58.0
898,POWER SAVING,316.0,825.0,47.0,60.0,63.0,1283,manual,99.0,75.0
899,POWER SAVING,170.0,831.0,46.0,60.0,63.0,1319,manual,99.0,62.0
900,POWER SAVING,147.0,856.0,47.0,60.0,64.0,1319,manual,99.0,52.0
901,POWER SAVING,308.0,831.0,46.0,60.0,63.0,1235,manual,99.0,42.0
902,POWER SAVING,217.0,912.0,45.0,54.0,55.0,1502,manual,99.0,17.0
903,POWER SAVING,231.0,918.0,47.0,61.0,59.0,1502,manual,99.0,20.0
904,POWER SAVING,135.0,912.0,47.0,62.0,59.0,1502,manual,100.0,0.0
905,POWER SAVING,278.0,925.0,47.0,61.0,58.0,1472,manual,100.0,12.0
906,POWER SAVING,273.0,912.0,47.0,61.0,59.0,1363,manual,100.0,12.0
907,POWER SAVING,228.0,912.0,47.0,61.0,59.0,1430,manual,100.0,6.0
908,POWER SAVING,373.0,912.0,47.0,60.0,63.0,1404,manual,100.0,23.0
909,POWER SAVING,312.0,925.0,47.0,60.0,66.0,1283,manual,99.0,69.0
910,POWER SAVING,303.0,831.0,47.0,60.0,65.0,1283,manual,99.0,54.0
911,POWER SAVING,149.0,887.0,47.0,59.0,64.0,1363,manual,99.0,54.0
912,POWER SAVING,313.0,843.0,47.0,60.0,64.0,1319,manual,99.0,60.0
913,POWER SAVING,220.0,881.0,47.0,60.0,62.0,1319,manual,98.0,51.0
914,POWER SAVING,313.0,881.0,47.0,60.0,62.0,1283,manual,99.0,59.0
915,POWER SAVING,313.0,831.0,47.0,60.0,63.0,1319,manual,99.0,60.0
916,POWER SAVING,225.0,793.0,46.0,60.0,60.0,1319,manual,99.0,51.0
917,POWER SAVING,284.0,831.0,46.0,61.0,58.0,1363,manual,100.0,30.0
918,POWER SAVING,258.0,831.0,46.0,59.0,56.0,1502,manual,99.0,25.0
919,POWER SAVING,258.0,793.0,46.0,61.0,54.0,1502,manual,99.0,26.0
920,POWER SAVING,161.0,800.0,46.0,60.0,56.0,1502,manual,100.0,1.0
921,POWER SAVING,210.0,806.0,46.0,60.0,56.0,1502,manual,100.0,3.0
922,POWER SAVING,207.0,825.0,47.0,60.0,58.0,1502,manual,100.0,4.0
923,POWER SAVING,276.0,912.0,47.0,60.0,58.0,1502,manual,99.0,57.0
924,POWER SAVING,236.0,806.0,47.0,60.0,58.0,1502,manual,100.0,26.0
925,POWER SAVING,214.0,912.0,47.0,60.0,57.0,1502,manual,100.0,4.0
926,POWER SAVING,253.0,912.0,47.0,60.0,57.0,1502,manual,100.0,14.0
927,POWER SAVING,251.0,912.0,47.0,61.0,57.0,1502,manual,100.0,13.0
928,POWER SAVING,139.0,893.0,47.0,62.0,58.0,1502,manual,100.0,0.0
929,POWER SAVING,340.0,912.0,47.0,62.0,58.0,1404,manual,100.0,17.0
930,POWER SAVING,313.0,912.0,47.0,62.0,60.0,1363,manual,100.0,15.0
931,POWER SAVING,356.0,912.0,47.0,60.0,63.0,1363,manual,100.0,19.0
932,POWER SAVING,248.0,912.0,47.0,60.0,62.0,1363,manual,100.0,10.0
933,POWER SAVING,246.0,906.0,46.0,60.0,63.0,1363,manual,99.0,14.0
934,POWER SAVING,205.0,912.0,47.0,59.0,65.0,1430,manual,99.0,6.0
935,POWER SAVING,232.0,856.0,46.0,60.0,66.0,1283,manual,99.0,58.0
936,POWER SAVING,273.0,825.0,47.0,60.0,65.0,1283,manual,99.0,52.0
937,POWER SAVING,316.0,887.0,47.0,60.0,63.0,1319,manual,99.0,59.0
938,POWER SAVING,309.0,856.0,46.0,60.0,65.0,1235,manual,100.0,66.0
939,POWER SAVING,314.0,831.0,47.0,60.0,63.0,1283,manual,99.0,59.0
940,POWER SAVING,156.0,850.0,47.0,60.0,62.0,1363,manual,99.0,45.0
941,POWER SAVING,300.0,825.0,47.0,60.0,62.0,1283,manual,99.0,42.0
942,POWER SAVING,304.0,831.0,47.0,60.0,62.0,1283,manual,99.0,55.0
943,POWER SAVING,304.0,793.0,47.0,61.0,60.0,1283,manual,99.0,59.0
944,POWER SAVING,296.0,812.0,47.0,61.0,58.0,1319,manual,99.0,30.0
945,POWER SAVING,257.0,825.0,46.0,60.0,56.0,1502,manual,100.0,27.0
946,POWER SAVING,160.0,806.0,47.0,61.0,55.0,1502,manual,100.0,8.0
947,POWER SAVING,161.0,806.0,47.0,61.0,55.0,1502,manual,100.0,1.0
948,POWER SAVING,260.0,793.0,46.0,60.0,55.0,1502,manual,100.0,34.0
949,POWER SAVING,210.0,806.0,47.0,60.0,57.0,1502,manual,100.0,3.0
950,POWER SAVING,207.0,806.0,47.0,60.0,58.0,1502,manual,100.0,4.0
951,POWER SAVING,210.0,825.0,47.0,60.0,58.0,1502,manual,100.0,8.0
952,POWER SAVING,268.0,906.0,47.0,61.0,57.0,1502,manual,99.0,41.0
953,POWER SAVING,263.0,912.0,47.0,60.0,57.0,1502,manual,100.0,39.0
954,POWER SAVING,218.0,912.0,48.0,60.0,57.0,1502,manual,100.0,9.0
955,POWER SAVING,250.0,906.0,47.0,61.0,58.0,1502,manual,100.0,15.0
956,POWER SAVING,256.0,912.0,47.0,61.0,58.0,1502,manual,100.0,15.0
957,POWER SAVING,251.0,925.0,48.0,61.0,58.0,1502,manual,100.0,12.0
958,POWER SAVING,131.0,912.0,48.0,62.0,59.0,1502,manual,100.0,0.0
959,POWER SAVING,313.0,912.0,48.0,61.0,60.0,1363,manual,100.0,15.0
960,POWER SAVING,254.0,912.0,48.0,60.0,63.0,1363,manual,100.0,11.0
961,POWER SAVING,358.0,912.0,47.0,61.0,61.0,1363,manual,100.0,21.0
962,POWER SAVING,334.0,906.0,47.0,60.0,65.0,1363,manual,99.0,20.0
963,POWER SAVING,217.0,843.0,47.0,60.0,66.0,1283,manual,99.0,66.0
964,POWER SAVING,314.0,856.0,47.0,60.0,64.0,1319,manual,99.0,60.0
965,POWER SAVING,314.0,906.0,47.0,60.0,65.0,1283,manual,99.0,60.0
966,POWER SAVING,151.0,925.0,46.0,60.0,55.0,1502,manual,99.0,1.0
967,POWER SAVING,48.0,662.0,43.0,47.0,51.0,300,manual,0.0,2.0
968,POWER SAVING,48.0,662.0,42.0,47.0,50.0,300,manual,0.0,2.0
969,POWER SAVING,40.0,662.0,42.0,45.0,49.0,300,manual,0.0,0.0
970,POWER SAVING,214.0,881.0,44.0,55.0,48.0,1502,manual,100.0,1.0
971,POWER SAVING,223.0,912.0,45.0,61.0,49.0,1502,manual,100.0,0.0
972,POWER SAVING,306.0,843.0,45.0,61.0,49.0,1430,manual,99.0,0.0
973,POWER SAVING,208.0,893.0,46.0,63.0,49.0,1502,manual,99.0,4.0
974,POWER SAVING,224.0,850.0,46.0,63.0,49.0,1502,manual,100.0,0.0
975,POWER SAVING,294.0,843.0,46.0,61.0,49.0,1404,manual,100.0,0.0
976,POWER SAVING,218.0,925.0,46.0,63.0,49.0,1502,manual,100.0,2.0
977,POWER SAVING,306.0,856.0,46.0,60.0,49.0,1430,manual,99.0,0.0
978,POWER SAVING,216.0,906.0,46.0,63.0,49.0,1502,manual,100.0,0.0
979,POWER SAVING,306.0,856.0,46.0,61.0,49.0,1404,manual,99.0,0.0
980,POWER SAVING,225.0,906.0,46.0,63.0,49.0,1502,manual,99.0,0.0
981,POWER SAVING,291.0,843.0,47.0,62.0,49.0,1404,manual,100.0,0.0
982,POWER SAVING,215.0,925.0,46.0,63.0,49.0,1502,manual,99.0,1.0
983,POWER SAVING,290.0,843.0,46.0,63.0,50.0,1404,manual,100.0,0.0
984,POWER SAVING,168.0,906.0,46.0,63.0,50.0,1502,manual,99.0,2.0
985,POWER SAVING,295.0,856.0,46.0,62.0,50.0,1404,manual,99.0,0.0
986,POWER SAVING,148.0,925.0,46.0,63.0,49.0,1502,manual,100.0,1.0
987,POWER SAVING,290.0,843.0,46.0,63.0,50.0,1404,manual,100.0,0.0
988,POWER SAVING,310.0,881.0,46.0,63.0,49.0,1430,manual,99.0,0.0
989,POWER SAVING,192.0,862.0,47.0,63.0,50.0,1430,manual,100.0,0.0
990,POWER SAVING,307.0,843.0,47.0,62.0,50.0,1404,manual,100.0,0.0
991,POWER SAVING,113.0,925.0,47.0,63.0,50.0,1502,manual,99.0,1.0
992,POWER SAVING,294.0,843.0,47.0,62.0,50.0,1404,manual,99.0,0.0
993,POWER SAVING,334.0,856.0,46.0,63.0,50.0,1472,manual,99.0,0.0
994,POWER SAVING,209.0,856.0,47.0,63.0,49.0,1502,manual,100.0,0.0
995,POWER SAVING,294.0,843.0,47.0,63.0,49.0,1404,manual,99.0,0.0
996,POWER SAVING,197.0,818.0,46.0,63.0,49.0,1430,manual,100.0,0.0
997,POWER SAVING,295.0,843.0,47.0,62.0,49.0,1404,manual,100.0,0.0
998,POWER SAVING,219.0,900.0,46.0,63.0,49.0,1502,manual,99.0,4.0
999,POWER SAVING,223.0,862.0,47.0,63.0,49.0,1430,manual,100.0,0.0
1000,POWER SAVING,297.0,843.0,47.0,63.0,49.0,1404,manual,100.0,0.0
1001,POWER SAVING,243.0,868.0,46.0,64.0,50.0,1502,manual,99.0,2.0
1002,POWER SAVING,43.0,668.0,44.0,49.0,49.0,300,manual,0.0,0.0
1003,POWER SAVING,41.0,662.0,43.0,46.0,48.0,300,manual,0.0,0.0
