index,power_profile,power_usage,voltage,edge_temperature,junction_temperature,memory_temperature,sclk,performance,gpu_usage,memory_usage
0,BOOTUP DEFAULT,44.0,656.0,47.0,50.0,51.0,300,manual,0.0,0.0
1,BOOTUP DEFAULT,272.0,893.0,48.0,61.0,62.0,1502,manual,100.0,82.0
2,BOOTUP DEFAULT,277.0,893.0,51.0,65.0,70.0,1502,manual,100.0,82.0
3,BOOTUP DEFAULT,276.0,893.0,51.0,66.0,72.0,1502,manual,100.0,82.0
4,BOOTUP DEFAULT,273.0,893.0,52.0,67.0,73.0,1502,manual,100.0,81.0
5,BOOTUP DEFAULT,275.0,893.0,52.0,67.0,73.0,1502,manual,100.0,82.0
6,BOOTUP DEFAULT,277.0,900.0,53.0,67.0,74.0,1502,manual,100.0,82.0
7,BOOTUP DEFAULT,277.0,893.0,52.0,67.0,74.0,1502,manual,100.0,82.0
8,BOOTUP DEFAULT,277.0,893.0,53.0,67.0,74.0,1502,manual,100.0,82.0
9,BOOTUP DEFAULT,277.0,900.0,53.0,68.0,74.0,1502,manual,100.0,82.0
10,BOOTUP DEFAULT,277.0,893.0,53.0,68.0,74.0,1502,manual,100.0,82.0
11,BOOTUP DEFAULT,277.0,893.0,53.0,68.0,74.0,1502,manual,100.0,82.0
12,BOOTUP DEFAULT,277.0,893.0,53.0,68.0,75.0,1502,manual,100.0,82.0
13,BOOTUP DEFAULT,277.0,893.0,53.0,68.0,75.0,1502,manual,100.0,81.0
14,BOOTUP DEFAULT,277.0,900.0,53.0,68.0,75.0,1502,manual,100.0,82.0
15,BOOTUP DEFAULT,277.0,893.0,53.0,68.0,75.0,1502,manual,100.0,82.0
16,BOOTUP DEFAULT,277.0,900.0,53.0,69.0,75.0,1502,manual,100.0,81.0
17,BOOTUP DEFAULT,277.0,893.0,53.0,69.0,75.0,1502,manual,100.0,82.0
18,BOOTUP DEFAULT,277.0,893.0,54.0,68.0,75.0,1502,manual,100.0,82.0
19,BOOTUP DEFAULT,277.0,893.0,53.0,69.0,75.0,1502,manual,100.0,82.0
20,BOOTUP DEFAULT,277.0,893.0,53.0,69.0,75.0,1502,manual,100.0,82.0
21,BOOTUP DEFAULT,277.0,893.0,53.0,69.0,75.0,1502,manual,100.0,82.0
22,BOOTUP DEFAULT,277.0,893.0,54.0,69.0,76.0,1502,manual,100.0,82.0
23,BOOTUP DEFAULT,277.0,893.0,54.0,69.0,76.0,1502,manual,100.0,81.0
24,BOOTUP DEFAULT,277.0,893.0,53.0,69.0,76.0,1502,manual,100.0,82.0
25,BOOTUP DEFAULT,277.0,900.0,54.0,69.0,76.0,1502,manual,100.0,82.0
26,BOOTUP DEFAULT,277.0,893.0,54.0,69.0,76.0,1502,manual,100.0,81.0
27,BOOTUP DEFAULT,277.0,893.0,54.0,69.0,76.0,1502,manual,100.0,82.0
28,BOOTUP DEFAULT,277.0,893.0,54.0,70.0,76.0,1502,manual,100.0,82.0
29,BOOTUP DEFAULT,277.0,893.0,54.0,69.0,76.0,1502,manual,100.0,82.0
30,BOOTUP DEFAULT,277.0,900.0,54.0,70.0,76.0,1502,manual,100.0,82.0
31,BOOTUP DEFAULT,277.0,893.0,54.0,69.0,76.0,1502,manual,100.0,82.0
32,BOOTUP DEFAULT,278.0,900.0,54.0,70.0,76.0,1502,manual,100.0,82.0
33,BOOTUP DEFAULT,277.0,900.0,54.0,70.0,76.0,1502,manual,100.0,81.0
34,BOOTUP DEFAULT,277.0,893.0,54.0,70.0,76.0,1502,manual,100.0,82.0
35,BOOTUP DEFAULT,277.0,893.0,55.0,70.0,76.0,1502,manual,100.0,82.0
36,BOOTUP DEFAULT,277.0,900.0,55.0,70.0,76.0,1502,manual,100.0,82.0
37,BOOTUP DEFAULT,277.0,893.0,55.0,70.0,77.0,1502,manual,100.0,82.0
38,BOOTUP DEFAULT,277.0,893.0,55.0,70.0,76.0,1502,manual,100.0,82.0
39,BOOTUP DEFAULT,277.0,893.0,54.0,70.0,76.0,1502,manual,100.0,82.0
40,BOOTUP DEFAULT,279.0,893.0,54.0,71.0,77.0,1502,manual,100.0,81.0
41,BOOTUP DEFAULT,277.0,893.0,55.0,70.0,76.0,1502,manual,100.0,82.0
42,BOOTUP DEFAULT,277.0,893.0,55.0,70.0,76.0,1502,manual,100.0,82.0
43,BOOTUP DEFAULT,277.0,893.0,55.0,70.0,77.0,1502,manual,100.0,82.0
44,BOOTUP DEFAULT,277.0,893.0,54.0,71.0,77.0,1502,manual,100.0,82.0
45,BOOTUP DEFAULT,277.0,900.0,55.0,71.0,77.0,1502,manual,100.0,82.0
46,BOOTUP DEFAULT,278.0,893.0,55.0,70.0,77.0,1502,manual,100.0,82.0
47,BOOTUP DEFAULT,277.0,900.0,55.0,71.0,77.0,1502,manual,100.0,82.0
48,BOOTUP DEFAULT,277.0,893.0,55.0,70.0,77.0,1502,manual,100.0,82.0
49,BOOTUP DEFAULT,277.0,893.0,55.0,70.0,77.0,1502,manual,100.0,82.0
50,BOOTUP DEFAULT,277.0,893.0,55.0,70.0,77.0,1502,manual,100.0,81.0
51,BOOTUP DEFAULT,277.0,893.0,55.0,70.0,77.0,1502,manual,100.0,81.0
52,BOOTUP DEFAULT,277.0,893.0,55.0,71.0,77.0,1502,manual,100.0,82.0
53,BOOTUP DEFAULT,277.0,900.0,55.0,71.0,77.0,1502,manual,100.0,82.0
54,BOOTUP DEFAULT,277.0,893.0,55.0,71.0,77.0,1502,manual,100.0,82.0
55,BOOTUP DEFAULT,275.0,893.0,55.0,70.0,77.0,1502,manual,100.0,81.0
56,BOOTUP DEFAULT,277.0,900.0,55.0,71.0,77.0,1502,manual,100.0,82.0
57,BOOTUP DEFAULT,277.0,900.0,55.0,71.0,77.0,1502,manual,100.0,82.0
58,BOOTUP DEFAULT,275.0,893.0,55.0,71.0,77.0,1502,manual,100.0,81.0
59,BOOTUP DEFAULT,278.0,900.0,55.0,70.0,77.0,1502,manual,100.0,82.0
60,BOOTUP DEFAULT,277.0,893.0,55.0,71.0,77.0,1502,manual,100.0,82.0
61,BOOTUP DEFAULT,274.0,900.0,55.0,71.0,77.0,1502,manual,100.0,81.0
62,BOOTUP DEFAULT,279.0,893.0,56.0,70.0,77.0,1502,manual,100.0,82.0
63,BOOTUP DEFAULT,277.0,900.0,56.0,71.0,77.0,1502,manual,100.0,82.0
64,BOOTUP DEFAULT,277.0,893.0,56.0,71.0,77.0,1502,manual,100.0,81.0
65,BOOTUP DEFAULT,278.0,893.0,56.0,71.0,77.0,1502,manual,100.0,82.0
66,BOOTUP DEFAULT,278.0,893.0,56.0,71.0,77.0,1502,manual,100.0,82.0
67,BOOTUP DEFAULT,277.0,893.0,56.0,71.0,77.0,1502,manual,100.0,82.0
68,BOOTUP DEFAULT,275.0,900.0,56.0,71.0,77.0,1502,manual,100.0,81.0
69,BOOTUP DEFAULT,277.0,900.0,55.0,71.0,77.0,1502,manual,100.0,82.0
70,BOOTUP DEFAULT,281.0,893.0,55.0,71.0,77.0,1502,manual,100.0,82.0
71,BOOTUP DEFAULT,277.0,900.0,55.0,71.0,77.0,1502,manual,100.0,81.0
72,BOOTUP DEFAULT,278.0,893.0,56.0,71.0,77.0,1502,manual,100.0,82.0
73,BOOTUP DEFAULT,277.0,893.0,55.0,71.0,77.0,1502,manual,100.0,82.0
74,BOOTUP DEFAULT,278.0,893.0,56.0,71.0,78.0,1502,manual,100.0,82.0
75,BOOTUP DEFAULT,278.0,900.0,56.0,71.0,77.0,1502,manual,100.0,82.0
76,BOOTUP DEFAULT,277.0,893.0,56.0,71.0,78.0,1502,manual,100.0,82.0
77,BOOTUP DEFAULT,278.0,900.0,56.0,72.0,78.0,1502,manual,100.0,82.0
78,BOOTUP DEFAULT,278.0,900.0,56.0,71.0,77.0,1502,manual,100.0,82.0
79,BOOTUP DEFAULT,277.0,893.0,56.0,71.0,77.0,1502,manual,100.0,82.0
80,BOOTUP DEFAULT,280.0,893.0,56.0,71.0,77.0,1502,manual,99.0,81.0
81,BOOTUP DEFAULT,277.0,893.0,56.0,71.0,77.0,1502,manual,100.0,82.0
82,BOOTUP DEFAULT,277.0,893.0,56.0,71.0,77.0,1502,manual,100.0,82.0
83,BOOTUP DEFAULT,277.0,893.0,56.0,71.0,77.0,1502,manual,100.0,82.0
84,BOOTUP DEFAULT,278.0,893.0,56.0,71.0,78.0,1502,manual,100.0,82.0
85,BOOTUP DEFAULT,277.0,893.0,55.0,71.0,77.0,1502,manual,100.0,82.0
86,BOOTUP DEFAULT,281.0,893.0,56.0,72.0,78.0,1502,manual,100.0,82.0
87,BOOTUP DEFAULT,278.0,893.0,56.0,71.0,78.0,1502,manual,100.0,82.0
88,BOOTUP DEFAULT,277.0,893.0,56.0,71.0,78.0,1502,manual,100.0,82.0
89,BOOTUP DEFAULT,277.0,900.0,55.0,72.0,77.0,1502,manual,100.0,82.0
90,BOOTUP DEFAULT,279.0,893.0,55.0,71.0,78.0,1502,manual,100.0,82.0
91,BOOTUP DEFAULT,277.0,893.0,56.0,71.0,77.0,1502,manual,100.0,81.0
92,BOOTUP DEFAULT,279.0,893.0,56.0,71.0,77.0,1502,manual,100.0,82.0
93,BOOTUP DEFAULT,277.0,893.0,56.0,71.0,78.0,1502,manual,100.0,82.0
94,BOOTUP DEFAULT,277.0,893.0,56.0,72.0,78.0,1502,manual,100.0,82.0
95,BOOTUP DEFAULT,278.0,893.0,56.0,71.0,78.0,1502,manual,100.0,81.0
96,BOOTUP DEFAULT,278.0,900.0,55.0,71.0,78.0,1502,manual,100.0,82.0
97,BOOTUP DEFAULT,277.0,893.0,56.0,71.0,77.0,1502,manual,100.0,82.0
98,BOOTUP DEFAULT,277.0,893.0,56.0,71.0,78.0,1502,manual,100.0,82.0
99,BOOTUP DEFAULT,280.0,900.0,56.0,71.0,77.0,1502,manual,100.0,82.0
100,BOOTUP DEFAULT,279.0,893.0,56.0,71.0,77.0,1502,manual,100.0,82.0
101,BOOTUP DEFAULT,280.0,893.0,56.0,72.0,77.0,1502,manual,100.0,82.0
102,BOOTUP DEFAULT,280.0,893.0,55.0,71.0,78.0,1502,manual,100.0,82.0
103,BOOTUP DEFAULT,278.0,900.0,56.0,71.0,77.0,1502,manual,100.0,82.0
104,BOOTUP DEFAULT,276.0,900.0,55.0,71.0,77.0,1502,manual,100.0,82.0
105,BOOTUP DEFAULT,280.0,893.0,55.0,71.0,77.0,1502,manual,100.0,82.0
106,BOOTUP DEFAULT,278.0,893.0,55.0,71.0,78.0,1502,manual,100.0,82.0
107,BOOTUP DEFAULT,275.0,893.0,56.0,71.0,77.0,1502,manual,100.0,81.0
108,BOOTUP DEFAULT,277.0,893.0,55.0,71.0,77.0,1502,manual,100.0,82.0
109,BOOTUP DEFAULT,277.0,893.0,55.0,71.0,77.0,1502,manual,100.0,82.0
110,BOOTUP DEFAULT,277.0,893.0,55.0,71.0,77.0,1502,manual,100.0,81.0
111,BOOTUP DEFAULT,277.0,893.0,55.0,71.0,77.0,1502,manual,100.0,82.0
112,BOOTUP DEFAULT,277.0,893.0,56.0,71.0,77.0,1502,manual,100.0,82.0
113,BOOTUP DEFAULT,277.0,893.0,55.0,71.0,77.0,1502,manual,100.0,81.0
114,BOOTUP DEFAULT,277.0,893.0,55.0,71.0,77.0,1502,manual,100.0,82.0
115,BOOTUP DEFAULT,277.0,893.0,55.0,71.0,77.0,1502,manual,100.0,82.0
116,BOOTUP DEFAULT,280.0,906.0,55.0,71.0,77.0,1502,manual,100.0,82.0
117,BOOTUP DEFAULT,278.0,893.0,55.0,71.0,77.0,1502,manual,100.0,82.0
118,BOOTUP DEFAULT,277.0,893.0,55.0,71.0,77.0,1502,manual,100.0,81.0
119,BOOTUP DEFAULT,277.0,893.0,56.0,71.0,77.0,1502,manual,100.0,82.0
120,BOOTUP DEFAULT,277.0,893.0,55.0,71.0,77.0,1502,manual,100.0,82.0
121,BOOTUP DEFAULT,279.0,893.0,55.0,71.0,77.0,1502,manual,100.0,82.0
122,BOOTUP DEFAULT,277.0,900.0,55.0,71.0,77.0,1502,manual,100.0,82.0
123,BOOTUP DEFAULT,277.0,893.0,55.0,71.0,77.0,1502,manual,100.0,81.0
124,BOOTUP DEFAULT,278.0,893.0,55.0,70.0,77.0,1502,manual,100.0,82.0
125,BOOTUP DEFAULT,277.0,893.0,55.0,71.0,77.0,1502,manual,100.0,82.0
126,BOOTUP DEFAULT,277.0,893.0,55.0,71.0,77.0,1502,manual,100.0,81.0
127,BOOTUP DEFAULT,278.0,900.0,55.0,70.0,77.0,1502,manual,100.0,82.0
128,BOOTUP DEFAULT,277.0,893.0,55.0,70.0,77.0,1502,manual,100.0,82.0
129,BOOTUP DEFAULT,277.0,900.0,56.0,71.0,77.0,1502,manual,100.0,82.0
130,BOOTUP DEFAULT,278.0,893.0,55.0,70.0,77.0,1502,manual,100.0,82.0
131,BOOTUP DEFAULT,274.0,900.0,55.0,70.0,77.0,1502,manual,100.0,82.0
132,BOOTUP DEFAULT,277.0,893.0,54.0,70.0,77.0,1502,manual,100.0,82.0
133,BOOTUP DEFAULT,277.0,893.0,55.0,70.0,77.0,1502,manual,100.0,82.0
134,BOOTUP DEFAULT,277.0,893.0,55.0,71.0,77.0,1502,manual,100.0,81.0
135,BOOTUP DEFAULT,277.0,893.0,54.0,70.0,77.0,1502,manual,100.0,82.0
136,BOOTUP DEFAULT,277.0,893.0,55.0,71.0,77.0,1502,manual,100.0,82.0
137,BOOTUP DEFAULT,277.0,893.0,54.0,70.0,77.0,1502,manual,100.0,82.0
138,BOOTUP DEFAULT,277.0,893.0,55.0,70.0,77.0,1502,manual,100.0,82.0
139,BOOTUP DEFAULT,277.0,893.0,55.0,70.0,77.0,1502,manual,100.0,81.0
140,BOOTUP DEFAULT,277.0,893.0,54.0,70.0,77.0,1502,manual,100.0,82.0
141,BOOTUP DEFAULT,279.0,900.0,55.0,70.0,77.0,1502,manual,100.0,82.0
142,BOOTUP DEFAULT,277.0,900.0,55.0,70.0,77.0,1502,manual,100.0,82.0
143,BOOTUP DEFAULT,277.0,893.0,55.0,70.0,77.0,1502,manual,100.0,82.0
144,BOOTUP DEFAULT,277.0,900.0,55.0,70.0,77.0,1502,manual,100.0,82.0
145,BOOTUP DEFAULT,277.0,893.0,54.0,70.0,77.0,1502,manual,100.0,82.0
146,BOOTUP DEFAULT,277.0,893.0,55.0,70.0,77.0,1502,manual,100.0,82.0
147,BOOTUP DEFAULT,277.0,893.0,55.0,70.0,77.0,1502,manual,100.0,82.0
148,BOOTUP DEFAULT,277.0,900.0,55.0,69.0,77.0,1502,manual,100.0,82.0
149,BOOTUP DEFAULT,277.0,893.0,55.0,70.0,77.0,1502,manual,100.0,82.0
150,BOOTUP DEFAULT,277.0,893.0,55.0,69.0,77.0,1502,manual,100.0,82.0
151,BOOTUP DEFAULT,277.0,893.0,55.0,70.0,77.0,1502,manual,100.0,82.0
152,BOOTUP DEFAULT,277.0,893.0,54.0,70.0,76.0,1502,manual,100.0,82.0
153,BOOTUP DEFAULT,277.0,893.0,55.0,70.0,76.0,1502,manual,100.0,82.0
154,BOOTUP DEFAULT,277.0,893.0,55.0,70.0,76.0,1502,manual,100.0,82.0
155,BOOTUP DEFAULT,277.0,893.0,54.0,69.0,76.0,1502,manual,100.0,82.0
156,BOOTUP DEFAULT,277.0,900.0,54.0,70.0,76.0,1502,manual,100.0,82.0
157,BOOTUP DEFAULT,277.0,893.0,54.0,69.0,76.0,1502,manual,100.0,82.0
158,BOOTUP DEFAULT,277.0,893.0,53.0,70.0,76.0,1502,manual,100.0,82.0
159,BOOTUP DEFAULT,277.0,893.0,54.0,69.0,76.0,1502,manual,100.0,81.0
160,BOOTUP DEFAULT,277.0,893.0,54.0,70.0,76.0,1502,manual,100.0,82.0
161,BOOTUP DEFAULT,277.0,893.0,54.0,69.0,76.0,1502,manual,100.0,82.0
162,BOOTUP DEFAULT,277.0,893.0,54.0,70.0,76.0,1502,manual,100.0,82.0
163,BOOTUP DEFAULT,277.0,893.0,54.0,70.0,76.0,1502,manual,100.0,82.0
164,BOOTUP DEFAULT,277.0,893.0,54.0,69.0,76.0,1502,manual,100.0,82.0
165,BOOTUP DEFAULT,277.0,893.0,54.0,69.0,76.0,1502,manual,100.0,81.0
166,BOOTUP DEFAULT,277.0,893.0,54.0,69.0,76.0,1502,manual,100.0,82.0
167,BOOTUP DEFAULT,277.0,900.0,54.0,69.0,76.0,1502,manual,100.0,82.0
168,BOOTUP DEFAULT,277.0,900.0,54.0,69.0,76.0,1502,manual,100.0,82.0
169,BOOTUP DEFAULT,277.0,893.0,54.0,69.0,76.0,1502,manual,100.0,82.0
170,BOOTUP DEFAULT,277.0,893.0,54.0,69.0,76.0,1502,manual,100.0,82.0
171,BOOTUP DEFAULT,277.0,893.0,54.0,69.0,76.0,1502,manual,100.0,82.0
172,BOOTUP DEFAULT,277.0,893.0,54.0,69.0,76.0,1502,manual,100.0,82.0
173,BOOTUP DEFAULT,277.0,893.0,54.0,69.0,76.0,1502,manual,100.0,82.0
174,BOOTUP DEFAULT,277.0,893.0,53.0,69.0,76.0,1502,manual,100.0,82.0
175,BOOTUP DEFAULT,277.0,893.0,54.0,68.0,76.0,1502,manual,100.0,82.0
176,BOOTUP DEFAULT,277.0,900.0,54.0,69.0,76.0,1502,manual,100.0,82.0
177,BOOTUP DEFAULT,277.0,893.0,53.0,69.0,76.0,1502,manual,100.0,82.0
178,BOOTUP DEFAULT,277.0,893.0,54.0,69.0,76.0,1502,manual,100.0,81.0
179,BOOTUP DEFAULT,277.0,893.0,54.0,69.0,76.0,1502,manual,100.0,81.0
180,BOOTUP DEFAULT,277.0,893.0,53.0,69.0,76.0,1502,manual,100.0,82.0
181,BOOTUP DEFAULT,277.0,893.0,53.0,69.0,76.0,1502,manual,100.0,82.0
182,BOOTUP DEFAULT,277.0,893.0,54.0,69.0,76.0,1502,manual,100.0,82.0
183,BOOTUP DEFAULT,277.0,893.0,54.0,69.0,76.0,1502,manual,100.0,82.0
184,BOOTUP DEFAULT,277.0,893.0,53.0,69.0,76.0,1502,manual,100.0,81.0
185,BOOTUP DEFAULT,277.0,893.0,54.0,69.0,76.0,1502,manual,100.0,82.0
186,BOOTUP DEFAULT,277.0,893.0,53.0,68.0,76.0,1502,manual,100.0,82.0
187,BOOTUP DEFAULT,277.0,893.0,53.0,68.0,76.0,1502,manual,100.0,82.0
188,BOOTUP DEFAULT,277.0,900.0,53.0,69.0,75.0,1502,manual,100.0,82.0
189,BOOTUP DEFAULT,277.0,893.0,53.0,68.0,75.0,1502,manual,100.0,82.0
190,BOOTUP DEFAULT,277.0,893.0,53.0,68.0,74.0,1502,manual,100.0,82.0
191,BOOTUP DEFAULT,273.0,893.0,53.0,69.0,76.0,1502,manual,100.0,82.0
192,BOOTUP DEFAULT,277.0,893.0,53.0,69.0,75.0,1502,manual,100.0,82.0
193,BOOTUP DEFAULT,277.0,893.0,53.0,69.0,75.0,1502,manual,100.0,82.0
194,BOOTUP DEFAULT,277.0,900.0,53.0,69.0,75.0,1502,manual,100.0,82.0
195,BOOTUP DEFAULT,277.0,893.0,53.0,68.0,75.0,1502,manual,100.0,79.0
196,BOOTUP DEFAULT,277.0,893.0,53.0,69.0,75.0,1502,manual,100.0,82.0
197,BOOTUP DEFAULT,277.0,893.0,53.0,69.0,75.0,1502,manual,100.0,82.0
198,BOOTUP DEFAULT,274.0,893.0,53.0,68.0,75.0,1502,manual,100.0,81.0
199,BOOTUP DEFAULT,277.0,893.0,53.0,69.0,75.0,1502,manual,100.0,82.0
200,BOOTUP DEFAULT,277.0,900.0,53.0,68.0,75.0,1502,manual,100.0,82.0
201,BOOTUP DEFAULT,277.0,893.0,53.0,68.0,75.0,1502,manual,100.0,82.0
202,BOOTUP DEFAULT,277.0,893.0,53.0,68.0,75.0,1502,manual,100.0,82.0
203,BOOTUP DEFAULT,277.0,893.0,53.0,68.0,75.0,1502,manual,100.0,82.0
204,BOOTUP DEFAULT,277.0,893.0,53.0,68.0,75.0,1502,manual,100.0,82.0
205,BOOTUP DEFAULT,277.0,893.0,53.0,68.0,75.0,1502,manual,100.0,82.0
206,BOOTUP DEFAULT,277.0,893.0,53.0,68.0,75.0,1502,manual,100.0,82.0
207,BOOTUP DEFAULT,277.0,893.0,53.0,68.0,75.0,1502,manual,100.0,82.0
208,BOOTUP DEFAULT,276.0,900.0,53.0,68.0,75.0,1502,manual,100.0,82.0
209,BOOTUP DEFAULT,274.0,893.0,53.0,68.0,75.0,1502,manual,100.0,82.0
210,BOOTUP DEFAULT,277.0,893.0,53.0,68.0,75.0,1502,manual,100.0,82.0
211,BOOTUP DEFAULT,276.0,893.0,53.0,68.0,75.0,1502,manual,100.0,82.0
212,BOOTUP DEFAULT,277.0,893.0,53.0,68.0,75.0,1502,manual,100.0,82.0
213,BOOTUP DEFAULT,277.0,900.0,53.0,68.0,75.0,1502,manual,100.0,82.0
214,BOOTUP DEFAULT,277.0,893.0,53.0,68.0,75.0,1502,manual,100.0,81.0
215,BOOTUP DEFAULT,277.0,893.0,53.0,68.0,75.0,1502,manual,100.0,82.0
216,BOOTUP DEFAULT,276.0,893.0,53.0,68.0,75.0,1502,manual,100.0,82.0
217,BOOTUP DEFAULT,277.0,893.0,53.0,67.0,75.0,1502,manual,100.0,81.0
218,BOOTUP DEFAULT,277.0,893.0,53.0,68.0,75.0,1502,manual,100.0,81.0
219,BOOTUP DEFAULT,275.0,893.0,53.0,67.0,75.0,1502,manual,100.0,82.0
220,BOOTUP DEFAULT,277.0,893.0,53.0,67.0,75.0,1502,manual,100.0,82.0
221,BOOTUP DEFAULT,277.0,893.0,53.0,67.0,75.0,1502,manual,100.0,82.0
222,BOOTUP DEFAULT,275.0,893.0,53.0,68.0,75.0,1502,manual,100.0,82.0
223,BOOTUP DEFAULT,277.0,893.0,53.0,68.0,75.0,1502,manual,100.0,82.0
224,BOOTUP DEFAULT,275.0,893.0,53.0,67.0,75.0,1502,manual,100.0,82.0
225,BOOTUP DEFAULT,277.0,900.0,53.0,68.0,73.0,1502,manual,100.0,82.0
226,BOOTUP DEFAULT,277.0,893.0,52.0,68.0,75.0,1502,manual,100.0,82.0
227,BOOTUP DEFAULT,277.0,893.0,53.0,67.0,75.0,1502,manual,100.0,82.0
228,BOOTUP DEFAULT,273.0,893.0,52.0,68.0,75.0,1502,manual,100.0,81.0
229,BOOTUP DEFAULT,273.0,900.0,52.0,67.0,75.0,1502,manual,100.0,81.0
230,BOOTUP DEFAULT,276.0,900.0,52.0,67.0,75.0,1502,manual,100.0,82.0
231,BOOTUP DEFAULT,277.0,893.0,52.0,68.0,74.0,1502,manual,100.0,82.0
232,BOOTUP DEFAULT,274.0,900.0,52.0,68.0,74.0,1502,manual,100.0,82.0
233,BOOTUP DEFAULT,277.0,893.0,52.0,68.0,75.0,1502,manual,100.0,82.0
234,BOOTUP DEFAULT,276.0,893.0,52.0,67.0,73.0,1502,manual,100.0,82.0
235,BOOTUP DEFAULT,277.0,893.0,53.0,67.0,74.0,1502,manual,100.0,82.0
236,BOOTUP DEFAULT,277.0,893.0,52.0,67.0,74.0,1502,manual,100.0,81.0
237,BOOTUP DEFAULT,276.0,893.0,52.0,67.0,74.0,1502,manual,100.0,82.0
238,BOOTUP DEFAULT,277.0,900.0,52.0,68.0,74.0,1502,manual,100.0,82.0
239,BOOTUP DEFAULT,276.0,893.0,52.0,67.0,74.0,1502,manual,100.0,82.0
240,BOOTUP DEFAULT,277.0,893.0,52.0,67.0,74.0,1502,manual,99.0,82.0
241,BOOTUP DEFAULT,276.0,893.0,52.0,67.0,74.0,1502,manual,100.0,82.0
242,BOOTUP DEFAULT,276.0,893.0,52.0,68.0,74.0,1502,manual,100.0,82.0
243,BOOTUP DEFAULT,276.0,900.0,52.0,67.0,74.0,1502,manual,100.0,82.0
244,BOOTUP DEFAULT,277.0,893.0,52.0,67.0,74.0,1502,manual,100.0,82.0
245,BOOTUP DEFAULT,275.0,893.0,52.0,67.0,74.0,1502,manual,100.0,82.0
246,BOOTUP DEFAULT,276.0,893.0,52.0,67.0,74.0,1502,manual,100.0,82.0
247,BOOTUP DEFAULT,277.0,893.0,52.0,67.0,74.0,1502,manual,99.0,81.0
248,BOOTUP DEFAULT,277.0,893.0,52.0,67.0,74.0,1502,manual,100.0,82.0
249,BOOTUP DEFAULT,277.0,893.0,52.0,67.0,74.0,1502,manual,100.0,82.0
250,BOOTUP DEFAULT,276.0,893.0,53.0,67.0,74.0,1502,manual,100.0,82.0
251,BOOTUP DEFAULT,276.0,900.0,52.0,66.0,74.0,1502,manual,100.0,82.0
252,BOOTUP DEFAULT,276.0,900.0,52.0,67.0,74.0,1502,manual,100.0,81.0
253,BOOTUP DEFAULT,277.0,893.0,52.0,67.0,74.0,1502,manual,100.0,82.0
254,BOOTUP DEFAULT,276.0,900.0,52.0,67.0,74.0,1502,manual,100.0,82.0
255,BOOTUP DEFAULT,277.0,900.0,52.0,67.0,74.0,1502,manual,100.0,82.0
256,BOOTUP DEFAULT,277.0,893.0,52.0,67.0,74.0,1502,manual,100.0,82.0
257,BOOTUP DEFAULT,275.0,893.0,52.0,67.0,74.0,1502,manual,100.0,82.0
258,BOOTUP DEFAULT,276.0,893.0,52.0,67.0,74.0,1502,manual,100.0,82.0
259,BOOTUP DEFAULT,276.0,893.0,52.0,67.0,74.0,1502,manual,100.0,82.0
260,BOOTUP DEFAULT,275.0,893.0,52.0,67.0,74.0,1502,manual,100.0,81.0
261,BOOTUP DEFAULT,276.0,893.0,52.0,67.0,74.0,1502,manual,100.0,82.0
262,BOOTUP DEFAULT,277.0,900.0,52.0,66.0,74.0,1502,manual,100.0,82.0
263,BOOTUP DEFAULT,273.0,893.0,52.0,67.0,74.0,1502,manual,100.0,81.0
264,BOOTUP DEFAULT,276.0,893.0,52.0,66.0,74.0,1502,manual,100.0,82.0
265,BOOTUP DEFAULT,276.0,893.0,51.0,66.0,74.0,1502,manual,100.0,82.0
266,BOOTUP DEFAULT,276.0,900.0,52.0,66.0,74.0,1502,manual,100.0,82.0
267,BOOTUP DEFAULT,276.0,893.0,52.0,67.0,74.0,1502,manual,100.0,79.0
268,BOOTUP DEFAULT,275.0,900.0,52.0,67.0,74.0,1502,manual,100.0,82.0
269,BOOTUP DEFAULT,275.0,900.0,52.0,66.0,74.0,1502,manual,100.0,82.0
270,BOOTUP DEFAULT,275.0,893.0,51.0,67.0,74.0,1502,manual,100.0,82.0
271,BOOTUP DEFAULT,275.0,900.0,51.0,67.0,74.0,1502,manual,100.0,82.0
272,BOOTUP DEFAULT,276.0,900.0,52.0,67.0,74.0,1502,manual,100.0,82.0
273,BOOTUP DEFAULT,276.0,893.0,52.0,66.0,74.0,1502,manual,100.0,82.0
274,BOOTUP DEFAULT,276.0,893.0,52.0,66.0,74.0,1502,manual,100.0,82.0
275,BOOTUP DEFAULT,275.0,900.0,51.0,66.0,73.0,1502,manual,100.0,82.0
276,BOOTUP DEFAULT,274.0,893.0,52.0,67.0,73.0,1502,manual,100.0,82.0
277,BOOTUP DEFAULT,273.0,893.0,51.0,66.0,73.0,1502,manual,100.0,81.0
278,BOOTUP DEFAULT,277.0,893.0,52.0,66.0,73.0,1502,manual,100.0,82.0
279,BOOTUP DEFAULT,276.0,893.0,51.0,66.0,73.0,1502,manual,100.0,82.0
280,BOOTUP DEFAULT,276.0,893.0,51.0,66.0,72.0,1502,manual,100.0,81.0
281,BOOTUP DEFAULT,274.0,893.0,51.0,66.0,72.0,1502,manual,100.0,82.0
282,BOOTUP DEFAULT,277.0,893.0,51.0,66.0,73.0,1502,manual,100.0,82.0
283,BOOTUP DEFAULT,274.0,893.0,51.0,66.0,73.0,1502,manual,100.0,82.0
284,BOOTUP DEFAULT,275.0,893.0,51.0,66.0,72.0,1502,manual,100.0,82.0
285,BOOTUP DEFAULT,273.0,900.0,51.0,66.0,73.0,1502,manual,100.0,82.0
286,BOOTUP DEFAULT,273.0,900.0,51.0,67.0,72.0,1502,manual,100.0,82.0
287,BOOTUP DEFAULT,275.0,893.0,51.0,67.0,72.0,1502,manual,100.0,79.0
288,BOOTUP DEFAULT,274.0,893.0,51.0,66.0,72.0,1502,manual,100.0,81.0
289,BOOTUP DEFAULT,275.0,893.0,51.0,66.0,72.0,1502,manual,100.0,82.0
290,BOOTUP DEFAULT,275.0,893.0,51.0,66.0,72.0,1502,manual,100.0,82.0
291,BOOTUP DEFAULT,273.0,893.0,51.0,66.0,72.0,1502,manual,100.0,82.0
292,BOOTUP DEFAULT,275.0,893.0,51.0,66.0,72.0,1502,manual,100.0,82.0
293,BOOTUP DEFAULT,273.0,893.0,52.0,66.0,72.0,1502,manual,100.0,82.0
294,BOOTUP DEFAULT,275.0,893.0,51.0,66.0,72.0,1502,manual,100.0,82.0
295,BOOTUP DEFAULT,274.0,893.0,51.0,66.0,72.0,1502,manual,100.0,82.0
296,BOOTUP DEFAULT,277.0,893.0,51.0,66.0,72.0,1502,manual,100.0,81.0
297,BOOTUP DEFAULT,275.0,893.0,51.0,67.0,72.0,1502,manual,100.0,82.0
298,BOOTUP DEFAULT,273.0,900.0,51.0,66.0,72.0,1502,manual,100.0,82.0
299,BOOTUP DEFAULT,271.0,900.0,51.0,66.0,72.0,1502,manual,100.0,81.0
300,BOOTUP DEFAULT,274.0,893.0,51.0,66.0,72.0,1502,manual,100.0,82.0
301,BOOTUP DEFAULT,273.0,893.0,51.0,66.0,72.0,1502,manual,100.0,82.0
302,BOOTUP DEFAULT,273.0,893.0,51.0,66.0,72.0,1502,manual,100.0,82.0
303,BOOTUP DEFAULT,272.0,893.0,51.0,66.0,72.0,1502,manual,100.0,81.0
304,BOOTUP DEFAULT,274.0,900.0,51.0,66.0,72.0,1502,manual,100.0,82.0
305,BOOTUP DEFAULT,275.0,893.0,51.0,66.0,72.0,1502,manual,100.0,82.0
306,BOOTUP DEFAULT,274.0,893.0,51.0,66.0,72.0,1502,manual,100.0,82.0
307,BOOTUP DEFAULT,274.0,900.0,51.0,66.0,72.0,1502,manual,100.0,82.0
308,BOOTUP DEFAULT,272.0,893.0,51.0,66.0,72.0,1502,manual,100.0,81.0
309,BOOTUP DEFAULT,275.0,893.0,51.0,66.0,72.0,1502,manual,100.0,82.0
310,BOOTUP DEFAULT,273.0,893.0,51.0,66.0,72.0,1502,manual,100.0,82.0
311,BOOTUP DEFAULT,273.0,893.0,51.0,66.0,72.0,1502,manual,100.0,82.0
312,BOOTUP DEFAULT,273.0,893.0,51.0,66.0,73.0,1502,manual,100.0,81.0
313,BOOTUP DEFAULT,274.0,893.0,51.0,66.0,72.0,1502,manual,100.0,82.0
314,BOOTUP DEFAULT,272.0,893.0,51.0,66.0,72.0,1502,manual,100.0,82.0
315,BOOTUP DEFAULT,274.0,893.0,51.0,65.0,72.0,1502,manual,100.0,82.0
316,BOOTUP DEFAULT,274.0,893.0,51.0,66.0,72.0,1502,manual,100.0,82.0
317,BOOTUP DEFAULT,274.0,900.0,51.0,66.0,72.0,1502,manual,100.0,82.0
318,BOOTUP DEFAULT,273.0,893.0,51.0,65.0,73.0,1502,manual,100.0,82.0
319,BOOTUP DEFAULT,274.0,900.0,51.0,66.0,73.0,1502,manual,100.0,81.0
320,BOOTUP DEFAULT,274.0,893.0,52.0,65.0,72.0,1502,manual,100.0,82.0
321,BOOTUP DEFAULT,273.0,893.0,51.0,66.0,73.0,1502,manual,100.0,82.0
322,BOOTUP DEFAULT,273.0,900.0,51.0,66.0,73.0,1502,manual,100.0,81.0
323,BOOTUP DEFAULT,273.0,893.0,51.0,66.0,73.0,1502,manual,100.0,82.0
324,BOOTUP DEFAULT,274.0,893.0,51.0,66.0,73.0,1502,manual,100.0,82.0
325,BOOTUP DEFAULT,272.0,900.0,51.0,66.0,73.0,1502,manual,100.0,82.0
326,BOOTUP DEFAULT,275.0,893.0,51.0,65.0,73.0,1502,manual,100.0,82.0
327,BOOTUP DEFAULT,273.0,900.0,51.0,66.0,72.0,1502,manual,100.0,82.0
328,BOOTUP DEFAULT,273.0,893.0,51.0,66.0,73.0,1502,manual,100.0,82.0
329,BOOTUP DEFAULT,272.0,893.0,51.0,65.0,73.0,1502,manual,100.0,82.0
330,BOOTUP DEFAULT,273.0,893.0,51.0,66.0,73.0,1502,manual,100.0,81.0
331,BOOTUP DEFAULT,274.0,893.0,50.0,66.0,72.0,1502,manual,100.0,82.0
332,BOOTUP DEFAULT,272.0,893.0,51.0,66.0,72.0,1502,manual,100.0,82.0
333,BOOTUP DEFAULT,272.0,900.0,51.0,65.0,73.0,1502,manual,100.0,81.0
334,BOOTUP DEFAULT,273.0,893.0,50.0,66.0,73.0,1502,manual,100.0,82.0
335,BOOTUP DEFAULT,274.0,900.0,51.0,66.0,73.0,1502,manual,100.0,81.0
336,BOOTUP DEFAULT,274.0,893.0,51.0,65.0,73.0,1502,manual,100.0,82.0
337,BOOTUP DEFAULT,274.0,893.0,51.0,66.0,73.0,1502,manual,100.0,82.0
338,BOOTUP DEFAULT,273.0,900.0,51.0,66.0,73.0,1502,manual,100.0,82.0
339,BOOTUP DEFAULT,272.0,900.0,51.0,65.0,73.0,1502,manual,100.0,82.0
340,BOOTUP DEFAULT,275.0,893.0,51.0,65.0,73.0,1502,manual,100.0,82.0
341,BOOTUP DEFAULT,272.0,893.0,50.0,65.0,73.0,1502,manual,100.0,82.0
342,BOOTUP DEFAULT,275.0,893.0,51.0,65.0,73.0,1502,manual,100.0,82.0
343,BOOTUP DEFAULT,272.0,893.0,50.0,65.0,73.0,1502,manual,100.0,82.0
344,BOOTUP DEFAULT,273.0,900.0,50.0,65.0,72.0,1502,manual,100.0,82.0
345,BOOTUP DEFAULT,275.0,893.0,50.0,65.0,73.0,1502,manual,100.0,82.0
346,BOOTUP DEFAULT,272.0,900.0,50.0,66.0,73.0,1502,manual,100.0,82.0
347,BOOTUP DEFAULT,272.0,893.0,50.0,65.0,72.0,1502,manual,100.0,82.0
348,BOOTUP DEFAULT,273.0,893.0,50.0,65.0,73.0,1502,manual,100.0,82.0
349,BOOTUP DEFAULT,270.0,893.0,50.0,65.0,72.0,1502,manual,100.0,81.0
350,BOOTUP DEFAULT,273.0,893.0,50.0,65.0,73.0,1502,manual,100.0,82.0
351,BOOTUP DEFAULT,272.0,893.0,51.0,65.0,71.0,1502,manual,100.0,82.0
352,BOOTUP DEFAULT,274.0,900.0,51.0,65.0,71.0,1502,manual,100.0,82.0
353,BOOTUP DEFAULT,273.0,900.0,51.0,65.0,71.0,1502,manual,100.0,82.0
354,BOOTUP DEFAULT,273.0,893.0,50.0,65.0,73.0,1502,manual,100.0,81.0
355,BOOTUP DEFAULT,273.0,900.0,50.0,65.0,71.0,1502,manual,100.0,82.0
356,BOOTUP DEFAULT,272.0,893.0,50.0,64.0,71.0,1502,manual,100.0,82.0
357,BOOTUP DEFAULT,273.0,893.0,50.0,65.0,71.0,1502,manual,100.0,82.0
358,BOOTUP DEFAULT,262.0,893.0,50.0,65.0,71.0,1502,manual,100.0,80.0
359,BOOTUP DEFAULT,274.0,900.0,50.0,65.0,71.0,1502,manual,100.0,82.0
360,BOOTUP DEFAULT,272.0,893.0,50.0,65.0,71.0,1502,manual,100.0,82.0
361,BOOTUP DEFAULT,273.0,893.0,50.0,65.0,71.0,1502,manual,100.0,82.0
362,BOOTUP DEFAULT,273.0,893.0,50.0,65.0,72.0,1502,manual,100.0,82.0
363,BOOTUP DEFAULT,273.0,893.0,50.0,65.0,71.0,1502,manual,100.0,82.0
364,BOOTUP DEFAULT,272.0,893.0,50.0,65.0,71.0,1502,manual,100.0,82.0
365,BOOTUP DEFAULT,262.0,900.0,50.0,65.0,71.0,1502,manual,100.0,81.0
366,BOOTUP DEFAULT,273.0,893.0,50.0,64.0,71.0,1502,manual,100.0,82.0
367,BOOTUP DEFAULT,270.0,900.0,50.0,65.0,71.0,1502,manual,100.0,81.0
368,BOOTUP DEFAULT,273.0,900.0,50.0,64.0,71.0,1502,manual,100.0,82.0
369,BOOTUP DEFAULT,272.0,893.0,50.0,65.0,71.0,1502,manual,100.0,82.0
370,BOOTUP DEFAULT,272.0,893.0,50.0,65.0,71.0,1502,manual,100.0,82.0
371,BOOTUP DEFAULT,274.0,893.0,50.0,65.0,71.0,1502,manual,100.0,82.0
372,BOOTUP DEFAULT,272.0,893.0,50.0,65.0,71.0,1502,manual,99.0,81.0
373,BOOTUP DEFAULT,272.0,893.0,50.0,65.0,71.0,1502,manual,100.0,82.0
374,BOOTUP DEFAULT,270.0,893.0,50.0,64.0,71.0,1502,manual,100.0,82.0
375,BOOTUP DEFAULT,272.0,900.0,50.0,64.0,71.0,1502,manual,100.0,81.0
376,BOOTUP DEFAULT,273.0,893.0,50.0,65.0,71.0,1502,manual,100.0,82.0
377,BOOTUP DEFAULT,271.0,893.0,50.0,65.0,71.0,1502,manual,100.0,81.0
378,BOOTUP DEFAULT,274.0,893.0,50.0,64.0,71.0,1502,manual,100.0,82.0
379,BOOTUP DEFAULT,273.0,893.0,50.0,64.0,72.0,1502,manual,100.0,82.0
380,BOOTUP DEFAULT,274.0,912.0,50.0,64.0,71.0,1502,manual,100.0,82.0
381,BOOTUP DEFAULT,272.0,893.0,50.0,64.0,72.0,1502,manual,100.0,82.0
382,BOOTUP DEFAULT,272.0,893.0,50.0,64.0,71.0,1502,manual,100.0,81.0
383,BOOTUP DEFAULT,272.0,893.0,50.0,65.0,72.0,1502,manual,100.0,82.0
384,BOOTUP DEFAULT,273.0,893.0,50.0,64.0,72.0,1502,manual,100.0,82.0
385,BOOTUP DEFAULT,273.0,900.0,50.0,64.0,71.0,1502,manual,100.0,82.0
386,BOOTUP DEFAULT,273.0,893.0,50.0,64.0,71.0,1502,manual,100.0,82.0
387,BOOTUP DEFAULT,272.0,893.0,49.0,64.0,71.0,1502,manual,100.0,82.0
388,BOOTUP DEFAULT,272.0,900.0,50.0,64.0,71.0,1502,manual,100.0,82.0
389,BOOTUP DEFAULT,273.0,893.0,50.0,64.0,71.0,1502,manual,100.0,82.0
390,BOOTUP DEFAULT,272.0,893.0,50.0,64.0,72.0,1502,manual,100.0,82.0
391,BOOTUP DEFAULT,273.0,893.0,49.0,64.0,71.0,1502,manual,100.0,81.0
392,BOOTUP DEFAULT,272.0,893.0,50.0,64.0,71.0,1502,manual,100.0,82.0
393,BOOTUP DEFAULT,272.0,893.0,50.0,64.0,71.0,1502,manual,100.0,82.0
394,BOOTUP DEFAULT,272.0,900.0,49.0,64.0,71.0,1502,manual,100.0,82.0
395,BOOTUP DEFAULT,273.0,893.0,49.0,64.0,71.0,1502,manual,100.0,82.0
396,BOOTUP DEFAULT,269.0,900.0,49.0,64.0,71.0,1502,manual,100.0,82.0
397,BOOTUP DEFAULT,272.0,900.0,50.0,64.0,72.0,1502,manual,100.0,82.0
398,BOOTUP DEFAULT,272.0,893.0,49.0,64.0,72.0,1502,manual,100.0,81.0
399,BOOTUP DEFAULT,272.0,893.0,49.0,64.0,72.0,1502,manual,100.0,82.0
400,BOOTUP DEFAULT,273.0,900.0,49.0,64.0,72.0,1502,manual,100.0,82.0
401,BOOTUP DEFAULT,272.0,893.0,49.0,64.0,70.0,1502,manual,100.0,82.0
402,BOOTUP DEFAULT,272.0,893.0,49.0,64.0,72.0,1502,manual,100.0,82.0
403,BOOTUP DEFAULT,273.0,893.0,49.0,64.0,70.0,1502,manual,100.0,82.0
404,BOOTUP DEFAULT,272.0,893.0,50.0,64.0,70.0,1502,manual,100.0,82.0
405,BOOTUP DEFAULT,272.0,893.0,49.0,64.0,70.0,1502,manual,100.0,82.0
406,BOOTUP DEFAULT,273.0,893.0,49.0,64.0,70.0,1502,manual,100.0,82.0
407,BOOTUP DEFAULT,273.0,893.0,49.0,64.0,70.0,1502,manual,100.0,82.0
408,BOOTUP DEFAULT,272.0,893.0,49.0,64.0,70.0,1502,manual,100.0,82.0
409,BOOTUP DEFAULT,275.0,893.0,49.0,64.0,70.0,1502,manual,100.0,82.0
410,BOOTUP DEFAULT,272.0,893.0,49.0,64.0,70.0,1502,manual,100.0,81.0
411,BOOTUP DEFAULT,272.0,893.0,49.0,64.0,71.0,1502,manual,100.0,82.0
412,BOOTUP DEFAULT,272.0,893.0,49.0,64.0,70.0,1502,manual,100.0,82.0
413,BOOTUP DEFAULT,272.0,900.0,49.0,64.0,70.0,1502,manual,100.0,81.0
414,BOOTUP DEFAULT,272.0,893.0,49.0,64.0,70.0,1502,manual,100.0,82.0
415,BOOTUP DEFAULT,272.0,893.0,49.0,64.0,70.0,1502,manual,100.0,82.0
416,BOOTUP DEFAULT,272.0,893.0,49.0,64.0,70.0,1502,manual,100.0,82.0
417,BOOTUP DEFAULT,273.0,893.0,49.0,64.0,70.0,1502,manual,100.0,82.0
418,BOOTUP DEFAULT,272.0,893.0,49.0,64.0,70.0,1502,manual,100.0,82.0
419,BOOTUP DEFAULT,272.0,893.0,49.0,64.0,70.0,1502,manual,100.0,82.0
420,BOOTUP DEFAULT,270.0,900.0,49.0,64.0,70.0,1502,manual,100.0,82.0
421,BOOTUP DEFAULT,272.0,900.0,49.0,64.0,70.0,1502,manual,100.0,82.0
422,BOOTUP DEFAULT,272.0,900.0,49.0,64.0,70.0,1502,manual,100.0,82.0
423,BOOTUP DEFAULT,273.0,893.0,49.0,64.0,70.0,1502,manual,100.0,82.0
424,BOOTUP DEFAULT,272.0,893.0,49.0,64.0,70.0,1502,manual,100.0,82.0
425,BOOTUP DEFAULT,272.0,900.0,49.0,64.0,70.0,1502,manual,100.0,82.0
426,BOOTUP DEFAULT,272.0,893.0,49.0,64.0,70.0,1502,manual,100.0,81.0
427,BOOTUP DEFAULT,273.0,893.0,49.0,64.0,70.0,1502,manual,100.0,82.0
428,BOOTUP DEFAULT,272.0,893.0,49.0,64.0,70.0,1502,manual,100.0,82.0
429,BOOTUP DEFAULT,273.0,900.0,49.0,64.0,70.0,1502,manual,100.0,82.0
430,BOOTUP DEFAULT,272.0,900.0,49.0,64.0,70.0,1502,manual,100.0,81.0
431,BOOTUP DEFAULT,272.0,900.0,49.0,64.0,70.0,1502,manual,100.0,82.0
432,BOOTUP DEFAULT,272.0,893.0,49.0,64.0,70.0,1502,manual,100.0,82.0
433,BOOTUP DEFAULT,272.0,900.0,49.0,64.0,70.0,1502,manual,100.0,82.0
434,BOOTUP DEFAULT,272.0,893.0,49.0,64.0,70.0,1502,manual,100.0,82.0
435,BOOTUP DEFAULT,272.0,893.0,49.0,64.0,70.0,1502,manual,100.0,82.0
436,BOOTUP DEFAULT,272.0,900.0,49.0,64.0,70.0,1502,manual,100.0,82.0
437,BOOTUP DEFAULT,274.0,893.0,49.0,63.0,70.0,1502,manual,100.0,82.0
438,BOOTUP DEFAULT,273.0,893.0,49.0,64.0,70.0,1502,manual,100.0,82.0
439,BOOTUP DEFAULT,273.0,893.0,49.0,64.0,70.0,1502,manual,100.0,82.0
440,BOOTUP DEFAULT,272.0,893.0,49.0,64.0,70.0,1502,manual,100.0,82.0
441,BOOTUP DEFAULT,272.0,893.0,48.0,64.0,70.0,1502,manual,100.0,82.0
442,BOOTUP DEFAULT,272.0,893.0,49.0,64.0,70.0,1502,manual,100.0,82.0
443,BOOTUP DEFAULT,272.0,893.0,49.0,64.0,70.0,1502,manual,100.0,82.0
444,BOOTUP DEFAULT,272.0,893.0,49.0,64.0,70.0,1502,manual,100.0,82.0
445,BOOTUP DEFAULT,272.0,893.0,49.0,64.0,70.0,1502,manual,100.0,82.0
446,BOOTUP DEFAULT,272.0,893.0,48.0,64.0,71.0,1502,manual,100.0,82.0
447,BOOTUP DEFAULT,272.0,893.0,49.0,64.0,70.0,1502,manual,100.0,82.0
448,BOOTUP DEFAULT,272.0,893.0,49.0,64.0,70.0,1502,manual,100.0,81.0
449,BOOTUP DEFAULT,273.0,893.0,49.0,64.0,71.0,1502,manual,100.0,82.0
450,BOOTUP DEFAULT,272.0,893.0,49.0,64.0,70.0,1502,manual,100.0,82.0
451,BOOTUP DEFAULT,272.0,893.0,49.0,64.0,70.0,1502,manual,100.0,82.0
452,BOOTUP DEFAULT,272.0,893.0,49.0,64.0,71.0,1502,manual,100.0,82.0
453,BOOTUP DEFAULT,272.0,893.0,49.0,63.0,70.0,1502,manual,100.0,82.0
454,BOOTUP DEFAULT,270.0,893.0,48.0,64.0,71.0,1502,manual,100.0,81.0
455,BOOTUP DEFAULT,272.0,893.0,48.0,64.0,70.0,1502,manual,100.0,82.0
456,BOOTUP DEFAULT,272.0,893.0,49.0,64.0,70.0,1502,manual,100.0,82.0
457,BOOTUP DEFAULT,272.0,893.0,49.0,63.0,70.0,1502,manual,100.0,82.0
458,BOOTUP DEFAULT,272.0,893.0,49.0,64.0,70.0,1502,manual,100.0,82.0
459,BOOTUP DEFAULT,272.0,893.0,49.0,63.0,71.0,1502,manual,100.0,82.0
460,BOOTUP DEFAULT,272.0,893.0,49.0,64.0,70.0,1502,manual,100.0,82.0
461,BOOTUP DEFAULT,272.0,900.0,49.0,64.0,70.0,1502,manual,100.0,82.0
462,BOOTUP DEFAULT,272.0,900.0,48.0,63.0,71.0,1502,manual,100.0,82.0
463,BOOTUP DEFAULT,272.0,893.0,48.0,64.0,70.0,1502,manual,100.0,82.0
464,BOOTUP DEFAULT,271.0,900.0,48.0,64.0,71.0,1502,manual,100.0,81.0
465,BOOTUP DEFAULT,273.0,893.0,48.0,64.0,71.0,1502,manual,100.0,82.0
466,BOOTUP DEFAULT,270.0,893.0,49.0,63.0,71.0,1502,manual,100.0,81.0
467,BOOTUP DEFAULT,272.0,893.0,49.0,64.0,71.0,1502,manual,100.0,82.0
468,BOOTUP DEFAULT,272.0,900.0,49.0,64.0,71.0,1502,manual,100.0,82.0
469,BOOTUP DEFAULT,272.0,900.0,48.0,63.0,71.0,1502,manual,100.0,82.0
470,BOOTUP DEFAULT,272.0,893.0,49.0,63.0,71.0,1502,manual,100.0,82.0
471,BOOTUP DEFAULT,272.0,900.0,48.0,64.0,69.0,1502,manual,100.0,82.0
472,BOOTUP DEFAULT,272.0,900.0,49.0,64.0,71.0,1502,manual,100.0,82.0
473,BOOTUP DEFAULT,272.0,893.0,49.0,64.0,71.0,1502,manual,100.0,82.0
474,BOOTUP DEFAULT,272.0,893.0,48.0,64.0,71.0,1502,manual,100.0,82.0
475,BOOTUP DEFAULT,269.0,893.0,48.0,64.0,71.0,1502,manual,100.0,82.0
476,BOOTUP DEFAULT,272.0,893.0,48.0,64.0,71.0,1502,manual,100.0,82.0
477,BOOTUP DEFAULT,272.0,893.0,49.0,64.0,71.0,1502,manual,100.0,82.0
478,BOOTUP DEFAULT,272.0,893.0,49.0,64.0,71.0,1502,manual,100.0,82.0
479,BOOTUP DEFAULT,272.0,893.0,48.0,64.0,71.0,1502,manual,100.0,82.0
480,BOOTUP DEFAULT,272.0,893.0,49.0,63.0,71.0,1502,manual,100.0,82.0
481,BOOTUP DEFAULT,272.0,893.0,49.0,63.0,71.0,1502,manual,100.0,81.0
482,BOOTUP DEFAULT,272.0,893.0,49.0,64.0,71.0,1502,manual,100.0,82.0
483,BOOTUP DEFAULT,272.0,893.0,48.0,63.0,71.0,1502,manual,100.0,82.0
484,BOOTUP DEFAULT,270.0,893.0,49.0,63.0,71.0,1502,manual,100.0,82.0
485,BOOTUP DEFAULT,272.0,893.0,49.0,64.0,71.0,1502,manual,100.0,82.0
486,BOOTUP DEFAULT,272.0,893.0,49.0,63.0,71.0,1502,manual,100.0,82.0
487,BOOTUP DEFAULT,272.0,893.0,49.0,63.0,71.0,1502,manual,100.0,82.0
488,BOOTUP DEFAULT,272.0,893.0,48.0,63.0,71.0,1502,manual,100.0,82.0
489,BOOTUP DEFAULT,272.0,893.0,48.0,64.0,71.0,1502,manual,100.0,82.0
490,BOOTUP DEFAULT,270.0,893.0,48.0,64.0,71.0,1502,manual,100.0,81.0
491,BOOTUP DEFAULT,272.0,900.0,49.0,63.0,70.0,1502,manual,100.0,82.0
492,BOOTUP DEFAULT,272.0,900.0,48.0,64.0,71.0,1502,manual,100.0,82.0
493,BOOTUP DEFAULT,272.0,893.0,48.0,63.0,71.0,1502,manual,100.0,81.0
494,BOOTUP DEFAULT,272.0,900.0,49.0,64.0,71.0,1502,manual,100.0,82.0
495,BOOTUP DEFAULT,272.0,893.0,49.0,63.0,71.0,1502,manual,100.0,82.0
496,BOOTUP DEFAULT,272.0,893.0,48.0,63.0,71.0,1502,manual,100.0,82.0
497,BOOTUP DEFAULT,272.0,893.0,49.0,63.0,71.0,1502,manual,100.0,82.0
498,BOOTUP DEFAULT,272.0,900.0,48.0,63.0,71.0,1502,manual,100.0,81.0
499,BOOTUP DEFAULT,272.0,893.0,48.0,63.0,71.0,1502,manual,100.0,82.0
500,BOOTUP DEFAULT,272.0,900.0,48.0,63.0,70.0,1502,manual,100.0,81.0
501,BOOTUP DEFAULT,272.0,900.0,49.0,63.0,70.0,1502,manual,100.0,82.0
502,BOOTUP DEFAULT,272.0,893.0,49.0,63.0,70.0,1502,manual,100.0,82.0
503,BOOTUP DEFAULT,272.0,900.0,48.0,63.0,70.0,1502,manual,100.0,82.0
504,BOOTUP DEFAULT,272.0,893.0,48.0,63.0,70.0,1502,manual,100.0,82.0
505,BOOTUP DEFAULT,272.0,900.0,48.0,63.0,70.0,1502,manual,100.0,81.0
506,BOOTUP DEFAULT,269.0,893.0,48.0,63.0,71.0,1502,manual,100.0,81.0
507,BOOTUP DEFAULT,272.0,893.0,48.0,63.0,70.0,1502,manual,100.0,82.0
508,BOOTUP DEFAULT,272.0,893.0,49.0,63.0,69.0,1502,manual,100.0,82.0
509,BOOTUP DEFAULT,272.0,893.0,48.0,64.0,71.0,1502,manual,100.0,82.0
510,BOOTUP DEFAULT,272.0,893.0,48.0,63.0,71.0,1502,manual,100.0,82.0
511,BOOTUP DEFAULT,272.0,893.0,48.0,63.0,70.0,1502,manual,100.0,82.0
512,BOOTUP DEFAULT,272.0,893.0,48.0,63.0,71.0,1502,manual,100.0,81.0
513,BOOTUP DEFAULT,272.0,893.0,49.0,63.0,70.0,1502,manual,100.0,82.0
514,BOOTUP DEFAULT,272.0,900.0,48.0,64.0,70.0,1502,manual,100.0,82.0
515,BOOTUP DEFAULT,272.0,893.0,49.0,63.0,70.0,1502,manual,100.0,82.0
516,BOOTUP DEFAULT,273.0,900.0,48.0,63.0,69.0,1502,manual,100.0,82.0
517,BOOTUP DEFAULT,272.0,893.0,48.0,63.0,69.0,1502,manual,100.0,82.0
518,BOOTUP DEFAULT,272.0,900.0,48.0,64.0,71.0,1502,manual,100.0,81.0
519,BOOTUP DEFAULT,272.0,893.0,48.0,63.0,71.0,1502,manual,100.0,82.0
520,BOOTUP DEFAULT,272.0,900.0,48.0,63.0,70.0,1502,manual,100.0,81.0
521,BOOTUP DEFAULT,272.0,893.0,48.0,63.0,69.0,1502,manual,100.0,81.0
522,BOOTUP DEFAULT,272.0,893.0,49.0,63.0,70.0,1502,manual,100.0,82.0
523,BOOTUP DEFAULT,270.0,900.0,48.0,63.0,70.0,1502,manual,100.0,82.0
524,BOOTUP DEFAULT,273.0,893.0,49.0,63.0,70.0,1502,manual,100.0,82.0
525,BOOTUP DEFAULT,272.0,893.0,48.0,63.0,70.0,1502,manual,100.0,82.0
526,BOOTUP DEFAULT,272.0,893.0,48.0,64.0,69.0,1502,manual,100.0,82.0
527,BOOTUP DEFAULT,272.0,893.0,48.0,63.0,69.0,1502,manual,100.0,82.0
528,BOOTUP DEFAULT,272.0,900.0,48.0,63.0,70.0,1502,manual,100.0,81.0
529,BOOTUP DEFAULT,272.0,893.0,48.0,63.0,69.0,1502,manual,100.0,82.0
530,BOOTUP DEFAULT,272.0,893.0,48.0,63.0,70.0,1502,manual,100.0,82.0
531,BOOTUP DEFAULT,272.0,893.0,48.0,63.0,70.0,1502,manual,100.0,82.0
532,BOOTUP DEFAULT,272.0,893.0,48.0,63.0,70.0,1502,manual,100.0,82.0
533,BOOTUP DEFAULT,272.0,893.0,48.0,63.0,70.0,1502,manual,100.0,82.0
534,BOOTUP DEFAULT,272.0,893.0,48.0,63.0,70.0,1502,manual,100.0,82.0
535,BOOTUP DEFAULT,272.0,893.0,48.0,63.0,70.0,1502,manual,100.0,82.0
536,BOOTUP DEFAULT,272.0,893.0,48.0,63.0,70.0,1502,manual,100.0,82.0
537,BOOTUP DEFAULT,272.0,893.0,48.0,63.0,70.0,1502,manual,100.0,81.0
538,BOOTUP DEFAULT,272.0,900.0,49.0,63.0,70.0,1502,manual,100.0,82.0
539,BOOTUP DEFAULT,272.0,900.0,48.0,63.0,70.0,1502,manual,100.0,82.0
540,BOOTUP DEFAULT,272.0,893.0,48.0,63.0,70.0,1502,manual,100.0,82.0
541,BOOTUP DEFAULT,272.0,893.0,48.0,63.0,70.0,1502,manual,100.0,82.0
542,BOOTUP DEFAULT,272.0,900.0,48.0,63.0,70.0,1502,manual,100.0,82.0
543,BOOTUP DEFAULT,270.0,900.0,48.0,63.0,70.0,1502,manual,100.0,82.0
544,BOOTUP DEFAULT,272.0,893.0,48.0,63.0,70.0,1502,manual,100.0,82.0
545,BOOTUP DEFAULT,272.0,893.0,48.0,63.0,70.0,1502,manual,100.0,82.0
546,BOOTUP DEFAULT,272.0,893.0,48.0,64.0,70.0,1502,manual,100.0,81.0
547,BOOTUP DEFAULT,272.0,893.0,48.0,64.0,70.0,1502,manual,100.0,82.0
548,BOOTUP DEFAULT,269.0,893.0,48.0,63.0,70.0,1502,manual,100.0,81.0
549,BOOTUP DEFAULT,272.0,893.0,48.0,63.0,70.0,1502,manual,100.0,82.0
550,BOOTUP DEFAULT,272.0,893.0,48.0,63.0,71.0,1502,manual,100.0,82.0
551,BOOTUP DEFAULT,272.0,900.0,48.0,63.0,70.0,1502,manual,100.0,82.0
552,BOOTUP DEFAULT,273.0,893.0,48.0,63.0,70.0,1502,manual,100.0,82.0
553,BOOTUP DEFAULT,272.0,900.0,49.0,63.0,70.0,1502,manual,100.0,82.0
554,BOOTUP DEFAULT,272.0,893.0,49.0,63.0,71.0,1502,manual,100.0,82.0
555,BOOTUP DEFAULT,269.0,893.0,48.0,63.0,70.0,1502,manual,100.0,81.0
556,BOOTUP DEFAULT,272.0,893.0,48.0,63.0,70.0,1502,manual,100.0,82.0
557,BOOTUP DEFAULT,272.0,900.0,49.0,63.0,70.0,1502,manual,100.0,82.0
558,BOOTUP DEFAULT,272.0,893.0,48.0,63.0,70.0,1502,manual,100.0,82.0
559,BOOTUP DEFAULT,272.0,893.0,49.0,63.0,70.0,1502,manual,100.0,82.0
560,BOOTUP DEFAULT,272.0,900.0,49.0,64.0,69.0,1502,manual,100.0,82.0
561,BOOTUP DEFAULT,272.0,893.0,49.0,63.0,70.0,1502,manual,100.0,81.0
562,BOOTUP DEFAULT,272.0,893.0,48.0,63.0,69.0,1502,manual,100.0,82.0
563,BOOTUP DEFAULT,272.0,893.0,48.0,63.0,71.0,1502,manual,100.0,82.0
564,BOOTUP DEFAULT,272.0,893.0,48.0,63.0,70.0,1502,manual,100.0,82.0
565,BOOTUP DEFAULT,272.0,893.0,48.0,63.0,70.0,1502,manual,100.0,82.0
566,BOOTUP DEFAULT,272.0,893.0,48.0,63.0,70.0,1502,manual,100.0,82.0
567,BOOTUP DEFAULT,272.0,893.0,48.0,64.0,69.0,1502,manual,100.0,82.0
568,BOOTUP DEFAULT,272.0,893.0,48.0,63.0,69.0,1502,manual,100.0,81.0
569,BOOTUP DEFAULT,272.0,893.0,48.0,64.0,70.0,1502,manual,100.0,82.0
570,BOOTUP DEFAULT,270.0,893.0,48.0,63.0,70.0,1502,manual,100.0,81.0
571,BOOTUP DEFAULT,272.0,893.0,48.0,63.0,70.0,1502,manual,100.0,82.0
572,BOOTUP DEFAULT,272.0,893.0,48.0,63.0,69.0,1502,manual,100.0,81.0
573,BOOTUP DEFAULT,272.0,900.0,48.0,63.0,69.0,1502,manual,100.0,82.0
574,BOOTUP DEFAULT,272.0,893.0,48.0,63.0,70.0,1502,manual,100.0,82.0
575,BOOTUP DEFAULT,269.0,893.0,49.0,63.0,70.0,1502,manual,100.0,81.0
576,BOOTUP DEFAULT,272.0,893.0,49.0,64.0,70.0,1502,manual,100.0,82.0
577,BOOTUP DEFAULT,272.0,893.0,48.0,63.0,70.0,1502,manual,100.0,82.0
578,BOOTUP DEFAULT,272.0,893.0,48.0,63.0,70.0,1502,manual,100.0,82.0
579,BOOTUP DEFAULT,270.0,900.0,49.0,63.0,70.0,1502,manual,100.0,81.0
580,BOOTUP DEFAULT,272.0,893.0,49.0,63.0,70.0,1502,manual,100.0,82.0
581,BOOTUP DEFAULT,272.0,893.0,48.0,63.0,70.0,1502,manual,100.0,82.0
582,BOOTUP DEFAULT,272.0,893.0,48.0,64.0,70.0,1502,manual,100.0,82.0
583,BOOTUP DEFAULT,272.0,893.0,49.0,63.0,70.0,1502,manual,100.0,82.0
584,BOOTUP DEFAULT,272.0,893.0,48.0,63.0,70.0,1502,manual,100.0,82.0
585,BOOTUP DEFAULT,272.0,893.0,48.0,63.0,70.0,1502,manual,100.0,82.0
586,BOOTUP DEFAULT,272.0,893.0,48.0,63.0,70.0,1502,manual,100.0,82.0
587,BOOTUP DEFAULT,272.0,893.0,48.0,63.0,70.0,1502,manual,100.0,81.0
588,BOOTUP DEFAULT,272.0,900.0,48.0,63.0,70.0,1502,manual,100.0,82.0
589,BOOTUP DEFAULT,272.0,900.0,48.0,63.0,70.0,1502,manual,100.0,81.0
590,BOOTUP DEFAULT,270.0,893.0,49.0,64.0,71.0,1502,manual,100.0,81.0
591,BOOTUP DEFAULT,272.0,893.0,48.0,63.0,71.0,1502,manual,100.0,82.0
592,BOOTUP DEFAULT,272.0,893.0,48.0,63.0,70.0,1502,manual,100.0,82.0
593,BOOTUP DEFAULT,272.0,893.0,48.0,63.0,70.0,1502,manual,100.0,82.0
594,BOOTUP DEFAULT,269.0,893.0,48.0,63.0,70.0,1502,manual,100.0,82.0
595,BOOTUP DEFAULT,269.0,893.0,48.0,63.0,70.0,1502,manual,99.0,81.0
596,BOOTUP DEFAULT,272.0,893.0,49.0,63.0,70.0,1502,manual,100.0,82.0
597,BOOTUP DEFAULT,272.0,893.0,48.0,63.0,70.0,1502,manual,100.0,82.0
598,BOOTUP DEFAULT,272.0,893.0,48.0,63.0,70.0,1502,manual,100.0,82.0
599,BOOTUP DEFAULT,274.0,893.0,48.0,63.0,70.0,1502,manual,100.0,82.0
600,BOOTUP DEFAULT,272.0,893.0,48.0,63.0,70.0,1502,manual,100.0,81.0
601,BOOTUP DEFAULT,272.0,893.0,48.0,63.0,70.0,1502,manual,100.0,82.0
602,BOOTUP DEFAULT,271.0,893.0,48.0,63.0,70.0,1502,manual,99.0,82.0
603,BOOTUP DEFAULT,272.0,900.0,48.0,63.0,70.0,1502,manual,100.0,82.0
604,BOOTUP DEFAULT,272.0,893.0,48.0,63.0,70.0,1502,manual,100.0,82.0
605,BOOTUP DEFAULT,272.0,893.0,48.0,63.0,70.0,1502,manual,100.0,82.0
606,BOOTUP DEFAULT,272.0,900.0,48.0,63.0,70.0,1502,manual,100.0,82.0
607,BOOTUP DEFAULT,272.0,893.0,48.0,64.0,70.0,1502,manual,100.0,81.0
608,BOOTUP DEFAULT,272.0,893.0,48.0,63.0,70.0,1502,manual,100.0,82.0
609,BOOTUP DEFAULT,272.0,900.0,48.0,64.0,70.0,1502,manual,100.0,82.0
610,BOOTUP DEFAULT,272.0,893.0,48.0,64.0,70.0,1502,manual,100.0,82.0
611,BOOTUP DEFAULT,272.0,893.0,48.0,63.0,71.0,1502,manual,100.0,82.0
612,BOOTUP DEFAULT,272.0,893.0,48.0,63.0,70.0,1502,manual,100.0,82.0
613,BOOTUP DEFAULT,272.0,893.0,48.0,63.0,70.0,1502,manual,100.0,82.0
614,BOOTUP DEFAULT,272.0,900.0,49.0,64.0,71.0,1502,manual,100.0,81.0
615,BOOTUP DEFAULT,272.0,893.0,48.0,63.0,70.0,1502,manual,99.0,82.0
616,BOOTUP DEFAULT,272.0,900.0,48.0,64.0,70.0,1502,manual,100.0,82.0
617,BOOTUP DEFAULT,270.0,893.0,48.0,63.0,70.0,1502,manual,100.0,81.0
618,BOOTUP DEFAULT,272.0,893.0,48.0,63.0,70.0,1502,manual,100.0,82.0
619,BOOTUP DEFAULT,272.0,900.0,49.0,63.0,70.0,1502,manual,100.0,82.0
620,BOOTUP DEFAULT,272.0,893.0,48.0,63.0,70.0,1502,manual,100.0,82.0
621,BOOTUP DEFAULT,269.0,893.0,48.0,63.0,70.0,1502,manual,100.0,81.0
622,BOOTUP DEFAULT,272.0,893.0,48.0,63.0,70.0,1502,manual,100.0,82.0
623,BOOTUP DEFAULT,272.0,893.0,48.0,63.0,70.0,1502,manual,100.0,82.0
624,BOOTUP DEFAULT,272.0,900.0,48.0,64.0,70.0,1502,manual,100.0,82.0
625,BOOTUP DEFAULT,272.0,893.0,49.0,63.0,70.0,1502,manual,100.0,82.0
626,BOOTUP DEFAULT,272.0,893.0,48.0,64.0,70.0,1502,manual,100.0,82.0
627,BOOTUP DEFAULT,272.0,900.0,49.0,63.0,70.0,1502,manual,100.0,82.0
628,BOOTUP DEFAULT,272.0,893.0,48.0,63.0,70.0,1502,manual,99.0,81.0
629,BOOTUP DEFAULT,270.0,893.0,49.0,63.0,71.0,1502,manual,100.0,81.0
630,BOOTUP DEFAULT,272.0,906.0,48.0,63.0,70.0,1502,manual,100.0,82.0
631,BOOTUP DEFAULT,272.0,893.0,48.0,63.0,70.0,1502,manual,100.0,82.0
632,BOOTUP DEFAULT,272.0,900.0,48.0,63.0,70.0,1502,manual,100.0,82.0
633,BOOTUP DEFAULT,272.0,893.0,48.0,63.0,70.0,1502,manual,100.0,82.0
634,BOOTUP DEFAULT,272.0,893.0,48.0,63.0,70.0,1502,manual,100.0,82.0
635,BOOTUP DEFAULT,272.0,900.0,48.0,64.0,70.0,1502,manual,100.0,82.0
636,BOOTUP DEFAULT,272.0,900.0,49.0,63.0,71.0,1502,manual,100.0,82.0
637,BOOTUP DEFAULT,272.0,893.0,48.0,63.0,70.0,1502,manual,100.0,82.0
638,BOOTUP DEFAULT,269.0,893.0,48.0,63.0,70.0,1502,manual,100.0,82.0
639,BOOTUP DEFAULT,273.0,893.0,48.0,64.0,70.0,1502,manual,100.0,82.0
640,BOOTUP DEFAULT,272.0,900.0,48.0,63.0,70.0,1502,manual,100.0,82.0
641,BOOTUP DEFAULT,273.0,893.0,48.0,64.0,70.0,1502,manual,100.0,82.0
642,BOOTUP DEFAULT,272.0,893.0,48.0,63.0,70.0,1502,manual,100.0,82.0
643,BOOTUP DEFAULT,269.0,893.0,48.0,63.0,69.0,1502,manual,100.0,82.0
644,BOOTUP DEFAULT,272.0,893.0,48.0,63.0,70.0,1502,manual,100.0,82.0
645,BOOTUP DEFAULT,272.0,893.0,48.0,63.0,71.0,1502,manual,100.0,82.0
646,BOOTUP DEFAULT,272.0,893.0,48.0,63.0,70.0,1502,manual,100.0,82.0
647,BOOTUP DEFAULT,272.0,893.0,48.0,63.0,70.0,1502,manual,100.0,82.0
648,BOOTUP DEFAULT,269.0,893.0,48.0,63.0,70.0,1502,manual,100.0,82.0
649,BOOTUP DEFAULT,272.0,893.0,49.0,63.0,70.0,1502,manual,100.0,82.0
650,BOOTUP DEFAULT,272.0,893.0,48.0,63.0,70.0,1502,manual,100.0,82.0
651,BOOTUP DEFAULT,272.0,900.0,48.0,63.0,70.0,1502,manual,100.0,82.0
652,BOOTUP DEFAULT,272.0,893.0,48.0,63.0,70.0,1502,manual,100.0,82.0
653,BOOTUP DEFAULT,272.0,900.0,48.0,63.0,70.0,1502,manual,100.0,82.0
654,BOOTUP DEFAULT,272.0,900.0,48.0,63.0,70.0,1502,manual,100.0,82.0
655,BOOTUP DEFAULT,272.0,893.0,48.0,63.0,71.0,1502,manual,100.0,81.0
656,BOOTUP DEFAULT,272.0,900.0,48.0,64.0,70.0,1502,manual,100.0,82.0
657,BOOTUP DEFAULT,272.0,893.0,48.0,63.0,70.0,1502,manual,100.0,82.0
658,BOOTUP DEFAULT,272.0,893.0,48.0,63.0,71.0,1502,manual,100.0,82.0
659,BOOTUP DEFAULT,272.0,893.0,49.0,63.0,70.0,1502,manual,100.0,82.0
660,BOOTUP DEFAULT,272.0,893.0,49.0,63.0,70.0,1502,manual,100.0,82.0
661,BOOTUP DEFAULT,272.0,893.0,48.0,63.0,70.0,1502,manual,100.0,81.0
662,BOOTUP DEFAULT,273.0,893.0,48.0,63.0,70.0,1502,manual,100.0,82.0
663,BOOTUP DEFAULT,273.0,893.0,48.0,63.0,70.0,1502,manual,100.0,82.0
664,BOOTUP DEFAULT,270.0,893.0,48.0,63.0,70.0,1502,manual,100.0,82.0
665,BOOTUP DEFAULT,272.0,893.0,48.0,63.0,70.0,1502,manual,100.0,82.0
666,BOOTUP DEFAULT,272.0,900.0,48.0,63.0,70.0,1502,manual,100.0,82.0
667,BOOTUP DEFAULT,272.0,893.0,48.0,64.0,70.0,1502,manual,100.0,82.0
668,BOOTUP DEFAULT,272.0,900.0,48.0,63.0,70.0,1502,manual,100.0,82.0
669,BOOTUP DEFAULT,272.0,893.0,48.0,63.0,70.0,1502,manual,100.0,82.0
670,BOOTUP DEFAULT,272.0,893.0,49.0,64.0,70.0,1502,manual,100.0,82.0
671,BOOTUP DEFAULT,272.0,893.0,48.0,63.0,70.0,1502,manual,100.0,82.0
672,BOOTUP DEFAULT,272.0,893.0,48.0,63.0,70.0,1502,manual,100.0,81.0
673,BOOTUP DEFAULT,272.0,893.0,49.0,64.0,70.0,1502,manual,100.0,81.0
674,BOOTUP DEFAULT,272.0,893.0,48.0,63.0,70.0,1502,manual,100.0,82.0
675,BOOTUP DEFAULT,272.0,893.0,48.0,63.0,70.0,1502,manual,100.0,82.0
676,BOOTUP DEFAULT,272.0,893.0,48.0,63.0,70.0,1502,manual,100.0,82.0
677,BOOTUP DEFAULT,272.0,900.0,48.0,64.0,70.0,1502,manual,100.0,81.0
678,BOOTUP DEFAULT,272.0,893.0,48.0,63.0,70.0,1502,manual,100.0,82.0
679,BOOTUP DEFAULT,272.0,893.0,48.0,63.0,70.0,1502,manual,100.0,82.0
680,BOOTUP DEFAULT,272.0,893.0,48.0,64.0,70.0,1502,manual,100.0,82.0
681,BOOTUP DEFAULT,272.0,893.0,48.0,63.0,70.0,1502,manual,100.0,82.0
682,BOOTUP DEFAULT,273.0,900.0,48.0,63.0,70.0,1502,manual,100.0,82.0
683,BOOTUP DEFAULT,272.0,893.0,48.0,63.0,70.0,1502,manual,100.0,82.0
684,BOOTUP DEFAULT,272.0,893.0,48.0,64.0,70.0,1502,manual,100.0,82.0
685,BOOTUP DEFAULT,272.0,893.0,48.0,63.0,70.0,1502,manual,100.0,82.0
686,BOOTUP DEFAULT,272.0,900.0,48.0,63.0,70.0,1502,manual,100.0,82.0
687,BOOTUP DEFAULT,272.0,893.0,48.0,63.0,70.0,1502,manual,100.0,81.0
688,BOOTUP DEFAULT,272.0,900.0,48.0,64.0,70.0,1502,manual,100.0,82.0
689,BOOTUP DEFAULT,272.0,893.0,48.0,63.0,70.0,1502,manual,100.0,82.0
690,BOOTUP DEFAULT,272.0,893.0,48.0,63.0,70.0,1502,manual,100.0,80.0
691,BOOTUP DEFAULT,272.0,893.0,48.0,63.0,70.0,1502,manual,100.0,82.0
692,BOOTUP DEFAULT,272.0,893.0,48.0,63.0,70.0,1502,manual,100.0,82.0
693,BOOTUP DEFAULT,272.0,893.0,48.0,63.0,69.0,1502,manual,100.0,82.0
694,BOOTUP DEFAULT,272.0,893.0,48.0,64.0,69.0,1502,manual,100.0,82.0
695,BOOTUP DEFAULT,270.0,893.0,48.0,63.0,69.0,1502,manual,100.0,81.0
696,BOOTUP DEFAULT,272.0,893.0,48.0,63.0,69.0,1502,manual,100.0,82.0
697,BOOTUP DEFAULT,272.0,893.0,48.0,63.0,70.0,1502,manual,100.0,82.0
698,BOOTUP DEFAULT,272.0,893.0,48.0,63.0,69.0,1502,manual,100.0,82.0
699,BOOTUP DEFAULT,272.0,893.0,48.0,63.0,70.0,1502,manual,100.0,82.0
700,BOOTUP DEFAULT,272.0,900.0,48.0,63.0,70.0,1502,manual,100.0,81.0
701,BOOTUP DEFAULT,272.0,893.0,49.0,64.0,70.0,1502,manual,100.0,82.0
702,BOOTUP DEFAULT,272.0,893.0,48.0,63.0,70.0,1502,manual,100.0,82.0
703,BOOTUP DEFAULT,272.0,893.0,48.0,64.0,70.0,1502,manual,100.0,82.0
704,BOOTUP DEFAULT,272.0,893.0,48.0,63.0,70.0,1502,manual,100.0,82.0
705,BOOTUP DEFAULT,272.0,900.0,48.0,63.0,71.0,1502,manual,100.0,82.0
706,BOOTUP DEFAULT,272.0,893.0,48.0,63.0,70.0,1502,manual,100.0,82.0
707,BOOTUP DEFAULT,272.0,893.0,48.0,64.0,70.0,1502,manual,100.0,82.0
708,BOOTUP DEFAULT,272.0,900.0,48.0,63.0,70.0,1502,manual,100.0,82.0
709,BOOTUP DEFAULT,272.0,900.0,48.0,63.0,70.0,1502,manual,100.0,82.0
710,BOOTUP DEFAULT,272.0,893.0,48.0,63.0,70.0,1502,manual,100.0,82.0
711,BOOTUP DEFAULT,269.0,893.0,48.0,63.0,70.0,1502,manual,100.0,81.0
712,BOOTUP DEFAULT,272.0,893.0,48.0,64.0,70.0,1502,manual,100.0,82.0
713,BOOTUP DEFAULT,272.0,893.0,48.0,63.0,70.0,1502,manual,100.0,82.0
714,BOOTUP DEFAULT,269.0,900.0,48.0,64.0,70.0,1502,manual,100.0,82.0
715,BOOTUP DEFAULT,272.0,893.0,48.0,63.0,70.0,1502,manual,100.0,82.0
716,BOOTUP DEFAULT,272.0,893.0,48.0,64.0,70.0,1502,manual,100.0,82.0
717,BOOTUP DEFAULT,272.0,900.0,48.0,64.0,70.0,1502,manual,100.0,82.0
718,BOOTUP DEFAULT,272.0,893.0,48.0,63.0,70.0,1502,manual,100.0,82.0
719,BOOTUP DEFAULT,272.0,893.0,48.0,63.0,70.0,1502,manual,100.0,82.0
720,BOOTUP DEFAULT,272.0,893.0,49.0,64.0,70.0,1502,manual,100.0,82.0
721,BOOTUP DEFAULT,272.0,893.0,48.0,63.0,70.0,1502,manual,100.0,82.0
722,BOOTUP DEFAULT,272.0,893.0,48.0,63.0,70.0,1502,manual,100.0,81.0
723,BOOTUP DEFAULT,272.0,893.0,48.0,64.0,70.0,1502,manual,100.0,82.0
724,BOOTUP DEFAULT,272.0,893.0,48.0,63.0,70.0,1502,manual,100.0,82.0
725,BOOTUP DEFAULT,272.0,900.0,48.0,63.0,70.0,1502,manual,100.0,82.0
726,BOOTUP DEFAULT,272.0,893.0,48.0,63.0,70.0,1502,manual,100.0,82.0
727,BOOTUP DEFAULT,272.0,900.0,49.0,64.0,70.0,1502,manual,100.0,82.0
728,BOOTUP DEFAULT,272.0,893.0,48.0,63.0,70.0,1502,manual,100.0,82.0
729,BOOTUP DEFAULT,272.0,893.0,48.0,63.0,70.0,1502,manual,100.0,82.0
730,BOOTUP DEFAULT,272.0,893.0,48.0,63.0,70.0,1502,manual,100.0,82.0
731,BOOTUP DEFAULT,272.0,893.0,48.0,63.0,70.0,1502,manual,100.0,79.0
732,BOOTUP DEFAULT,272.0,893.0,48.0,63.0,70.0,1502,manual,100.0,81.0
733,BOOTUP DEFAULT,272.0,900.0,48.0,63.0,70.0,1502,manual,100.0,82.0
734,BOOTUP DEFAULT,272.0,893.0,48.0,64.0,70.0,1502,manual,100.0,82.0
735,BOOTUP DEFAULT,272.0,900.0,48.0,63.0,70.0,1502,manual,100.0,82.0
736,BOOTUP DEFAULT,272.0,900.0,48.0,64.0,70.0,1502,manual,100.0,82.0
737,BOOTUP DEFAULT,272.0,893.0,48.0,63.0,71.0,1502,manual,100.0,82.0
738,BOOTUP DEFAULT,273.0,900.0,48.0,63.0,70.0,1502,manual,100.0,82.0
739,BOOTUP DEFAULT,272.0,900.0,49.0,63.0,70.0,1502,manual,100.0,81.0
740,BOOTUP DEFAULT,272.0,893.0,48.0,63.0,70.0,1502,manual,100.0,82.0
741,BOOTUP DEFAULT,272.0,900.0,48.0,63.0,70.0,1502,manual,100.0,82.0
742,BOOTUP DEFAULT,272.0,893.0,49.0,63.0,70.0,1502,manual,100.0,82.0
743,BOOTUP DEFAULT,262.0,893.0,48.0,63.0,70.0,1502,manual,100.0,81.0
744,BOOTUP DEFAULT,272.0,900.0,48.0,63.0,70.0,1502,manual,100.0,82.0
745,BOOTUP DEFAULT,272.0,893.0,48.0,63.0,70.0,1502,manual,100.0,82.0
746,BOOTUP DEFAULT,272.0,893.0,48.0,63.0,70.0,1502,manual,100.0,82.0
747,BOOTUP DEFAULT,272.0,893.0,48.0,63.0,70.0,1502,manual,100.0,82.0
748,BOOTUP DEFAULT,272.0,893.0,48.0,63.0,70.0,1502,manual,100.0,82.0
749,BOOTUP DEFAULT,272.0,893.0,49.0,64.0,70.0,1502,manual,100.0,81.0
750,BOOTUP DEFAULT,272.0,893.0,49.0,63.0,70.0,1502,manual,100.0,82.0
751,BOOTUP DEFAULT,273.0,893.0,49.0,63.0,70.0,1502,manual,100.0,81.0
752,BOOTUP DEFAULT,272.0,900.0,48.0,63.0,70.0,1502,manual,100.0,82.0
753,BOOTUP DEFAULT,272.0,893.0,48.0,63.0,70.0,1502,manual,100.0,82.0
754,BOOTUP DEFAULT,272.0,893.0,49.0,63.0,70.0,1502,manual,100.0,82.0
755,BOOTUP DEFAULT,272.0,900.0,48.0,63.0,70.0,1502,manual,100.0,82.0
756,BOOTUP DEFAULT,272.0,893.0,49.0,63.0,70.0,1502,manual,100.0,82.0
757,BOOTUP DEFAULT,272.0,900.0,48.0,63.0,70.0,1502,manual,100.0,81.0
758,BOOTUP DEFAULT,272.0,893.0,48.0,64.0,70.0,1502,manual,100.0,82.0
759,BOOTUP DEFAULT,272.0,900.0,49.0,63.0,70.0,1502,manual,100.0,82.0
760,BOOTUP DEFAULT,272.0,893.0,48.0,63.0,70.0,1502,manual,100.0,82.0
761,BOOTUP DEFAULT,272.0,893.0,48.0,63.0,70.0,1502,manual,100.0,82.0
762,BOOTUP DEFAULT,271.0,893.0,48.0,63.0,70.0,1502,manual,100.0,81.0
763,BOOTUP DEFAULT,272.0,893.0,48.0,63.0,70.0,1502,manual,100.0,82.0
764,BOOTUP DEFAULT,272.0,900.0,48.0,64.0,70.0,1502,manual,100.0,82.0
765,BOOTUP DEFAULT,272.0,893.0,48.0,63.0,70.0,1502,manual,100.0,82.0
766,BOOTUP DEFAULT,272.0,893.0,48.0,63.0,70.0,1502,manual,100.0,81.0
767,BOOTUP DEFAULT,272.0,900.0,48.0,63.0,70.0,1502,manual,100.0,82.0
768,BOOTUP DEFAULT,272.0,893.0,48.0,63.0,70.0,1502,manual,100.0,82.0
769,BOOTUP DEFAULT,272.0,900.0,48.0,63.0,70.0,1502,manual,100.0,82.0
770,BOOTUP DEFAULT,272.0,900.0,48.0,63.0,70.0,1502,manual,100.0,82.0
771,BOOTUP DEFAULT,272.0,900.0,48.0,63.0,70.0,1502,manual,100.0,82.0
772,BOOTUP DEFAULT,272.0,900.0,48.0,63.0,70.0,1502,manual,100.0,82.0
773,BOOTUP DEFAULT,272.0,893.0,48.0,63.0,70.0,1502,manual,100.0,82.0
774,BOOTUP DEFAULT,272.0,893.0,48.0,63.0,70.0,1502,manual,100.0,81.0
775,BOOTUP DEFAULT,272.0,893.0,49.0,63.0,70.0,1502,manual,100.0,82.0
776,BOOTUP DEFAULT,272.0,900.0,48.0,63.0,70.0,1502,manual,100.0,82.0
777,BOOTUP DEFAULT,272.0,893.0,48.0,63.0,70.0,1502,manual,100.0,82.0
778,BOOTUP DEFAULT,272.0,893.0,48.0,63.0,70.0,1502,manual,100.0,82.0
779,BOOTUP DEFAULT,272.0,893.0,48.0,63.0,70.0,1502,manual,100.0,82.0
780,BOOTUP DEFAULT,272.0,893.0,49.0,63.0,71.0,1502,manual,100.0,82.0
781,BOOTUP DEFAULT,272.0,900.0,48.0,63.0,70.0,1502,manual,100.0,81.0
782,BOOTUP DEFAULT,272.0,893.0,49.0,63.0,70.0,1502,manual,100.0,82.0
783,BOOTUP DEFAULT,272.0,893.0,48.0,63.0,70.0,1502,manual,100.0,82.0
784,BOOTUP DEFAULT,272.0,893.0,48.0,63.0,70.0,1502,manual,100.0,82.0
785,BOOTUP DEFAULT,272.0,900.0,48.0,64.0,70.0,1502,manual,100.0,82.0
786,BOOTUP DEFAULT,268.0,893.0,48.0,63.0,70.0,1502,manual,100.0,81.0
787,BOOTUP DEFAULT,272.0,900.0,49.0,63.0,70.0,1502,manual,100.0,82.0
788,BOOTUP DEFAULT,272.0,893.0,48.0,63.0,70.0,1502,manual,100.0,82.0
789,BOOTUP DEFAULT,272.0,893.0,48.0,64.0,70.0,1502,manual,100.0,82.0
790,BOOTUP DEFAULT,272.0,893.0,48.0,64.0,70.0,1502,manual,100.0,82.0
791,BOOTUP DEFAULT,272.0,900.0,48.0,63.0,70.0,1502,manual,100.0,82.0
792,BOOTUP DEFAULT,272.0,893.0,48.0,63.0,70.0,1502,manual,100.0,82.0
793,BOOTUP DEFAULT,272.0,893.0,49.0,64.0,70.0,1502,manual,100.0,82.0
794,BOOTUP DEFAULT,272.0,893.0,48.0,64.0,70.0,1502,manual,100.0,81.0
795,BOOTUP DEFAULT,272.0,900.0,48.0,63.0,70.0,1502,manual,100.0,82.0
796,BOOTUP DEFAULT,272.0,900.0,48.0,63.0,70.0,1502,manual,100.0,82.0
797,BOOTUP DEFAULT,272.0,900.0,48.0,63.0,70.0,1502,manual,100.0,81.0
798,BOOTUP DEFAULT,273.0,893.0,48.0,63.0,70.0,1502,manual,100.0,82.0
799,BOOTUP DEFAULT,272.0,893.0,48.0,63.0,70.0,1502,manual,100.0,82.0
800,BOOTUP DEFAULT,272.0,900.0,48.0,63.0,70.0,1502,manual,100.0,82.0
801,BOOTUP DEFAULT,274.0,900.0,48.0,63.0,70.0,1502,manual,100.0,82.0
802,BOOTUP DEFAULT,272.0,900.0,48.0,64.0,70.0,1502,manual,100.0,82.0
803,BOOTUP DEFAULT,272.0,893.0,48.0,63.0,70.0,1502,manual,100.0,81.0
804,BOOTUP DEFAULT,272.0,893.0,48.0,63.0,70.0,1502,manual,100.0,82.0
805,BOOTUP DEFAULT,272.0,900.0,48.0,64.0,70.0,1502,manual,100.0,82.0
806,BOOTUP DEFAULT,272.0,893.0,48.0,63.0,70.0,1502,manual,100.0,82.0
807,BOOTUP DEFAULT,272.0,893.0,49.0,63.0,70.0,1502,manual,100.0,82.0
808,BOOTUP DEFAULT,272.0,893.0,48.0,63.0,70.0,1502,manual,100.0,82.0
809,BOOTUP DEFAULT,272.0,900.0,48.0,63.0,70.0,1502,manual,100.0,82.0
810,BOOTUP DEFAULT,272.0,893.0,48.0,63.0,70.0,1502,manual,100.0,82.0
811,BOOTUP DEFAULT,272.0,893.0,49.0,63.0,70.0,1502,manual,100.0,81.0
812,BOOTUP DEFAULT,272.0,893.0,49.0,63.0,70.0,1502,manual,100.0,82.0
813,BOOTUP DEFAULT,272.0,893.0,48.0,63.0,70.0,1502,manual,100.0,82.0
814,BOOTUP DEFAULT,272.0,893.0,48.0,63.0,70.0,1502,manual,100.0,82.0
815,BOOTUP DEFAULT,272.0,900.0,48.0,63.0,70.0,1502,manual,99.0,82.0
816,BOOTUP DEFAULT,272.0,900.0,48.0,63.0,70.0,1502,manual,100.0,82.0
817,BOOTUP DEFAULT,272.0,893.0,48.0,63.0,70.0,1502,manual,100.0,82.0
818,BOOTUP DEFAULT,272.0,906.0,48.0,63.0,70.0,1502,manual,100.0,82.0
819,BOOTUP DEFAULT,272.0,893.0,48.0,63.0,70.0,1502,manual,100.0,82.0
820,BOOTUP DEFAULT,271.0,900.0,48.0,63.0,70.0,1502,manual,100.0,81.0
821,BOOTUP DEFAULT,272.0,893.0,48.0,63.0,70.0,1502,manual,100.0,82.0
822,BOOTUP DEFAULT,272.0,900.0,49.0,63.0,70.0,1502,manual,99.0,82.0
823,BOOTUP DEFAULT,272.0,893.0,48.0,63.0,70.0,1502,manual,100.0,82.0
824,BOOTUP DEFAULT,272.0,893.0,48.0,63.0,70.0,1502,manual,100.0,82.0
825,BOOTUP DEFAULT,272.0,893.0,49.0,63.0,70.0,1502,manual,100.0,82.0
826,BOOTUP DEFAULT,272.0,900.0,48.0,63.0,70.0,1502,manual,100.0,82.0
827,BOOTUP DEFAULT,272.0,893.0,48.0,63.0,70.0,1502,manual,100.0,82.0
828,BOOTUP DEFAULT,272.0,893.0,48.0,63.0,70.0,1502,manual,99.0,81.0
829,BOOTUP DEFAULT,270.0,906.0,48.0,63.0,70.0,1502,manual,100.0,82.0
830,BOOTUP DEFAULT,272.0,893.0,48.0,63.0,70.0,1502,manual,100.0,82.0
831,BOOTUP DEFAULT,272.0,893.0,49.0,63.0,70.0,1502,manual,100.0,82.0
832,BOOTUP DEFAULT,272.0,900.0,48.0,63.0,70.0,1502,manual,100.0,82.0
833,BOOTUP DEFAULT,272.0,893.0,48.0,63.0,70.0,1502,manual,100.0,81.0
834,BOOTUP DEFAULT,272.0,893.0,48.0,63.0,70.0,1502,manual,100.0,82.0
835,BOOTUP DEFAULT,272.0,893.0,48.0,63.0,70.0,1502,manual,100.0,82.0
836,BOOTUP DEFAULT,271.0,906.0,48.0,64.0,70.0,1502,manual,100.0,81.0
837,BOOTUP DEFAULT,272.0,893.0,49.0,63.0,70.0,1502,manual,100.0,82.0
838,BOOTUP DEFAULT,272.0,893.0,49.0,63.0,70.0,1502,manual,100.0,81.0
839,BOOTUP DEFAULT,272.0,900.0,48.0,63.0,70.0,1502,manual,100.0,82.0
840,BOOTUP DEFAULT,272.0,900.0,48.0,63.0,70.0,1502,manual,100.0,82.0
841,BOOTUP DEFAULT,272.0,893.0,48.0,63.0,70.0,1502,manual,100.0,82.0
842,BOOTUP DEFAULT,272.0,893.0,48.0,63.0,70.0,1502,manual,100.0,82.0
843,BOOTUP DEFAULT,272.0,900.0,48.0,63.0,70.0,1502,manual,100.0,82.0
844,BOOTUP DEFAULT,272.0,893.0,48.0,63.0,70.0,1502,manual,100.0,82.0
845,BOOTUP DEFAULT,272.0,900.0,48.0,63.0,70.0,1502,manual,100.0,82.0
846,BOOTUP DEFAULT,272.0,900.0,48.0,63.0,70.0,1502,manual,100.0,82.0
847,BOOTUP DEFAULT,272.0,893.0,48.0,63.0,70.0,1502,manual,100.0,82.0
848,BOOTUP DEFAULT,272.0,900.0,48.0,63.0,70.0,1502,manual,100.0,82.0
849,BOOTUP DEFAULT,270.0,893.0,48.0,63.0,70.0,1502,manual,100.0,81.0
850,BOOTUP DEFAULT,271.0,893.0,48.0,63.0,70.0,1502,manual,100.0,82.0
851,BOOTUP DEFAULT,272.0,893.0,48.0,64.0,70.0,1502,manual,100.0,82.0
852,BOOTUP DEFAULT,273.0,900.0,48.0,63.0,70.0,1502,manual,100.0,82.0
853,BOOTUP DEFAULT,273.0,900.0,48.0,63.0,70.0,1502,manual,100.0,82.0
854,BOOTUP DEFAULT,272.0,893.0,49.0,63.0,70.0,1502,manual,100.0,82.0
855,BOOTUP DEFAULT,272.0,893.0,48.0,63.0,70.0,1502,manual,100.0,82.0
856,BOOTUP DEFAULT,272.0,893.0,48.0,63.0,70.0,1502,manual,100.0,82.0
857,BOOTUP DEFAULT,272.0,893.0,48.0,63.0,70.0,1502,manual,100.0,82.0
858,BOOTUP DEFAULT,272.0,893.0,48.0,63.0,70.0,1502,manual,100.0,82.0
859,BOOTUP DEFAULT,272.0,893.0,48.0,63.0,70.0,1502,manual,100.0,82.0
860,BOOTUP DEFAULT,272.0,893.0,48.0,63.0,70.0,1502,manual,100.0,82.0
861,BOOTUP DEFAULT,272.0,900.0,48.0,63.0,70.0,1502,manual,100.0,82.0
862,BOOTUP DEFAULT,272.0,893.0,48.0,63.0,70.0,1502,manual,100.0,81.0
863,BOOTUP DEFAULT,272.0,893.0,48.0,63.0,70.0,1502,manual,100.0,81.0
864,BOOTUP DEFAULT,272.0,900.0,48.0,63.0,70.0,1502,manual,100.0,82.0
865,BOOTUP DEFAULT,272.0,893.0,48.0,63.0,70.0,1502,manual,100.0,82.0
866,BOOTUP DEFAULT,272.0,900.0,48.0,63.0,70.0,1502,manual,100.0,82.0
867,BOOTUP DEFAULT,272.0,893.0,48.0,63.0,70.0,1502,manual,100.0,82.0
868,BOOTUP DEFAULT,272.0,893.0,48.0,63.0,70.0,1502,manual,100.0,82.0
869,BOOTUP DEFAULT,272.0,900.0,48.0,64.0,70.0,1502,manual,100.0,82.0
870,BOOTUP DEFAULT,272.0,900.0,48.0,63.0,70.0,1502,manual,100.0,82.0
871,BOOTUP DEFAULT,272.0,893.0,48.0,63.0,70.0,1502,manual,100.0,82.0
872,BOOTUP DEFAULT,272.0,893.0,48.0,63.0,70.0,1502,manual,100.0,82.0
873,BOOTUP DEFAULT,269.0,900.0,48.0,63.0,70.0,1502,manual,100.0,81.0
874,BOOTUP DEFAULT,272.0,893.0,48.0,63.0,70.0,1502,manual,100.0,82.0
875,BOOTUP DEFAULT,272.0,893.0,48.0,63.0,70.0,1502,manual,100.0,82.0
876,BOOTUP DEFAULT,269.0,893.0,48.0,63.0,70.0,1502,manual,100.0,81.0
877,BOOTUP DEFAULT,269.0,893.0,48.0,64.0,70.0,1502,manual,100.0,82.0
878,BOOTUP DEFAULT,272.0,893.0,48.0,63.0,70.0,1502,manual,100.0,82.0
879,BOOTUP DEFAULT,272.0,900.0,48.0,63.0,70.0,1502,manual,100.0,82.0
880,BOOTUP DEFAULT,261.0,893.0,48.0,63.0,70.0,1502,manual,100.0,81.0
881,BOOTUP DEFAULT,269.0,893.0,48.0,63.0,70.0,1502,manual,100.0,81.0
882,BOOTUP DEFAULT,272.0,893.0,48.0,63.0,70.0,1502,manual,100.0,82.0
883,BOOTUP DEFAULT,272.0,893.0,48.0,63.0,70.0,1502,manual,100.0,82.0
884,BOOTUP DEFAULT,272.0,893.0,48.0,63.0,70.0,1502,manual,100.0,82.0
885,BOOTUP DEFAULT,272.0,900.0,48.0,63.0,70.0,1502,manual,100.0,82.0
886,BOOTUP DEFAULT,272.0,893.0,48.0,63.0,70.0,1502,manual,100.0,82.0
887,BOOTUP DEFAULT,272.0,893.0,48.0,63.0,70.0,1502,manual,100.0,82.0
888,BOOTUP DEFAULT,272.0,893.0,48.0,63.0,70.0,1502,manual,100.0,82.0
889,BOOTUP DEFAULT,272.0,893.0,48.0,63.0,70.0,1502,manual,100.0,81.0
890,BOOTUP DEFAULT,272.0,893.0,48.0,63.0,70.0,1502,manual,100.0,82.0
891,BOOTUP DEFAULT,272.0,893.0,48.0,63.0,70.0,1502,manual,100.0,82.0
892,BOOTUP DEFAULT,272.0,893.0,48.0,63.0,70.0,1502,manual,100.0,81.0
893,BOOTUP DEFAULT,272.0,900.0,48.0,63.0,70.0,1502,manual,100.0,82.0
894,BOOTUP DEFAULT,272.0,893.0,48.0,63.0,70.0,1502,manual,100.0,82.0
895,BOOTUP DEFAULT,272.0,893.0,48.0,62.0,70.0,1502,manual,100.0,81.0
896,BOOTUP DEFAULT,272.0,893.0,48.0,63.0,70.0,1502,manual,100.0,82.0
897,BOOTUP DEFAULT,272.0,893.0,48.0,63.0,70.0,1502,manual,100.0,82.0
898,BOOTUP DEFAULT,272.0,893.0,48.0,63.0,70.0,1502,manual,100.0,81.0
899,BOOTUP DEFAULT,272.0,893.0,48.0,63.0,70.0,1502,manual,100.0,82.0
900,BOOTUP DEFAULT,272.0,900.0,48.0,63.0,70.0,1502,manual,100.0,81.0
901,BOOTUP DEFAULT,272.0,900.0,48.0,63.0,70.0,1502,manual,100.0,82.0
902,BOOTUP DEFAULT,272.0,893.0,48.0,63.0,70.0,1502,manual,100.0,82.0
903,BOOTUP DEFAULT,269.0,893.0,48.0,63.0,70.0,1502,manual,100.0,82.0
904,BOOTUP DEFAULT,272.0,900.0,48.0,63.0,70.0,1502,manual,100.0,82.0
905,BOOTUP DEFAULT,272.0,893.0,48.0,63.0,70.0,1502,manual,100.0,82.0
906,BOOTUP DEFAULT,272.0,893.0,48.0,63.0,70.0,1502,manual,100.0,81.0
907,BOOTUP DEFAULT,272.0,900.0,48.0,63.0,70.0,1502,manual,100.0,82.0
908,BOOTUP DEFAULT,272.0,893.0,48.0,63.0,70.0,1502,manual,100.0,82.0
909,BOOTUP DEFAULT,272.0,900.0,48.0,63.0,70.0,1502,manual,100.0,81.0
910,BOOTUP DEFAULT,272.0,893.0,48.0,63.0,70.0,1502,manual,100.0,82.0
911,BOOTUP DEFAULT,272.0,893.0,48.0,63.0,70.0,1502,manual,100.0,82.0
912,BOOTUP DEFAULT,272.0,893.0,48.0,63.0,70.0,1502,manual,100.0,82.0
913,BOOTUP DEFAULT,272.0,893.0,48.0,63.0,70.0,1502,manual,100.0,82.0
914,BOOTUP DEFAULT,272.0,893.0,48.0,63.0,70.0,1502,manual,100.0,82.0
915,BOOTUP DEFAULT,272.0,893.0,48.0,63.0,70.0,1502,manual,100.0,82.0
916,BOOTUP DEFAULT,272.0,900.0,48.0,63.0,70.0,1502,manual,100.0,82.0
917,BOOTUP DEFAULT,272.0,900.0,48.0,63.0,70.0,1502,manual,100.0,81.0
918,BOOTUP DEFAULT,272.0,893.0,48.0,63.0,70.0,1502,manual,100.0,82.0
919,BOOTUP DEFAULT,272.0,893.0,48.0,63.0,70.0,1502,manual,100.0,82.0
920,BOOTUP DEFAULT,272.0,893.0,48.0,63.0,70.0,1502,manual,100.0,82.0
921,BOOTUP DEFAULT,270.0,893.0,48.0,63.0,70.0,1502,manual,100.0,81.0
922,BOOTUP DEFAULT,272.0,900.0,48.0,63.0,70.0,1502,manual,100.0,82.0
923,BOOTUP DEFAULT,272.0,900.0,48.0,63.0,70.0,1502,manual,100.0,82.0
924,BOOTUP DEFAULT,272.0,893.0,48.0,64.0,70.0,1502,manual,100.0,82.0
925,BOOTUP DEFAULT,272.0,893.0,48.0,63.0,70.0,1502,manual,100.0,82.0
926,BOOTUP DEFAULT,272.0,900.0,48.0,63.0,70.0,1502,manual,100.0,82.0
927,BOOTUP DEFAULT,272.0,893.0,48.0,63.0,70.0,1502,manual,100.0,82.0
928,BOOTUP DEFAULT,269.0,893.0,48.0,63.0,70.0,1502,manual,100.0,82.0
929,BOOTUP DEFAULT,273.0,893.0,48.0,63.0,70.0,1502,manual,100.0,82.0
930,BOOTUP DEFAULT,272.0,893.0,48.0,63.0,70.0,1502,manual,100.0,82.0
931,BOOTUP DEFAULT,272.0,893.0,48.0,63.0,70.0,1502,manual,100.0,82.0
932,BOOTUP DEFAULT,272.0,893.0,48.0,63.0,70.0,1502,manual,100.0,82.0
933,BOOTUP DEFAULT,272.0,893.0,48.0,63.0,70.0,1502,manual,100.0,82.0
934,BOOTUP DEFAULT,269.0,893.0,48.0,63.0,70.0,1502,manual,100.0,82.0
935,BOOTUP DEFAULT,272.0,893.0,48.0,63.0,70.0,1502,manual,100.0,82.0
936,BOOTUP DEFAULT,272.0,893.0,48.0,63.0,70.0,1502,manual,100.0,82.0
937,BOOTUP DEFAULT,272.0,893.0,48.0,63.0,70.0,1502,manual,100.0,82.0
938,BOOTUP DEFAULT,272.0,893.0,48.0,63.0,70.0,1502,manual,100.0,82.0
939,BOOTUP DEFAULT,272.0,900.0,48.0,63.0,70.0,1502,manual,100.0,82.0
940,BOOTUP DEFAULT,272.0,893.0,48.0,63.0,70.0,1502,manual,100.0,82.0
941,BOOTUP DEFAULT,272.0,900.0,48.0,63.0,70.0,1502,manual,100.0,82.0
942,BOOTUP DEFAULT,272.0,893.0,48.0,63.0,70.0,1502,manual,100.0,82.0
943,BOOTUP DEFAULT,272.0,893.0,48.0,63.0,70.0,1502,manual,100.0,82.0
944,BOOTUP DEFAULT,272.0,893.0,48.0,63.0,70.0,1502,manual,100.0,82.0
945,BOOTUP DEFAULT,272.0,893.0,48.0,63.0,70.0,1502,manual,100.0,82.0
946,BOOTUP DEFAULT,272.0,893.0,48.0,63.0,70.0,1502,manual,100.0,82.0
947,BOOTUP DEFAULT,272.0,900.0,48.0,63.0,70.0,1502,manual,100.0,82.0
948,BOOTUP DEFAULT,272.0,900.0,48.0,63.0,70.0,1502,manual,100.0,82.0
949,BOOTUP DEFAULT,272.0,893.0,48.0,63.0,70.0,1502,manual,100.0,81.0
950,BOOTUP DEFAULT,272.0,900.0,48.0,63.0,70.0,1502,manual,100.0,82.0
951,BOOTUP DEFAULT,270.0,893.0,48.0,63.0,70.0,1502,manual,100.0,81.0
952,BOOTUP DEFAULT,272.0,893.0,48.0,63.0,70.0,1502,manual,100.0,82.0
953,BOOTUP DEFAULT,272.0,893.0,48.0,63.0,70.0,1502,manual,100.0,82.0
954,BOOTUP DEFAULT,272.0,893.0,48.0,63.0,70.0,1502,manual,100.0,81.0
955,BOOTUP DEFAULT,272.0,893.0,48.0,63.0,70.0,1502,manual,100.0,82.0
956,BOOTUP DEFAULT,272.0,893.0,48.0,63.0,70.0,1502,manual,100.0,82.0
957,BOOTUP DEFAULT,272.0,893.0,48.0,63.0,70.0,1502,manual,100.0,82.0
958,BOOTUP DEFAULT,272.0,893.0,48.0,63.0,70.0,1502,manual,100.0,82.0
959,BOOTUP DEFAULT,272.0,893.0,48.0,63.0,70.0,1502,manual,100.0,82.0
960,BOOTUP DEFAULT,272.0,900.0,48.0,63.0,70.0,1502,manual,100.0,82.0
961,BOOTUP DEFAULT,272.0,893.0,48.0,63.0,70.0,1502,manual,100.0,82.0
962,BOOTUP DEFAULT,272.0,900.0,48.0,63.0,70.0,1502,manual,100.0,82.0
963,BOOTUP DEFAULT,272.0,893.0,48.0,63.0,70.0,1502,manual,100.0,81.0
964,BOOTUP DEFAULT,272.0,893.0,48.0,63.0,70.0,1502,manual,100.0,82.0
965,BOOTUP DEFAULT,272.0,893.0,48.0,63.0,70.0,1502,manual,100.0,82.0
966,BOOTUP DEFAULT,272.0,893.0,48.0,63.0,70.0,1502,manual,100.0,82.0
967,BOOTUP DEFAULT,272.0,893.0,48.0,63.0,70.0,1502,manual,100.0,82.0
968,BOOTUP DEFAULT,269.0,893.0,48.0,63.0,70.0,1502,manual,100.0,82.0
969,BOOTUP DEFAULT,272.0,900.0,48.0,63.0,70.0,1502,manual,100.0,82.0
970,BOOTUP DEFAULT,272.0,893.0,48.0,63.0,70.0,1502,manual,100.0,82.0
971,BOOTUP DEFAULT,272.0,893.0,48.0,63.0,70.0,1502,manual,100.0,82.0
972,BOOTUP DEFAULT,272.0,893.0,48.0,63.0,70.0,1502,manual,100.0,82.0
973,BOOTUP DEFAULT,272.0,900.0,48.0,63.0,70.0,1502,manual,100.0,82.0
974,BOOTUP DEFAULT,272.0,893.0,48.0,63.0,70.0,1502,manual,100.0,82.0
975,BOOTUP DEFAULT,272.0,893.0,48.0,63.0,70.0,1502,manual,100.0,82.0
976,BOOTUP DEFAULT,272.0,900.0,48.0,63.0,70.0,1502,manual,100.0,82.0
977,BOOTUP DEFAULT,272.0,900.0,48.0,63.0,70.0,1502,manual,100.0,82.0
978,BOOTUP DEFAULT,269.0,893.0,48.0,63.0,70.0,1502,manual,100.0,82.0
979,BOOTUP DEFAULT,272.0,893.0,48.0,63.0,70.0,1502,manual,100.0,82.0
980,BOOTUP DEFAULT,272.0,900.0,48.0,63.0,70.0,1502,manual,100.0,82.0
981,BOOTUP DEFAULT,272.0,893.0,48.0,63.0,70.0,1502,manual,100.0,81.0
982,BOOTUP DEFAULT,272.0,893.0,48.0,63.0,70.0,1502,manual,100.0,82.0
983,BOOTUP DEFAULT,272.0,906.0,48.0,63.0,70.0,1502,manual,100.0,82.0
984,BOOTUP DEFAULT,272.0,893.0,48.0,63.0,70.0,1502,manual,100.0,82.0
985,BOOTUP DEFAULT,272.0,893.0,48.0,63.0,70.0,1502,manual,100.0,82.0
986,BOOTUP DEFAULT,272.0,893.0,48.0,63.0,70.0,1502,manual,100.0,82.0
987,BOOTUP DEFAULT,272.0,893.0,48.0,63.0,70.0,1502,manual,100.0,82.0
988,BOOTUP DEFAULT,273.0,900.0,48.0,62.0,70.0,1502,manual,100.0,82.0
989,BOOTUP DEFAULT,272.0,893.0,48.0,63.0,70.0,1502,manual,100.0,82.0
990,BOOTUP DEFAULT,272.0,893.0,48.0,63.0,70.0,1502,manual,100.0,82.0
991,BOOTUP DEFAULT,272.0,893.0,48.0,63.0,70.0,1502,manual,100.0,81.0
992,BOOTUP DEFAULT,272.0,893.0,48.0,63.0,70.0,1502,manual,100.0,82.0
993,BOOTUP DEFAULT,272.0,893.0,48.0,63.0,70.0,1502,manual,100.0,82.0
994,BOOTUP DEFAULT,272.0,893.0,48.0,63.0,70.0,1502,manual,100.0,82.0
995,BOOTUP DEFAULT,272.0,893.0,48.0,63.0,70.0,1502,manual,100.0,82.0
996,BOOTUP DEFAULT,272.0,893.0,48.0,63.0,70.0,1502,manual,100.0,82.0
997,BOOTUP DEFAULT,272.0,893.0,48.0,63.0,70.0,1502,manual,100.0,82.0
998,BOOTUP DEFAULT,272.0,893.0,48.0,63.0,70.0,1502,manual,100.0,82.0
999,BOOTUP DEFAULT,271.0,893.0,48.0,63.0,70.0,1502,manual,100.0,82.0
1000,BOOTUP DEFAULT,272.0,893.0,48.0,63.0,70.0,1502,manual,100.0,82.0
1001,BOOTUP DEFAULT,272.0,900.0,48.0,63.0,70.0,1502,manual,100.0,82.0
1002,BOOTUP DEFAULT,272.0,893.0,48.0,63.0,70.0,1502,manual,100.0,82.0
1003,BOOTUP DEFAULT,272.0,893.0,48.0,63.0,70.0,1502,manual,100.0,82.0
1004,BOOTUP DEFAULT,272.0,900.0,48.0,63.0,70.0,1502,manual,100.0,82.0
1005,BOOTUP DEFAULT,272.0,893.0,48.0,63.0,70.0,1502,manual,100.0,82.0
1006,BOOTUP DEFAULT,272.0,893.0,48.0,63.0,70.0,1502,manual,100.0,82.0
1007,BOOTUP DEFAULT,272.0,893.0,48.0,63.0,70.0,1502,manual,100.0,82.0
1008,BOOTUP DEFAULT,272.0,900.0,48.0,63.0,70.0,1502,manual,100.0,82.0
1009,BOOTUP DEFAULT,272.0,900.0,48.0,63.0,70.0,1502,manual,100.0,82.0
1010,BOOTUP DEFAULT,272.0,893.0,48.0,63.0,70.0,1502,manual,100.0,82.0
1011,BOOTUP DEFAULT,272.0,900.0,48.0,63.0,70.0,1502,manual,100.0,82.0
1012,BOOTUP DEFAULT,272.0,893.0,48.0,63.0,70.0,1502,manual,100.0,81.0
1013,BOOTUP DEFAULT,272.0,893.0,48.0,63.0,70.0,1502,manual,100.0,82.0
1014,BOOTUP DEFAULT,272.0,893.0,48.0,63.0,70.0,1502,manual,100.0,82.0
1015,BOOTUP DEFAULT,272.0,893.0,48.0,62.0,70.0,1502,manual,100.0,82.0
1016,BOOTUP DEFAULT,272.0,893.0,48.0,63.0,70.0,1502,manual,100.0,82.0
1017,BOOTUP DEFAULT,272.0,893.0,48.0,63.0,70.0,1502,manual,100.0,82.0
1018,BOOTUP DEFAULT,272.0,900.0,48.0,63.0,70.0,1502,manual,100.0,81.0
1019,BOOTUP DEFAULT,272.0,893.0,48.0,63.0,70.0,1502,manual,100.0,82.0
1020,BOOTUP DEFAULT,272.0,893.0,48.0,63.0,70.0,1502,manual,100.0,82.0
1021,BOOTUP DEFAULT,272.0,893.0,48.0,63.0,70.0,1502,manual,100.0,82.0
1022,BOOTUP DEFAULT,272.0,893.0,48.0,63.0,70.0,1502,manual,100.0,82.0
1023,BOOTUP DEFAULT,272.0,893.0,48.0,63.0,70.0,1502,manual,100.0,82.0
1024,BOOTUP DEFAULT,272.0,900.0,48.0,63.0,70.0,1502,manual,100.0,82.0
1025,BOOTUP DEFAULT,268.0,893.0,48.0,63.0,70.0,1502,manual,100.0,80.0
1026,BOOTUP DEFAULT,272.0,893.0,48.0,63.0,70.0,1502,manual,100.0,82.0
1027,BOOTUP DEFAULT,272.0,893.0,48.0,62.0,70.0,1502,manual,100.0,82.0
1028,BOOTUP DEFAULT,272.0,900.0,48.0,63.0,70.0,1502,manual,100.0,82.0
1029,BOOTUP DEFAULT,272.0,893.0,48.0,62.0,70.0,1502,manual,100.0,82.0
1030,BOOTUP DEFAULT,272.0,900.0,48.0,63.0,70.0,1502,manual,100.0,82.0
1031,BOOTUP DEFAULT,272.0,893.0,48.0,63.0,70.0,1502,manual,100.0,82.0
1032,BOOTUP DEFAULT,272.0,893.0,48.0,63.0,70.0,1502,manual,100.0,82.0
1033,BOOTUP DEFAULT,272.0,893.0,48.0,63.0,70.0,1502,manual,100.0,82.0
1034,BOOTUP DEFAULT,272.0,900.0,48.0,63.0,70.0,1502,manual,100.0,82.0
1035,BOOTUP DEFAULT,272.0,893.0,48.0,63.0,70.0,1502,manual,100.0,82.0
1036,BOOTUP DEFAULT,272.0,893.0,48.0,63.0,70.0,1502,manual,100.0,82.0
1037,BOOTUP DEFAULT,272.0,900.0,48.0,63.0,70.0,1502,manual,100.0,82.0
1038,BOOTUP DEFAULT,272.0,900.0,48.0,63.0,70.0,1502,manual,100.0,82.0
1039,BOOTUP DEFAULT,272.0,893.0,48.0,63.0,70.0,1502,manual,100.0,81.0
1040,BOOTUP DEFAULT,272.0,893.0,48.0,63.0,70.0,1502,manual,100.0,82.0
1041,BOOTUP DEFAULT,272.0,906.0,48.0,63.0,70.0,1502,manual,100.0,82.0
1042,BOOTUP DEFAULT,272.0,893.0,48.0,63.0,70.0,1502,manual,100.0,82.0
1043,BOOTUP DEFAULT,272.0,893.0,48.0,63.0,70.0,1502,manual,100.0,82.0
1044,BOOTUP DEFAULT,272.0,893.0,48.0,63.0,70.0,1502,manual,100.0,82.0
1045,BOOTUP DEFAULT,272.0,893.0,48.0,63.0,70.0,1502,manual,100.0,82.0
1046,BOOTUP DEFAULT,272.0,900.0,48.0,63.0,70.0,1502,manual,100.0,82.0
1047,BOOTUP DEFAULT,272.0,893.0,48.0,62.0,70.0,1502,manual,100.0,82.0
1048,BOOTUP DEFAULT,272.0,893.0,48.0,63.0,70.0,1502,manual,100.0,82.0
1049,BOOTUP DEFAULT,272.0,893.0,48.0,63.0,70.0,1502,manual,100.0,82.0
1050,BOOTUP DEFAULT,272.0,893.0,48.0,63.0,70.0,1502,manual,100.0,82.0
1051,BOOTUP DEFAULT,272.0,893.0,47.0,63.0,70.0,1502,manual,100.0,82.0
1052,BOOTUP DEFAULT,272.0,893.0,48.0,63.0,70.0,1502,manual,100.0,82.0
1053,BOOTUP DEFAULT,272.0,906.0,48.0,63.0,70.0,1502,manual,100.0,82.0
1054,BOOTUP DEFAULT,272.0,893.0,48.0,63.0,70.0,1502,manual,100.0,82.0
1055,BOOTUP DEFAULT,272.0,893.0,48.0,63.0,70.0,1502,manual,100.0,82.0
1056,BOOTUP DEFAULT,272.0,893.0,48.0,63.0,70.0,1502,manual,100.0,82.0
1057,BOOTUP DEFAULT,272.0,893.0,48.0,63.0,70.0,1502,manual,100.0,82.0
1058,BOOTUP DEFAULT,273.0,893.0,48.0,63.0,70.0,1502,manual,100.0,82.0
1059,BOOTUP DEFAULT,272.0,893.0,48.0,63.0,70.0,1502,manual,100.0,82.0
1060,BOOTUP DEFAULT,272.0,893.0,48.0,63.0,70.0,1502,manual,100.0,82.0
1061,BOOTUP DEFAULT,272.0,893.0,48.0,63.0,70.0,1502,manual,100.0,82.0
1062,BOOTUP DEFAULT,272.0,893.0,48.0,63.0,70.0,1502,manual,100.0,82.0
1063,BOOTUP DEFAULT,272.0,893.0,48.0,63.0,70.0,1502,manual,100.0,82.0
1064,BOOTUP DEFAULT,272.0,906.0,48.0,63.0,70.0,1502,manual,100.0,82.0
1065,BOOTUP DEFAULT,272.0,900.0,48.0,63.0,70.0,1502,manual,100.0,82.0
1066,BOOTUP DEFAULT,272.0,893.0,48.0,63.0,70.0,1502,manual,100.0,82.0
1067,BOOTUP DEFAULT,272.0,900.0,48.0,62.0,70.0,1502,manual,100.0,82.0
1068,BOOTUP DEFAULT,272.0,893.0,48.0,63.0,70.0,1502,manual,100.0,82.0
1069,BOOTUP DEFAULT,272.0,900.0,48.0,63.0,70.0,1502,manual,100.0,82.0
1070,BOOTUP DEFAULT,272.0,893.0,48.0,63.0,70.0,1502,manual,100.0,81.0
1071,BOOTUP DEFAULT,272.0,893.0,48.0,63.0,70.0,1502,manual,100.0,82.0
1072,BOOTUP DEFAULT,272.0,893.0,48.0,63.0,70.0,1502,manual,100.0,82.0
1073,BOOTUP DEFAULT,272.0,893.0,48.0,63.0,70.0,1502,manual,100.0,82.0
1074,BOOTUP DEFAULT,272.0,900.0,48.0,63.0,70.0,1502,manual,100.0,82.0
1075,BOOTUP DEFAULT,272.0,900.0,48.0,63.0,70.0,1502,manual,100.0,81.0
1076,BOOTUP DEFAULT,272.0,893.0,48.0,63.0,70.0,1502,manual,100.0,82.0
1077,BOOTUP DEFAULT,272.0,900.0,48.0,63.0,70.0,1502,manual,100.0,82.0
1078,BOOTUP DEFAULT,272.0,900.0,48.0,63.0,70.0,1502,manual,100.0,82.0
1079,BOOTUP DEFAULT,272.0,893.0,48.0,63.0,70.0,1502,manual,100.0,82.0
1080,BOOTUP DEFAULT,272.0,893.0,48.0,63.0,70.0,1502,manual,100.0,82.0
1081,BOOTUP DEFAULT,272.0,900.0,48.0,63.0,70.0,1502,manual,100.0,82.0
1082,BOOTUP DEFAULT,272.0,893.0,48.0,63.0,70.0,1502,manual,100.0,82.0
1083,BOOTUP DEFAULT,272.0,893.0,48.0,63.0,70.0,1502,manual,100.0,81.0
1084,BOOTUP DEFAULT,272.0,893.0,48.0,63.0,70.0,1502,manual,100.0,82.0
1085,BOOTUP DEFAULT,273.0,893.0,48.0,63.0,70.0,1502,manual,100.0,82.0
1086,BOOTUP DEFAULT,272.0,893.0,48.0,63.0,70.0,1502,manual,100.0,82.0
1087,BOOTUP DEFAULT,272.0,900.0,48.0,63.0,70.0,1502,manual,100.0,82.0
1088,BOOTUP DEFAULT,272.0,893.0,48.0,63.0,70.0,1502,manual,100.0,82.0
1089,BOOTUP DEFAULT,272.0,900.0,47.0,63.0,70.0,1502,manual,100.0,82.0
1090,BOOTUP DEFAULT,272.0,893.0,48.0,63.0,70.0,1502,manual,100.0,82.0
1091,BOOTUP DEFAULT,270.0,900.0,48.0,63.0,70.0,1502,manual,100.0,82.0
1092,BOOTUP DEFAULT,272.0,906.0,48.0,63.0,70.0,1502,manual,100.0,82.0
1093,BOOTUP DEFAULT,272.0,893.0,48.0,63.0,70.0,1502,manual,100.0,82.0
1094,BOOTUP DEFAULT,272.0,893.0,48.0,63.0,70.0,1502,manual,100.0,82.0
1095,BOOTUP DEFAULT,272.0,893.0,48.0,63.0,70.0,1502,manual,100.0,82.0
1096,BOOTUP DEFAULT,272.0,900.0,48.0,63.0,70.0,1502,manual,100.0,82.0
1097,BOOTUP DEFAULT,272.0,893.0,48.0,63.0,70.0,1502,manual,100.0,81.0
1098,BOOTUP DEFAULT,272.0,893.0,48.0,63.0,70.0,1502,manual,100.0,82.0
1099,BOOTUP DEFAULT,272.0,900.0,48.0,63.0,70.0,1502,manual,100.0,82.0
1100,BOOTUP DEFAULT,272.0,893.0,48.0,63.0,70.0,1502,manual,100.0,82.0
1101,BOOTUP DEFAULT,272.0,893.0,48.0,63.0,70.0,1502,manual,100.0,82.0
1102,BOOTUP DEFAULT,272.0,893.0,48.0,63.0,70.0,1502,manual,100.0,82.0
1103,BOOTUP DEFAULT,272.0,893.0,48.0,63.0,70.0,1502,manual,100.0,82.0
1104,BOOTUP DEFAULT,272.0,900.0,48.0,63.0,70.0,1502,manual,100.0,82.0
1105,BOOTUP DEFAULT,272.0,893.0,48.0,63.0,70.0,1502,manual,100.0,82.0
1106,BOOTUP DEFAULT,272.0,893.0,48.0,63.0,70.0,1502,manual,100.0,82.0
1107,BOOTUP DEFAULT,272.0,893.0,48.0,63.0,70.0,1502,manual,100.0,82.0
1108,BOOTUP DEFAULT,272.0,893.0,48.0,63.0,70.0,1502,manual,100.0,81.0
1109,BOOTUP DEFAULT,272.0,893.0,48.0,63.0,70.0,1502,manual,100.0,82.0
1110,BOOTUP DEFAULT,272.0,893.0,48.0,63.0,70.0,1502,manual,100.0,82.0
1111,BOOTUP DEFAULT,272.0,900.0,48.0,63.0,70.0,1502,manual,100.0,82.0
1112,BOOTUP DEFAULT,272.0,893.0,48.0,63.0,70.0,1502,manual,100.0,82.0
1113,BOOTUP DEFAULT,272.0,900.0,48.0,63.0,70.0,1502,manual,100.0,82.0
1114,BOOTUP DEFAULT,272.0,900.0,48.0,63.0,70.0,1502,manual,100.0,82.0
1115,BOOTUP DEFAULT,269.0,893.0,48.0,63.0,70.0,1502,manual,100.0,81.0
1116,BOOTUP DEFAULT,272.0,893.0,48.0,63.0,70.0,1502,manual,100.0,82.0
1117,BOOTUP DEFAULT,272.0,893.0,48.0,62.0,70.0,1502,manual,100.0,81.0
1118,BOOTUP DEFAULT,272.0,893.0,48.0,63.0,70.0,1502,manual,100.0,82.0
1119,BOOTUP DEFAULT,272.0,893.0,48.0,63.0,70.0,1502,manual,100.0,82.0
1120,BOOTUP DEFAULT,270.0,900.0,48.0,63.0,70.0,1502,manual,100.0,81.0
1121,BOOTUP DEFAULT,272.0,893.0,48.0,63.0,70.0,1502,manual,100.0,82.0
1122,BOOTUP DEFAULT,272.0,893.0,48.0,63.0,70.0,1502,manual,100.0,82.0
1123,BOOTUP DEFAULT,272.0,893.0,48.0,63.0,70.0,1502,manual,100.0,82.0
1124,BOOTUP DEFAULT,272.0,900.0,48.0,63.0,70.0,1502,manual,100.0,82.0
1125,BOOTUP DEFAULT,272.0,893.0,48.0,63.0,70.0,1502,manual,100.0,82.0
1126,BOOTUP DEFAULT,272.0,893.0,48.0,63.0,70.0,1502,manual,100.0,82.0
1127,BOOTUP DEFAULT,272.0,900.0,48.0,63.0,70.0,1502,manual,100.0,82.0
1128,BOOTUP DEFAULT,272.0,893.0,48.0,63.0,70.0,1502,manual,100.0,82.0
1129,BOOTUP DEFAULT,272.0,893.0,48.0,63.0,70.0,1502,manual,100.0,82.0
1130,BOOTUP DEFAULT,272.0,893.0,48.0,63.0,70.0,1502,manual,100.0,82.0
1131,BOOTUP DEFAULT,272.0,893.0,48.0,63.0,70.0,1502,manual,100.0,82.0
1132,BOOTUP DEFAULT,272.0,893.0,48.0,63.0,70.0,1502,manual,100.0,82.0
1133,BOOTUP DEFAULT,272.0,893.0,48.0,63.0,70.0,1502,manual,100.0,82.0
1134,BOOTUP DEFAULT,272.0,893.0,48.0,63.0,70.0,1502,manual,100.0,82.0
1135,BOOTUP DEFAULT,272.0,900.0,48.0,63.0,70.0,1502,manual,100.0,82.0
1136,BOOTUP DEFAULT,270.0,893.0,48.0,63.0,70.0,1502,manual,100.0,81.0
1137,BOOTUP DEFAULT,272.0,893.0,48.0,63.0,70.0,1502,manual,100.0,82.0
1138,BOOTUP DEFAULT,272.0,893.0,48.0,63.0,70.0,1502,manual,100.0,82.0
1139,BOOTUP DEFAULT,272.0,893.0,48.0,63.0,70.0,1502,manual,100.0,82.0
1140,BOOTUP DEFAULT,272.0,893.0,48.0,63.0,70.0,1502,manual,100.0,80.0
1141,BOOTUP DEFAULT,272.0,900.0,48.0,63.0,70.0,1502,manual,100.0,82.0
1142,BOOTUP DEFAULT,272.0,900.0,48.0,63.0,70.0,1502,manual,100.0,82.0
1143,BOOTUP DEFAULT,272.0,893.0,48.0,63.0,70.0,1502,manual,100.0,82.0
1144,BOOTUP DEFAULT,272.0,893.0,48.0,63.0,70.0,1502,manual,100.0,82.0
1145,BOOTUP DEFAULT,272.0,893.0,48.0,63.0,70.0,1502,manual,100.0,82.0
1146,BOOTUP DEFAULT,272.0,900.0,48.0,63.0,70.0,1502,manual,100.0,82.0
1147,BOOTUP DEFAULT,272.0,893.0,48.0,63.0,70.0,1502,manual,100.0,81.0
1148,BOOTUP DEFAULT,272.0,900.0,48.0,63.0,70.0,1502,manual,100.0,82.0
1149,BOOTUP DEFAULT,272.0,893.0,48.0,63.0,70.0,1502,manual,100.0,81.0
1150,BOOTUP DEFAULT,272.0,893.0,48.0,63.0,70.0,1502,manual,100.0,82.0
1151,BOOTUP DEFAULT,272.0,900.0,48.0,63.0,70.0,1502,manual,100.0,82.0
1152,BOOTUP DEFAULT,272.0,893.0,48.0,63.0,70.0,1502,manual,100.0,82.0
1153,BOOTUP DEFAULT,272.0,893.0,48.0,63.0,70.0,1502,manual,100.0,82.0
1154,BOOTUP DEFAULT,270.0,893.0,48.0,63.0,70.0,1502,manual,100.0,81.0
1155,BOOTUP DEFAULT,269.0,900.0,48.0,63.0,70.0,1502,manual,100.0,82.0
1156,BOOTUP DEFAULT,272.0,893.0,48.0,63.0,70.0,1502,manual,100.0,82.0
1157,BOOTUP DEFAULT,272.0,893.0,48.0,63.0,70.0,1502,manual,100.0,82.0
1158,BOOTUP DEFAULT,272.0,893.0,48.0,63.0,70.0,1502,manual,100.0,82.0
1159,BOOTUP DEFAULT,272.0,893.0,48.0,63.0,70.0,1502,manual,100.0,81.0
1160,BOOTUP DEFAULT,272.0,900.0,48.0,63.0,70.0,1502,manual,100.0,82.0
1161,BOOTUP DEFAULT,272.0,893.0,48.0,63.0,70.0,1502,manual,100.0,82.0
1162,BOOTUP DEFAULT,272.0,893.0,48.0,63.0,70.0,1502,manual,100.0,82.0
1163,BOOTUP DEFAULT,270.0,893.0,48.0,63.0,70.0,1502,manual,100.0,81.0
1164,BOOTUP DEFAULT,272.0,893.0,48.0,63.0,70.0,1502,manual,100.0,82.0
1165,BOOTUP DEFAULT,272.0,893.0,48.0,63.0,70.0,1502,manual,100.0,82.0
1166,BOOTUP DEFAULT,272.0,893.0,48.0,63.0,70.0,1502,manual,100.0,82.0
1167,BOOTUP DEFAULT,272.0,900.0,48.0,63.0,70.0,1502,manual,100.0,82.0
1168,BOOTUP DEFAULT,272.0,893.0,48.0,63.0,70.0,1502,manual,100.0,82.0
1169,BOOTUP DEFAULT,272.0,893.0,48.0,63.0,70.0,1502,manual,100.0,82.0
1170,BOOTUP DEFAULT,272.0,893.0,48.0,63.0,70.0,1502,manual,100.0,82.0
1171,BOOTUP DEFAULT,272.0,893.0,48.0,63.0,70.0,1502,manual,100.0,82.0
1172,BOOTUP DEFAULT,272.0,893.0,48.0,63.0,70.0,1502,manual,100.0,82.0
1173,BOOTUP DEFAULT,272.0,893.0,48.0,63.0,70.0,1502,manual,100.0,82.0
1174,BOOTUP DEFAULT,272.0,893.0,48.0,63.0,70.0,1502,manual,100.0,82.0
1175,BOOTUP DEFAULT,272.0,900.0,48.0,63.0,70.0,1502,manual,100.0,81.0
1176,BOOTUP DEFAULT,272.0,893.0,48.0,63.0,70.0,1502,manual,100.0,82.0
1177,BOOTUP DEFAULT,272.0,900.0,48.0,63.0,70.0,1502,manual,100.0,82.0
1178,BOOTUP DEFAULT,272.0,893.0,48.0,63.0,70.0,1502,manual,100.0,82.0
1179,BOOTUP DEFAULT,272.0,900.0,48.0,63.0,70.0,1502,manual,100.0,82.0
1180,BOOTUP DEFAULT,272.0,893.0,48.0,63.0,70.0,1502,manual,100.0,79.0
1181,BOOTUP DEFAULT,272.0,893.0,48.0,63.0,70.0,1502,manual,100.0,82.0
1182,BOOTUP DEFAULT,272.0,900.0,48.0,63.0,70.0,1502,manual,100.0,82.0
1183,BOOTUP DEFAULT,272.0,900.0,48.0,63.0,70.0,1502,manual,100.0,82.0
1184,BOOTUP DEFAULT,272.0,893.0,48.0,63.0,70.0,1502,manual,100.0,82.0
1185,BOOTUP DEFAULT,272.0,893.0,48.0,63.0,70.0,1502,manual,100.0,82.0
1186,BOOTUP DEFAULT,272.0,893.0,48.0,63.0,70.0,1502,manual,100.0,81.0
1187,BOOTUP DEFAULT,272.0,893.0,48.0,63.0,70.0,1502,manual,100.0,82.0
1188,BOOTUP DEFAULT,269.0,893.0,48.0,63.0,70.0,1502,manual,100.0,81.0
1189,BOOTUP DEFAULT,272.0,893.0,48.0,63.0,70.0,1502,manual,100.0,82.0
1190,BOOTUP DEFAULT,272.0,893.0,48.0,63.0,70.0,1502,manual,100.0,82.0
1191,BOOTUP DEFAULT,272.0,900.0,48.0,62.0,70.0,1502,manual,100.0,82.0
1192,BOOTUP DEFAULT,272.0,893.0,47.0,63.0,70.0,1502,manual,100.0,82.0
1193,BOOTUP DEFAULT,272.0,900.0,48.0,63.0,70.0,1502,manual,100.0,82.0
1194,BOOTUP DEFAULT,272.0,900.0,48.0,63.0,70.0,1502,manual,100.0,82.0
1195,BOOTUP DEFAULT,272.0,893.0,48.0,63.0,70.0,1502,manual,100.0,82.0
1196,BOOTUP DEFAULT,272.0,893.0,48.0,63.0,70.0,1502,manual,100.0,82.0
1197,BOOTUP DEFAULT,269.0,900.0,48.0,63.0,70.0,1502,manual,100.0,82.0
1198,BOOTUP DEFAULT,272.0,893.0,48.0,63.0,70.0,1502,manual,100.0,82.0
1199,BOOTUP DEFAULT,272.0,893.0,48.0,63.0,70.0,1502,manual,100.0,82.0
1200,BOOTUP DEFAULT,269.0,893.0,48.0,63.0,70.0,1502,manual,100.0,82.0
1201,BOOTUP DEFAULT,272.0,900.0,48.0,63.0,70.0,1502,manual,100.0,82.0
1202,BOOTUP DEFAULT,272.0,900.0,48.0,62.0,70.0,1502,manual,100.0,82.0
1203,BOOTUP DEFAULT,272.0,900.0,48.0,62.0,70.0,1502,manual,100.0,82.0
1204,BOOTUP DEFAULT,271.0,893.0,48.0,63.0,70.0,1502,manual,100.0,81.0
1205,BOOTUP DEFAULT,272.0,893.0,48.0,63.0,70.0,1502,manual,100.0,82.0
1206,BOOTUP DEFAULT,272.0,893.0,48.0,63.0,70.0,1502,manual,100.0,82.0
1207,BOOTUP DEFAULT,272.0,900.0,48.0,63.0,70.0,1502,manual,100.0,82.0
1208,BOOTUP DEFAULT,272.0,900.0,48.0,63.0,70.0,1502,manual,100.0,82.0
1209,BOOTUP DEFAULT,269.0,893.0,48.0,63.0,70.0,1502,manual,100.0,82.0
1210,BOOTUP DEFAULT,272.0,893.0,48.0,63.0,70.0,1502,manual,100.0,82.0
1211,BOOTUP DEFAULT,272.0,893.0,48.0,63.0,70.0,1502,manual,100.0,82.0
1212,BOOTUP DEFAULT,272.0,893.0,48.0,63.0,70.0,1502,manual,100.0,82.0
1213,BOOTUP DEFAULT,272.0,662.0,48.0,63.0,70.0,1502,manual,100.0,82.0
1214,BOOTUP DEFAULT,41.0,656.0,44.0,48.0,51.0,300,manual,0.0,0.0
1215,BOOTUP DEFAULT,39.0,656.0,43.0,47.0,48.0,300,manual,0.0,0.0
1216,BOOTUP DEFAULT,41.0,656.0,43.0,46.0,47.0,300,manual,0.0,0.0
1217,BOOTUP DEFAULT,40.0,662.0,42.0,45.0,47.0,300,manual,0.0,0.0
1218,BOOTUP DEFAULT,39.0,656.0,42.0,45.0,46.0,300,manual,0.0,0.0
1219,BOOTUP DEFAULT,39.0,656.0,41.0,44.0,45.0,300,manual,0.0,0.0
1220,BOOTUP DEFAULT,39.0,656.0,41.0,44.0,45.0,300,manual,0.0,0.0
1221,BOOTUP DEFAULT,55.0,912.0,41.0,44.0,45.0,300,manual,1.0,0.0
1222,BOOTUP DEFAULT,47.0,906.0,41.0,44.0,45.0,300,manual,0.0,0.0
1223,BOOTUP DEFAULT,54.0,906.0,40.0,43.0,44.0,300,manual,1.0,1.0
1224,BOOTUP DEFAULT,39.0,656.0,40.0,43.0,44.0,300,manual,0.0,0.0
1225,BOOTUP DEFAULT,39.0,656.0,39.0,43.0,43.0,300,manual,0.0,0.0
1226,BOOTUP DEFAULT,39.0,656.0,39.0,42.0,43.0,300,manual,0.0,0.0
1227,BOOTUP DEFAULT,39.0,656.0,38.0,42.0,43.0,300,manual,0.0,0.0
1228,BOOTUP DEFAULT,39.0,656.0,38.0,41.0,43.0,300,manual,0.0,0.0
1229,BOOTUP DEFAULT,44.0,656.0,38.0,42.0,43.0,300,manual,0.0,2.0
