index,power_profile,power_usage,voltage,edge_temperature,junction_temperature,memory_temperature,sclk,performance,gpu_usage,memory_usage
0,BOOTUP DEFAULT,39.0,662.0,35.0,39.0,42.0,300,manual,0.0,0.0
1,BOOTUP DEFAULT,39.0,662.0,34.0,38.0,42.0,300,manual,0.0,0.0
2,BOOTUP DEFAULT,39.0,662.0,35.0,38.0,42.0,300,manual,0.0,0.0
3,BOOTUP DEFAULT,39.0,662.0,34.0,38.0,42.0,300,manual,0.0,0.0
4,BOOTUP DEFAULT,39.0,668.0,34.0,38.0,42.0,300,manual,0.0,0.0
5,BOOTUP DEFAULT,39.0,662.0,34.0,38.0,41.0,300,manual,0.0,0.0
6,BOOTUP DEFAULT,39.0,662.0,34.0,37.0,41.0,300,manual,0.0,0.0
7,BOOTUP DEFAULT,39.0,662.0,34.0,37.0,41.0,300,manual,0.0,0.0
8,BOOTUP DEFAULT,39.0,668.0,34.0,37.0,41.0,300,manual,0.0,0.0
9,BOOTUP DEFAULT,39.0,662.0,33.0,37.0,41.0,300,manual,0.0,0.0
10,BOOTUP DEFAULT,39.0,662.0,33.0,37.0,41.0,300,manual,0.0,0.0
11,BOOTUP DEFAULT,39.0,662.0,33.0,36.0,40.0,300,manual,0.0,0.0
12,BOOTUP DEFAULT,39.0,662.0,32.0,36.0,40.0,300,manual,0.0,0.0
13,BOOTUP DEFAULT,39.0,662.0,32.0,36.0,40.0,300,manual,0.0,0.0
14,BOOTUP DEFAULT,39.0,662.0,32.0,36.0,40.0,300,manual,0.0,0.0
15,BOOTUP DEFAULT,39.0,662.0,32.0,36.0,40.0,300,manual,0.0,0.0
16,BOOTUP DEFAULT,39.0,668.0,32.0,36.0,40.0,300,manual,0.0,0.0
17,BOOTUP DEFAULT,38.0,662.0,32.0,35.0,40.0,300,manual,0.0,0.0
18,BOOTUP DEFAULT,39.0,662.0,31.0,35.0,39.0,300,manual,0.0,0.0
19,BOOTUP DEFAULT,39.0,668.0,31.0,35.0,39.0,300,manual,0.0,0.0
20,BOOTUP DEFAULT,54.0,662.0,31.0,35.0,39.0,300,manual,5.0,0.0
21,BOOTUP DEFAULT,39.0,918.0,31.0,35.0,39.0,300,manual,0.0,0.0
22,BOOTUP DEFAULT,39.0,662.0,31.0,35.0,39.0,300,manual,0.0,0.0
23,BOOTUP DEFAULT,39.0,662.0,31.0,35.0,39.0,300,manual,0.0,0.0
24,BOOTUP DEFAULT,39.0,662.0,31.0,34.0,39.0,300,manual,0.0,0.0
25,BOOTUP DEFAULT,39.0,668.0,30.0,34.0,39.0,300,manual,0.0,0.0
26,BOOTUP DEFAULT,39.0,912.0,30.0,34.0,38.0,300,manual,0.0,0.0
27,BOOTUP DEFAULT,36.0,668.0,31.0,34.0,38.0,300,manual,0.0,0.0
28,BOOTUP DEFAULT,37.0,662.0,30.0,34.0,38.0,300,manual,0.0,0.0
29,BOOTUP DEFAULT,37.0,662.0,30.0,34.0,38.0,300,manual,0.0,0.0
30,BOOTUP DEFAULT,37.0,662.0,30.0,33.0,38.0,300,manual,0.0,0.0
31,BOOTUP DEFAULT,37.0,662.0,30.0,34.0,38.0,300,manual,0.0,0.0
32,BOOTUP DEFAULT,37.0,675.0,30.0,33.0,38.0,300,manual,0.0,0.0
33,BOOTUP DEFAULT,37.0,662.0,30.0,33.0,38.0,300,manual,0.0,0.0
34,BOOTUP DEFAULT,37.0,662.0,30.0,33.0,37.0,300,manual,0.0,0.0
35,BOOTUP DEFAULT,36.0,662.0,29.0,33.0,37.0,300,manual,0.0,0.0
36,BOOTUP DEFAULT,37.0,668.0,29.0,33.0,37.0,300,manual,0.0,0.0
37,BOOTUP DEFAULT,37.0,662.0,29.0,33.0,37.0,300,manual,0.0,0.0
38,BOOTUP DEFAULT,38.0,662.0,29.0,32.0,37.0,300,manual,0.0,0.0
39,BOOTUP DEFAULT,36.0,662.0,28.0,33.0,37.0,300,manual,0.0,0.0
40,BOOTUP DEFAULT,37.0,662.0,29.0,33.0,37.0,300,manual,0.0,0.0
41,BOOTUP DEFAULT,35.0,662.0,29.0,32.0,37.0,300,manual,0.0,0.0
42,BOOTUP DEFAULT,36.0,662.0,29.0,32.0,37.0,300,manual,0.0,0.0
43,BOOTUP DEFAULT,36.0,668.0,28.0,32.0,36.0,300,manual,0.0,0.0
44,BOOTUP DEFAULT,36.0,668.0,28.0,32.0,36.0,300,manual,0.0,0.0
45,BOOTUP DEFAULT,36.0,662.0,28.0,32.0,36.0,300,manual,0.0,0.0
46,BOOTUP DEFAULT,35.0,662.0,28.0,32.0,36.0,300,manual,0.0,0.0
47,BOOTUP DEFAULT,36.0,662.0,28.0,32.0,36.0,300,manual,0.0,0.0
48,BOOTUP DEFAULT,36.0,662.0,28.0,32.0,36.0,300,manual,0.0,0.0
49,BOOTUP DEFAULT,35.0,668.0,28.0,32.0,36.0,300,manual,0.0,0.0
50,BOOTUP DEFAULT,37.0,662.0,28.0,32.0,36.0,300,manual,0.0,0.0
51,BOOTUP DEFAULT,35.0,668.0,28.0,32.0,36.0,300,manual,0.0,0.0
52,BOOTUP DEFAULT,35.0,668.0,28.0,32.0,36.0,300,manual,0.0,0.0
53,BOOTUP DEFAULT,35.0,668.0,27.0,32.0,36.0,300,manual,0.0,0.0
54,BOOTUP DEFAULT,36.0,662.0,27.0,31.0,36.0,300,manual,0.0,0.0
55,BOOTUP DEFAULT,35.0,662.0,27.0,31.0,35.0,300,manual,0.0,0.0
56,BOOTUP DEFAULT,37.0,662.0,27.0,32.0,35.0,300,manual,0.0,0.0
57,BOOTUP DEFAULT,56.0,668.0,29.0,37.0,40.0,1502,manual,24.0,0.0
58,BOOTUP DEFAULT,36.0,662.0,28.0,32.0,36.0,300,manual,0.0,0.0
59,BOOTUP DEFAULT,37.0,662.0,27.0,31.0,35.0,300,manual,0.0,0.0
60,BOOTUP DEFAULT,39.0,662.0,27.0,31.0,35.0,300,manual,0.0,0.0
61,BOOTUP DEFAULT,37.0,662.0,27.0,31.0,35.0,300,manual,0.0,0.0
62,BOOTUP DEFAULT,36.0,662.0,27.0,31.0,35.0,300,manual,0.0,0.0
63,BOOTUP DEFAULT,39.0,662.0,27.0,31.0,36.0,300,manual,0.0,0.0
64,BOOTUP DEFAULT,37.0,668.0,27.0,31.0,35.0,300,manual,0.0,0.0
65,BOOTUP DEFAULT,38.0,662.0,27.0,31.0,36.0,300,manual,0.0,0.0
66,BOOTUP DEFAULT,39.0,662.0,27.0,31.0,35.0,300,manual,0.0,0.0
67,BOOTUP DEFAULT,39.0,662.0,27.0,31.0,35.0,300,manual,0.0,0.0
68,BOOTUP DEFAULT,38.0,668.0,27.0,31.0,35.0,300,manual,0.0,0.0
69,BOOTUP DEFAULT,84.0,662.0,27.0,31.0,36.0,1502,manual,31.0,2.0
70,BOOTUP DEFAULT,38.0,668.0,27.0,31.0,35.0,300,manual,0.0,0.0
71,BOOTUP DEFAULT,39.0,662.0,27.0,30.0,35.0,300,manual,0.0,0.0
72,BOOTUP DEFAULT,35.0,668.0,27.0,30.0,35.0,300,manual,0.0,0.0
73,BOOTUP DEFAULT,39.0,662.0,30.0,40.0,42.0,300,manual,8.0,0.0
74,BOOTUP DEFAULT,299.0,668.0,30.0,42.0,43.0,1472,manual,100.0,41.0
75,BOOTUP DEFAULT,302.0,893.0,30.0,41.0,44.0,1472,manual,100.0,43.0
76,BOOTUP DEFAULT,143.0,850.0,30.0,40.0,42.0,1502,manual,99.0,52.0
77,BOOTUP DEFAULT,231.0,900.0,29.0,38.0,41.0,1502,manual,87.0,42.0
78,BOOTUP DEFAULT,204.0,893.0,30.0,37.0,40.0,1502,manual,87.0,31.0
79,BOOTUP DEFAULT,266.0,912.0,29.0,33.0,38.0,1502,manual,86.0,30.0
80,BOOTUP DEFAULT,106.0,893.0,29.0,33.0,38.0,1502,manual,36.0,24.0
81,BOOTUP DEFAULT,38.0,906.0,30.0,34.0,38.0,300,manual,0.0,0.0
82,BOOTUP DEFAULT,39.0,662.0,30.0,34.0,39.0,300,manual,0.0,0.0
83,BOOTUP DEFAULT,39.0,662.0,30.0,35.0,40.0,300,manual,0.0,0.0
84,BOOTUP DEFAULT,39.0,662.0,31.0,36.0,40.0,300,manual,0.0,0.0
85,BOOTUP DEFAULT,39.0,662.0,31.0,37.0,41.0,300,manual,0.0,0.0
86,BOOTUP DEFAULT,39.0,662.0,32.0,41.0,43.0,300,manual,0.0,0.0
87,BOOTUP DEFAULT,39.0,662.0,32.0,44.0,45.0,300,manual,0.0,0.0
88,BOOTUP DEFAULT,306.0,662.0,33.0,44.0,46.0,1472,manual,100.0,42.0
89,BOOTUP DEFAULT,274.0,662.0,32.0,44.0,46.0,1502,manual,100.0,43.0
90,BOOTUP DEFAULT,286.0,906.0,32.0,43.0,45.0,1472,manual,100.0,52.0
91,BOOTUP DEFAULT,248.0,912.0,32.0,42.0,44.0,1502,manual,99.0,43.0
92,BOOTUP DEFAULT,316.0,893.0,31.0,41.0,42.0,1472,manual,92.0,49.0
93,BOOTUP DEFAULT,298.0,893.0,31.0,40.0,43.0,1472,manual,96.0,30.0
94,BOOTUP DEFAULT,311.0,887.0,30.0,35.0,39.0,1502,manual,90.0,48.0
95,BOOTUP DEFAULT,39.0,893.0,31.0,35.0,39.0,300,manual,0.0,0.0
96,BOOTUP DEFAULT,247.0,662.0,33.0,47.0,47.0,1430,manual,100.0,39.0
97,BOOTUP DEFAULT,272.0,893.0,33.0,44.0,46.0,1502,manual,100.0,45.0
98,BOOTUP DEFAULT,310.0,881.0,33.0,43.0,45.0,1472,manual,99.0,33.0
99,BOOTUP DEFAULT,299.0,868.0,32.0,42.0,44.0,1472,manual,95.0,47.0
100,BOOTUP DEFAULT,307.0,893.0,32.0,39.0,43.0,1472,manual,96.0,38.0
101,BOOTUP DEFAULT,302.0,881.0,31.0,36.0,41.0,1502,manual,96.0,38.0
102,BOOTUP DEFAULT,39.0,925.0,31.0,36.0,39.0,300,manual,0.0,0.0
103,BOOTUP DEFAULT,39.0,893.0,31.0,36.0,39.0,300,manual,0.0,0.0
104,BOOTUP DEFAULT,39.0,918.0,32.0,36.0,41.0,300,manual,0.0,0.0
105,BOOTUP DEFAULT,51.0,668.0,32.0,37.0,41.0,300,manual,0.0,0.0
106,BOOTUP DEFAULT,39.0,662.0,32.0,37.0,42.0,300,manual,0.0,0.0
107,BOOTUP DEFAULT,39.0,675.0,33.0,38.0,43.0,300,manual,0.0,0.0
108,BOOTUP DEFAULT,39.0,662.0,33.0,41.0,44.0,300,manual,0.0,0.0
109,BOOTUP DEFAULT,39.0,662.0,34.0,44.0,46.0,300,manual,0.0,0.0
110,BOOTUP DEFAULT,296.0,668.0,34.0,46.0,48.0,1430,manual,100.0,43.0
111,BOOTUP DEFAULT,282.0,668.0,34.0,46.0,48.0,1472,manual,100.0,45.0
112,BOOTUP DEFAULT,245.0,925.0,34.0,45.0,47.0,1502,manual,100.0,34.0
113,BOOTUP DEFAULT,246.0,875.0,33.0,45.0,47.0,1472,manual,100.0,53.0
114,BOOTUP DEFAULT,307.0,900.0,33.0,43.0,45.0,1472,manual,97.0,50.0
115,BOOTUP DEFAULT,229.0,893.0,33.0,42.0,44.0,1502,manual,87.0,42.0
116,BOOTUP DEFAULT,214.0,906.0,32.0,37.0,41.0,1502,manual,85.0,28.0
117,BOOTUP DEFAULT,39.0,906.0,32.0,36.0,41.0,300,manual,0.0,0.0
118,BOOTUP DEFAULT,39.0,906.0,32.0,37.0,41.0,300,manual,0.0,0.0
119,BOOTUP DEFAULT,39.0,662.0,33.0,37.0,42.0,300,manual,0.0,0.0
120,BOOTUP DEFAULT,39.0,668.0,33.0,38.0,42.0,300,manual,0.0,0.0
121,BOOTUP DEFAULT,39.0,668.0,33.0,38.0,43.0,300,manual,0.0,0.0
122,BOOTUP DEFAULT,39.0,662.0,34.0,39.0,42.0,300,manual,0.0,0.0
123,BOOTUP DEFAULT,39.0,668.0,34.0,42.0,45.0,300,manual,0.0,0.0
124,BOOTUP DEFAULT,39.0,662.0,34.0,45.0,47.0,300,manual,0.0,0.0
125,BOOTUP DEFAULT,274.0,662.0,35.0,47.0,48.0,1472,manual,100.0,56.0
126,BOOTUP DEFAULT,276.0,668.0,35.0,46.0,48.0,1430,manual,100.0,52.0
127,BOOTUP DEFAULT,276.0,893.0,35.0,46.0,48.0,1472,manual,100.0,57.0
128,BOOTUP DEFAULT,255.0,893.0,34.0,44.0,46.0,1502,manual,99.0,48.0
129,BOOTUP DEFAULT,39.0,662.0,34.0,40.0,44.0,300,manual,0.0,0.0
130,BOOTUP DEFAULT,39.0,668.0,34.0,42.0,45.0,300,manual,0.0,0.0
131,BOOTUP DEFAULT,39.0,675.0,35.0,44.0,46.0,300,manual,0.0,0.0
132,BOOTUP DEFAULT,39.0,662.0,35.0,47.0,49.0,300,manual,1.0,0.0
133,BOOTUP DEFAULT,312.0,662.0,35.0,47.0,49.0,1430,manual,100.0,38.0
134,BOOTUP DEFAULT,279.0,906.0,35.0,46.0,48.0,1472,manual,100.0,52.0
135,BOOTUP DEFAULT,39.0,662.0,34.0,39.0,43.0,300,manual,0.0,0.0
136,BOOTUP DEFAULT,39.0,662.0,34.0,39.0,43.0,300,manual,0.0,0.0
137,BOOTUP DEFAULT,39.0,662.0,34.0,40.0,44.0,300,manual,0.0,0.0
138,BOOTUP DEFAULT,39.0,662.0,35.0,42.0,45.0,300,manual,0.0,0.0
139,BOOTUP DEFAULT,39.0,668.0,35.0,46.0,47.0,300,manual,0.0,0.0
140,BOOTUP DEFAULT,284.0,662.0,35.0,47.0,49.0,1472,manual,100.0,48.0
141,BOOTUP DEFAULT,301.0,662.0,35.0,47.0,49.0,1472,manual,100.0,48.0
142,BOOTUP DEFAULT,296.0,893.0,35.0,47.0,48.0,1472,manual,100.0,46.0
143,BOOTUP DEFAULT,295.0,875.0,35.0,45.0,48.0,1472,manual,100.0,45.0
144,BOOTUP DEFAULT,308.0,881.0,35.0,44.0,46.0,1502,manual,93.0,48.0
145,BOOTUP DEFAULT,237.0,875.0,34.0,43.0,46.0,1502,manual,84.0,38.0
146,BOOTUP DEFAULT,206.0,893.0,34.0,42.0,44.0,1502,manual,86.0,40.0
147,BOOTUP DEFAULT,241.0,893.0,34.0,40.0,44.0,1502,manual,92.0,30.0
148,BOOTUP DEFAULT,152.0,881.0,33.0,37.0,42.0,1502,manual,51.0,15.0
149,BOOTUP DEFAULT,39.0,906.0,33.0,38.0,42.0,300,manual,0.0,0.0
150,BOOTUP DEFAULT,239.0,875.0,36.0,49.0,50.0,1430,manual,100.0,44.0
151,BOOTUP DEFAULT,293.0,906.0,35.0,46.0,48.0,1472,manual,100.0,48.0
152,BOOTUP DEFAULT,269.0,881.0,35.0,45.0,47.0,1502,manual,98.0,36.0
153,BOOTUP DEFAULT,39.0,662.0,35.0,42.0,45.0,300,manual,0.0,0.0
154,BOOTUP DEFAULT,299.0,906.0,36.0,49.0,49.0,1472,manual,96.0,48.0
155,BOOTUP DEFAULT,230.0,668.0,37.0,50.0,50.0,1430,manual,92.0,21.0
156,BOOTUP DEFAULT,369.0,893.0,37.0,48.0,50.0,1430,manual,100.0,33.0
157,BOOTUP DEFAULT,39.0,900.0,35.0,40.0,44.0,300,manual,0.0,0.0
158,BOOTUP DEFAULT,39.0,662.0,34.0,39.0,44.0,300,manual,0.0,0.0
159,BOOTUP DEFAULT,39.0,662.0,35.0,40.0,44.0,300,manual,0.0,0.0
160,BOOTUP DEFAULT,228.0,925.0,37.0,50.0,50.0,1502,manual,91.0,34.0
161,BOOTUP DEFAULT,238.0,881.0,35.0,44.0,47.0,1502,manual,86.0,51.0
162,BOOTUP DEFAULT,39.0,668.0,37.0,46.0,48.0,300,manual,0.0,0.0
163,BOOTUP DEFAULT,40.0,668.0,36.0,49.0,51.0,300,manual,9.0,2.0
164,BOOTUP DEFAULT,266.0,925.0,37.0,49.0,50.0,1472,manual,100.0,36.0
165,BOOTUP DEFAULT,39.0,918.0,35.0,40.0,44.0,300,manual,0.0,0.0
166,BOOTUP DEFAULT,39.0,662.0,35.0,40.0,43.0,300,manual,0.0,0.0
167,BOOTUP DEFAULT,247.0,887.0,37.0,50.0,50.0,1502,manual,98.0,40.0
168,BOOTUP DEFAULT,268.0,881.0,36.0,44.0,46.0,1502,manual,92.0,53.0
169,BOOTUP DEFAULT,40.0,668.0,37.0,46.0,47.0,300,manual,0.0,0.0
170,BOOTUP DEFAULT,287.0,668.0,37.0,49.0,50.0,1472,manual,100.0,52.0
171,BOOTUP DEFAULT,259.0,662.0,37.0,49.0,49.0,1502,manual,100.0,33.0
172,BOOTUP DEFAULT,304.0,856.0,37.0,47.0,48.0,1430,manual,100.0,37.0
173,BOOTUP DEFAULT,292.0,900.0,38.0,51.0,50.0,1502,manual,99.0,44.0
174,BOOTUP DEFAULT,39.0,668.0,36.0,43.0,46.0,300,manual,0.0,0.0
175,BOOTUP DEFAULT,39.0,668.0,36.0,43.0,47.0,300,manual,0.0,0.0
176,BOOTUP DEFAULT,40.0,662.0,37.0,48.0,49.0,300,manual,0.0,0.0
177,BOOTUP DEFAULT,342.0,662.0,37.0,50.0,51.0,1430,manual,100.0,44.0
178,BOOTUP DEFAULT,309.0,668.0,37.0,48.0,50.0,1472,manual,100.0,44.0
179,BOOTUP DEFAULT,343.0,868.0,37.0,48.0,49.0,1430,manual,100.0,41.0
180,BOOTUP DEFAULT,40.0,662.0,36.0,41.0,45.0,300,manual,0.0,0.0
181,BOOTUP DEFAULT,40.0,675.0,36.0,42.0,46.0,300,manual,0.0,0.0
182,BOOTUP DEFAULT,39.0,668.0,37.0,44.0,47.0,300,manual,0.0,0.0
183,BOOTUP DEFAULT,327.0,906.0,37.0,49.0,50.0,1502,manual,93.0,39.0
184,BOOTUP DEFAULT,39.0,893.0,35.0,39.0,44.0,300,manual,0.0,0.0
185,BOOTUP DEFAULT,39.0,893.0,35.0,40.0,44.0,300,manual,0.0,0.0
186,BOOTUP DEFAULT,39.0,906.0,35.0,40.0,44.0,300,manual,0.0,0.0
187,BOOTUP DEFAULT,291.0,868.0,38.0,51.0,51.0,1472,manual,100.0,57.0
188,BOOTUP DEFAULT,39.0,662.0,36.0,42.0,46.0,300,manual,0.0,0.0
189,BOOTUP DEFAULT,39.0,668.0,36.0,43.0,46.0,300,manual,0.0,0.0
190,BOOTUP DEFAULT,39.0,662.0,37.0,44.0,47.0,300,manual,0.0,0.0
191,BOOTUP DEFAULT,40.0,662.0,37.0,47.0,48.0,300,manual,0.0,0.0
192,BOOTUP DEFAULT,283.0,662.0,38.0,49.0,51.0,1472,manual,100.0,56.0
193,BOOTUP DEFAULT,288.0,662.0,37.0,49.0,50.0,1430,manual,100.0,42.0
194,BOOTUP DEFAULT,286.0,893.0,37.0,48.0,50.0,1472,manual,100.0,37.0
195,BOOTUP DEFAULT,39.0,662.0,34.0,38.0,43.0,300,manual,0.0,0.0
196,BOOTUP DEFAULT,39.0,662.0,33.0,37.0,41.0,300,manual,0.0,0.0
197,BOOTUP DEFAULT,39.0,668.0,33.0,37.0,41.0,300,manual,0.0,0.0
198,BOOTUP DEFAULT,39.0,662.0,33.0,36.0,41.0,300,manual,0.0,0.0
199,BOOTUP DEFAULT,308.0,893.0,33.0,41.0,44.0,1472,manual,87.0,40.0
200,BOOTUP DEFAULT,264.0,843.0,36.0,50.0,48.0,1502,manual,85.0,26.0
201,BOOTUP DEFAULT,249.0,925.0,37.0,51.0,50.0,1502,manual,91.0,28.0
202,BOOTUP DEFAULT,308.0,881.0,38.0,51.0,50.0,1472,manual,93.0,32.0
203,BOOTUP DEFAULT,249.0,912.0,38.0,52.0,50.0,1502,manual,82.0,41.0
204,BOOTUP DEFAULT,285.0,925.0,38.0,53.0,51.0,1502,manual,86.0,25.0
205,BOOTUP DEFAULT,243.0,906.0,39.0,53.0,51.0,1502,manual,87.0,45.0
206,BOOTUP DEFAULT,309.0,893.0,39.0,53.0,51.0,1472,manual,94.0,31.0
207,BOOTUP DEFAULT,256.0,900.0,39.0,53.0,51.0,1502,manual,88.0,44.0
208,BOOTUP DEFAULT,253.0,875.0,39.0,53.0,51.0,1502,manual,91.0,31.0
209,BOOTUP DEFAULT,299.0,875.0,39.0,53.0,51.0,1472,manual,93.0,23.0
210,BOOTUP DEFAULT,189.0,900.0,40.0,53.0,52.0,1502,manual,83.0,26.0
211,BOOTUP DEFAULT,287.0,906.0,40.0,53.0,50.0,1502,manual,90.0,41.0
212,BOOTUP DEFAULT,257.0,893.0,40.0,53.0,50.0,1502,manual,85.0,39.0
213,BOOTUP DEFAULT,152.0,900.0,40.0,54.0,52.0,1502,manual,62.0,35.0
214,BOOTUP DEFAULT,254.0,893.0,40.0,54.0,52.0,1502,manual,91.0,34.0
215,BOOTUP DEFAULT,224.0,887.0,40.0,54.0,52.0,1502,manual,89.0,31.0
216,BOOTUP DEFAULT,237.0,893.0,40.0,55.0,53.0,1502,manual,88.0,33.0
217,BOOTUP DEFAULT,337.0,887.0,40.0,55.0,52.0,1472,manual,92.0,27.0
218,BOOTUP DEFAULT,313.0,925.0,40.0,55.0,53.0,1472,manual,94.0,42.0
219,BOOTUP DEFAULT,249.0,906.0,41.0,55.0,53.0,1502,manual,92.0,29.0
220,BOOTUP DEFAULT,328.0,893.0,41.0,55.0,53.0,1472,manual,91.0,27.0
221,BOOTUP DEFAULT,226.0,900.0,41.0,55.0,53.0,1502,manual,84.0,41.0
222,BOOTUP DEFAULT,278.0,906.0,42.0,55.0,53.0,1472,manual,93.0,30.0
223,BOOTUP DEFAULT,247.0,912.0,41.0,55.0,53.0,1502,manual,89.0,30.0
224,BOOTUP DEFAULT,293.0,906.0,42.0,56.0,53.0,1472,manual,93.0,27.0
225,BOOTUP DEFAULT,144.0,893.0,40.0,52.0,52.0,1502,manual,83.0,54.0
226,BOOTUP DEFAULT,40.0,662.0,40.0,46.0,50.0,300,manual,0.0,0.0
227,BOOTUP DEFAULT,43.0,662.0,40.0,48.0,50.0,300,manual,0.0,0.0
228,BOOTUP DEFAULT,42.0,668.0,41.0,53.0,53.0,300,manual,0.0,0.0
229,BOOTUP DEFAULT,247.0,912.0,40.0,52.0,53.0,1472,manual,100.0,40.0
230,BOOTUP DEFAULT,39.0,925.0,38.0,43.0,47.0,300,manual,0.0,0.0
231,BOOTUP DEFAULT,39.0,662.0,39.0,43.0,47.0,300,manual,0.0,0.0
232,BOOTUP DEFAULT,40.0,662.0,39.0,44.0,47.0,300,manual,0.0,0.0
233,BOOTUP DEFAULT,41.0,662.0,38.0,45.0,48.0,300,manual,0.0,0.0
234,BOOTUP DEFAULT,40.0,668.0,39.0,46.0,49.0,300,manual,0.0,0.0
235,BOOTUP DEFAULT,262.0,900.0,40.0,52.0,53.0,1502,manual,72.0,36.0
236,BOOTUP DEFAULT,272.0,662.0,41.0,54.0,55.0,1472,manual,100.0,49.0
237,BOOTUP DEFAULT,293.0,912.0,40.0,52.0,53.0,1472,manual,100.0,43.0
238,BOOTUP DEFAULT,39.0,668.0,39.0,43.0,47.0,300,manual,0.0,0.0
239,BOOTUP DEFAULT,40.0,668.0,39.0,43.0,47.0,300,manual,0.0,0.0
240,BOOTUP DEFAULT,40.0,662.0,39.0,45.0,48.0,300,manual,0.0,0.0
241,BOOTUP DEFAULT,40.0,662.0,39.0,47.0,49.0,300,manual,0.0,0.0
242,BOOTUP DEFAULT,41.0,662.0,40.0,52.0,52.0,300,manual,0.0,0.0
243,BOOTUP DEFAULT,344.0,662.0,39.0,52.0,53.0,1430,manual,100.0,45.0
244,BOOTUP DEFAULT,249.0,662.0,40.0,51.0,52.0,1472,manual,100.0,41.0
245,BOOTUP DEFAULT,278.0,850.0,39.0,50.0,52.0,1472,manual,100.0,50.0
246,BOOTUP DEFAULT,39.0,662.0,39.0,43.0,47.0,300,manual,0.0,0.0
247,BOOTUP DEFAULT,311.0,906.0,40.0,53.0,53.0,1472,manual,93.0,32.0
248,BOOTUP DEFAULT,262.0,875.0,38.0,47.0,49.0,1502,manual,87.0,29.0
249,BOOTUP DEFAULT,42.0,662.0,40.0,51.0,51.0,300,manual,0.0,0.0
250,BOOTUP DEFAULT,313.0,662.0,40.0,52.0,53.0,1430,manual,100.0,38.0
251,BOOTUP DEFAULT,331.0,668.0,40.0,51.0,53.0,1472,manual,100.0,55.0
252,BOOTUP DEFAULT,292.0,906.0,39.0,50.0,52.0,1472,manual,100.0,52.0
253,BOOTUP DEFAULT,39.0,668.0,39.0,43.0,47.0,300,manual,0.0,0.0
254,BOOTUP DEFAULT,39.0,662.0,38.0,44.0,48.0,300,manual,0.0,0.0
255,BOOTUP DEFAULT,40.0,662.0,39.0,46.0,49.0,300,manual,0.0,0.0
256,BOOTUP DEFAULT,214.0,875.0,40.0,52.0,52.0,1502,manual,85.0,27.0
257,BOOTUP DEFAULT,252.0,887.0,40.0,54.0,55.0,1502,manual,90.0,16.0
258,BOOTUP DEFAULT,258.0,668.0,41.0,54.0,55.0,1430,manual,100.0,45.0
259,BOOTUP DEFAULT,293.0,925.0,40.0,52.0,53.0,1472,manual,100.0,52.0
260,BOOTUP DEFAULT,39.0,668.0,38.0,43.0,46.0,300,manual,0.0,0.0
261,BOOTUP DEFAULT,277.0,893.0,40.0,54.0,53.0,1472,manual,99.0,33.0
262,BOOTUP DEFAULT,269.0,868.0,39.0,49.0,50.0,1502,manual,91.0,44.0
263,BOOTUP DEFAULT,296.0,893.0,38.0,47.0,49.0,1472,manual,95.0,43.0
264,BOOTUP DEFAULT,259.0,912.0,38.0,44.0,48.0,1502,manual,90.0,48.0
265,BOOTUP DEFAULT,92.0,843.0,37.0,41.0,45.0,1502,manual,46.0,12.0
266,BOOTUP DEFAULT,254.0,668.0,41.0,53.0,54.0,1472,manual,100.0,38.0
267,BOOTUP DEFAULT,253.0,668.0,40.0,52.0,53.0,1472,manual,100.0,37.0
268,BOOTUP DEFAULT,298.0,893.0,39.0,50.0,51.0,1472,manual,100.0,34.0
269,BOOTUP DEFAULT,289.0,881.0,39.0,49.0,51.0,1472,manual,99.0,33.0
270,BOOTUP DEFAULT,249.0,925.0,38.0,48.0,50.0,1502,manual,87.0,24.0
271,BOOTUP DEFAULT,242.0,893.0,38.0,46.0,49.0,1502,manual,86.0,27.0
272,BOOTUP DEFAULT,337.0,912.0,40.0,53.0,53.0,1472,manual,93.0,33.0
273,BOOTUP DEFAULT,56.0,906.0,38.0,42.0,46.0,1502,manual,33.0,0.0
274,BOOTUP DEFAULT,39.0,912.0,38.0,42.0,46.0,300,manual,0.0,0.0
275,BOOTUP DEFAULT,39.0,925.0,37.0,42.0,46.0,300,manual,0.0,0.0
276,BOOTUP DEFAULT,356.0,887.0,40.0,53.0,53.0,1430,manual,100.0,45.0
277,BOOTUP DEFAULT,40.0,662.0,38.0,44.0,48.0,300,manual,0.0,0.0
278,BOOTUP DEFAULT,39.0,662.0,38.0,44.0,48.0,300,manual,0.0,0.0
279,BOOTUP DEFAULT,253.0,893.0,40.0,52.0,53.0,1502,manual,91.0,37.0
280,BOOTUP DEFAULT,237.0,925.0,37.0,44.0,47.0,1502,manual,89.0,24.0
281,BOOTUP DEFAULT,76.0,912.0,37.0,41.0,45.0,1502,manual,37.0,8.0
282,BOOTUP DEFAULT,39.0,862.0,37.0,41.0,45.0,300,manual,0.0,0.0
283,BOOTUP DEFAULT,39.0,925.0,37.0,42.0,46.0,300,manual,0.0,0.0
284,BOOTUP DEFAULT,39.0,662.0,37.0,42.0,46.0,300,manual,0.0,0.0
285,BOOTUP DEFAULT,40.0,662.0,38.0,43.0,47.0,300,manual,1.0,0.0
286,BOOTUP DEFAULT,227.0,881.0,39.0,52.0,52.0,1502,manual,89.0,36.0
287,BOOTUP DEFAULT,246.0,900.0,38.0,46.0,49.0,1502,manual,89.0,38.0
288,BOOTUP DEFAULT,40.0,668.0,39.0,51.0,52.0,300,manual,0.0,0.0
289,BOOTUP DEFAULT,331.0,662.0,40.0,52.0,53.0,1430,manual,100.0,38.0
290,BOOTUP DEFAULT,250.0,875.0,39.0,51.0,52.0,1472,manual,100.0,38.0
291,BOOTUP DEFAULT,39.0,662.0,38.0,43.0,46.0,300,manual,0.0,0.0
292,BOOTUP DEFAULT,329.0,893.0,40.0,52.0,52.0,1472,manual,100.0,51.0
293,BOOTUP DEFAULT,39.0,668.0,38.0,44.0,47.0,300,manual,0.0,0.0
294,BOOTUP DEFAULT,225.0,912.0,40.0,53.0,52.0,1502,manual,84.0,46.0
295,BOOTUP DEFAULT,308.0,900.0,38.0,45.0,48.0,1472,manual,96.0,31.0
296,BOOTUP DEFAULT,237.0,893.0,37.0,42.0,46.0,1502,manual,85.0,25.0
297,BOOTUP DEFAULT,39.0,887.0,37.0,41.0,45.0,300,manual,0.0,0.0
298,BOOTUP DEFAULT,335.0,662.0,40.0,53.0,54.0,1430,manual,100.0,37.0
299,BOOTUP DEFAULT,292.0,893.0,39.0,51.0,52.0,1472,manual,100.0,38.0
300,BOOTUP DEFAULT,252.0,856.0,40.0,54.0,54.0,1472,manual,100.0,41.0
301,BOOTUP DEFAULT,39.0,668.0,39.0,45.0,49.0,300,manual,0.0,0.0
302,BOOTUP DEFAULT,310.0,887.0,40.0,53.0,53.0,1472,manual,98.0,33.0
303,BOOTUP DEFAULT,41.0,925.0,40.0,48.0,51.0,300,manual,0.0,0.0
304,BOOTUP DEFAULT,42.0,662.0,40.0,52.0,51.0,300,manual,0.0,0.0
305,BOOTUP DEFAULT,289.0,881.0,40.0,53.0,53.0,1472,manual,100.0,42.0
306,BOOTUP DEFAULT,296.0,662.0,41.0,54.0,55.0,1472,manual,100.0,35.0
307,BOOTUP DEFAULT,319.0,887.0,40.0,52.0,53.0,1472,manual,100.0,44.0
308,BOOTUP DEFAULT,39.0,662.0,38.0,43.0,47.0,300,manual,0.0,0.0
309,BOOTUP DEFAULT,39.0,668.0,38.0,43.0,47.0,300,manual,0.0,0.0
310,BOOTUP DEFAULT,39.0,662.0,39.0,44.0,48.0,300,manual,0.0,0.0
311,BOOTUP DEFAULT,40.0,668.0,39.0,45.0,47.0,300,manual,0.0,0.0
312,BOOTUP DEFAULT,272.0,918.0,40.0,52.0,52.0,1472,manual,91.0,27.0
313,BOOTUP DEFAULT,207.0,918.0,37.0,42.0,45.0,1502,manual,50.0,44.0
314,BOOTUP DEFAULT,265.0,675.0,41.0,54.0,53.0,1430,manual,100.0,43.0
315,BOOTUP DEFAULT,346.0,662.0,40.0,51.0,53.0,1430,manual,100.0,52.0
316,BOOTUP DEFAULT,344.0,875.0,39.0,50.0,52.0,1430,manual,100.0,37.0
317,BOOTUP DEFAULT,292.0,868.0,39.0,49.0,49.0,1502,manual,99.0,34.0
318,BOOTUP DEFAULT,268.0,893.0,40.0,54.0,53.0,1472,manual,89.0,27.0
319,BOOTUP DEFAULT,255.0,906.0,38.0,46.0,49.0,1502,manual,89.0,47.0
320,BOOTUP DEFAULT,297.0,912.0,37.0,42.0,46.0,1502,manual,92.0,29.0
321,BOOTUP DEFAULT,62.0,925.0,37.0,41.0,45.0,1502,manual,28.0,3.0
322,BOOTUP DEFAULT,39.0,887.0,37.0,42.0,45.0,300,manual,0.0,0.0
323,BOOTUP DEFAULT,39.0,912.0,37.0,42.0,46.0,300,manual,0.0,0.0
324,BOOTUP DEFAULT,39.0,662.0,37.0,42.0,45.0,300,manual,0.0,0.0
325,BOOTUP DEFAULT,378.0,881.0,40.0,53.0,52.0,1430,manual,99.0,39.0
326,BOOTUP DEFAULT,302.0,893.0,38.0,48.0,50.0,1472,manual,93.0,46.0
327,BOOTUP DEFAULT,312.0,912.0,38.0,45.0,48.0,1472,manual,92.0,35.0
328,BOOTUP DEFAULT,315.0,900.0,40.0,53.0,53.0,1472,manual,95.0,43.0
329,BOOTUP DEFAULT,39.0,937.0,38.0,42.0,46.0,300,manual,0.0,0.0
330,BOOTUP DEFAULT,289.0,668.0,40.0,54.0,54.0,1472,manual,100.0,39.0
331,BOOTUP DEFAULT,258.0,893.0,39.0,51.0,51.0,1472,manual,100.0,33.0
332,BOOTUP DEFAULT,346.0,868.0,39.0,50.0,50.0,1430,manual,100.0,38.0
333,BOOTUP DEFAULT,308.0,881.0,39.0,48.0,50.0,1472,manual,97.0,35.0
334,BOOTUP DEFAULT,198.0,893.0,38.0,46.0,49.0,1502,manual,81.0,40.0
335,BOOTUP DEFAULT,39.0,906.0,37.0,41.0,45.0,300,manual,0.0,0.0
336,BOOTUP DEFAULT,245.0,906.0,40.0,52.0,51.0,1502,manual,85.0,25.0
337,BOOTUP DEFAULT,238.0,881.0,40.0,54.0,52.0,1502,manual,90.0,37.0
338,BOOTUP DEFAULT,318.0,912.0,41.0,55.0,52.0,1472,manual,92.0,27.0
339,BOOTUP DEFAULT,259.0,906.0,41.0,55.0,53.0,1502,manual,88.0,26.0
340,BOOTUP DEFAULT,304.0,925.0,41.0,54.0,52.0,1472,manual,88.0,29.0
341,BOOTUP DEFAULT,329.0,912.0,41.0,55.0,53.0,1472,manual,94.0,33.0
342,BOOTUP DEFAULT,282.0,925.0,42.0,55.0,53.0,1502,manual,89.0,30.0
343,BOOTUP DEFAULT,281.0,925.0,41.0,55.0,53.0,1472,manual,93.0,27.0
344,BOOTUP DEFAULT,272.0,906.0,41.0,55.0,53.0,1502,manual,90.0,38.0
345,BOOTUP DEFAULT,192.0,906.0,42.0,55.0,53.0,1502,manual,81.0,40.0
346,BOOTUP DEFAULT,289.0,906.0,42.0,56.0,53.0,1472,manual,92.0,28.0
347,BOOTUP DEFAULT,299.0,881.0,42.0,56.0,54.0,1472,manual,92.0,25.0
348,BOOTUP DEFAULT,298.0,887.0,42.0,56.0,54.0,1502,manual,79.0,29.0
349,BOOTUP DEFAULT,316.0,912.0,42.0,56.0,54.0,1472,manual,91.0,28.0
350,BOOTUP DEFAULT,230.0,881.0,42.0,57.0,54.0,1502,manual,86.0,25.0
351,BOOTUP DEFAULT,268.0,906.0,42.0,57.0,54.0,1472,manual,89.0,25.0
352,BOOTUP DEFAULT,271.0,925.0,42.0,57.0,54.0,1472,manual,88.0,30.0
353,BOOTUP DEFAULT,340.0,893.0,43.0,56.0,54.0,1472,manual,93.0,32.0
354,BOOTUP DEFAULT,239.0,925.0,43.0,57.0,55.0,1502,manual,90.0,30.0
355,BOOTUP DEFAULT,313.0,881.0,43.0,57.0,55.0,1472,manual,95.0,44.0
356,BOOTUP DEFAULT,250.0,906.0,43.0,58.0,55.0,1472,manual,91.0,31.0
357,BOOTUP DEFAULT,303.0,900.0,43.0,57.0,55.0,1472,manual,95.0,43.0
358,BOOTUP DEFAULT,316.0,912.0,43.0,57.0,55.0,1472,manual,92.0,30.0
359,BOOTUP DEFAULT,340.0,893.0,43.0,58.0,55.0,1472,manual,93.0,33.0
360,BOOTUP DEFAULT,324.0,912.0,43.0,57.0,55.0,1472,manual,93.0,44.0
361,BOOTUP DEFAULT,361.0,662.0,43.0,56.0,56.0,1404,manual,100.0,39.0
362,BOOTUP DEFAULT,253.0,912.0,42.0,54.0,55.0,1472,manual,100.0,37.0
363,BOOTUP DEFAULT,286.0,893.0,43.0,57.0,57.0,1472,manual,100.0,49.0
364,BOOTUP DEFAULT,260.0,875.0,42.0,52.0,53.0,1502,manual,97.0,38.0
365,BOOTUP DEFAULT,331.0,881.0,41.0,50.0,52.0,1472,manual,94.0,42.0
366,BOOTUP DEFAULT,255.0,912.0,40.0,48.0,51.0,1502,manual,88.0,47.0
367,BOOTUP DEFAULT,267.0,893.0,39.0,44.0,47.0,1502,manual,85.0,29.0
368,BOOTUP DEFAULT,39.0,875.0,39.0,43.0,46.0,300,manual,0.0,0.0
369,BOOTUP DEFAULT,39.0,925.0,39.0,43.0,47.0,300,manual,0.0,0.0
370,BOOTUP DEFAULT,39.0,668.0,40.0,44.0,47.0,300,manual,0.0,0.0
371,BOOTUP DEFAULT,39.0,662.0,40.0,45.0,47.0,300,manual,0.0,0.0
372,BOOTUP DEFAULT,40.0,668.0,40.0,46.0,48.0,300,manual,0.0,0.0
373,BOOTUP DEFAULT,42.0,668.0,40.0,47.0,49.0,300,manual,0.0,0.0
374,BOOTUP DEFAULT,43.0,662.0,41.0,53.0,52.0,300,manual,0.0,0.0
375,BOOTUP DEFAULT,312.0,662.0,41.0,53.0,54.0,1430,manual,100.0,42.0
376,BOOTUP DEFAULT,281.0,900.0,40.0,52.0,54.0,1472,manual,100.0,43.0
377,BOOTUP DEFAULT,39.0,668.0,39.0,44.0,47.0,300,manual,0.0,0.0
378,BOOTUP DEFAULT,302.0,893.0,41.0,55.0,53.0,1430,manual,100.0,41.0
379,BOOTUP DEFAULT,297.0,843.0,40.0,51.0,52.0,1502,manual,94.0,48.0
380,BOOTUP DEFAULT,302.0,850.0,40.0,48.0,50.0,1472,manual,96.0,41.0
381,BOOTUP DEFAULT,259.0,906.0,38.0,44.0,49.0,1502,manual,91.0,43.0
382,BOOTUP DEFAULT,75.0,893.0,38.0,42.0,45.0,1502,manual,22.0,4.0
383,BOOTUP DEFAULT,39.0,906.0,38.0,42.0,45.0,300,manual,0.0,0.0
384,BOOTUP DEFAULT,301.0,662.0,41.0,54.0,55.0,1430,manual,100.0,46.0
385,BOOTUP DEFAULT,276.0,862.0,40.0,52.0,53.0,1472,manual,100.0,53.0
386,BOOTUP DEFAULT,285.0,862.0,40.0,51.0,52.0,1430,manual,100.0,56.0
387,BOOTUP DEFAULT,307.0,893.0,41.0,54.0,54.0,1472,manual,94.0,46.0
388,BOOTUP DEFAULT,313.0,875.0,42.0,56.0,55.0,1472,manual,97.0,39.0
389,BOOTUP DEFAULT,212.0,912.0,39.0,46.0,50.0,1502,manual,91.0,37.0
390,BOOTUP DEFAULT,118.0,906.0,38.0,43.0,47.0,1502,manual,51.0,13.0
391,BOOTUP DEFAULT,39.0,900.0,39.0,43.0,47.0,300,manual,0.0,0.0
392,BOOTUP DEFAULT,284.0,668.0,41.0,54.0,55.0,1430,manual,100.0,54.0
393,BOOTUP DEFAULT,259.0,875.0,40.0,52.0,53.0,1502,manual,100.0,36.0
394,BOOTUP DEFAULT,359.0,875.0,40.0,50.0,51.0,1472,manual,99.0,32.0
395,BOOTUP DEFAULT,293.0,912.0,42.0,54.0,54.0,1472,manual,96.0,36.0
396,BOOTUP DEFAULT,300.0,887.0,42.0,55.0,55.0,1472,manual,91.0,33.0
397,BOOTUP DEFAULT,206.0,900.0,39.0,46.0,49.0,1502,manual,88.0,31.0
398,BOOTUP DEFAULT,281.0,662.0,42.0,55.0,56.0,1430,manual,100.0,47.0
399,BOOTUP DEFAULT,301.0,875.0,41.0,53.0,54.0,1430,manual,100.0,38.0
400,BOOTUP DEFAULT,39.0,925.0,39.0,44.0,48.0,300,manual,0.0,0.0
401,BOOTUP DEFAULT,288.0,893.0,42.0,54.0,55.0,1472,manual,100.0,52.0
402,BOOTUP DEFAULT,281.0,893.0,40.0,51.0,52.0,1502,manual,99.0,57.0
403,BOOTUP DEFAULT,281.0,887.0,42.0,55.0,54.0,1502,manual,86.0,32.0
404,BOOTUP DEFAULT,301.0,862.0,40.0,49.0,51.0,1472,manual,95.0,51.0
405,BOOTUP DEFAULT,264.0,881.0,39.0,43.0,48.0,1502,manual,91.0,34.0
406,BOOTUP DEFAULT,268.0,662.0,42.0,55.0,55.0,1430,manual,100.0,45.0
407,BOOTUP DEFAULT,338.0,668.0,41.0,53.0,54.0,1430,manual,100.0,32.0
408,BOOTUP DEFAULT,324.0,887.0,40.0,52.0,52.0,1472,manual,100.0,55.0
409,BOOTUP DEFAULT,285.0,881.0,40.0,50.0,51.0,1502,manual,99.0,42.0
410,BOOTUP DEFAULT,318.0,900.0,40.0,48.0,51.0,1472,manual,94.0,48.0
411,BOOTUP DEFAULT,219.0,912.0,39.0,46.0,48.0,1502,manual,85.0,36.0
412,BOOTUP DEFAULT,41.0,668.0,42.0,54.0,54.0,300,manual,0.0,0.0
413,BOOTUP DEFAULT,288.0,931.0,40.0,52.0,54.0,1430,manual,100.0,39.0
414,BOOTUP DEFAULT,39.0,906.0,38.0,43.0,47.0,300,manual,0.0,0.0
415,BOOTUP DEFAULT,39.0,925.0,38.0,43.0,47.0,300,manual,0.0,0.0
416,BOOTUP DEFAULT,283.0,893.0,41.0,54.0,53.0,1472,manual,100.0,54.0
417,BOOTUP DEFAULT,289.0,893.0,40.0,50.0,51.0,1502,manual,96.0,34.0
418,BOOTUP DEFAULT,40.0,662.0,40.0,46.0,48.0,300,manual,0.0,0.0
419,BOOTUP DEFAULT,323.0,900.0,41.0,54.0,53.0,1472,manual,93.0,30.0
420,BOOTUP DEFAULT,254.0,881.0,39.0,45.0,48.0,1502,manual,84.0,50.0
421,BOOTUP DEFAULT,355.0,868.0,42.0,54.0,55.0,1472,manual,100.0,52.0
422,BOOTUP DEFAULT,283.0,662.0,42.0,55.0,56.0,1472,manual,100.0,42.0
423,BOOTUP DEFAULT,284.0,862.0,41.0,52.0,54.0,1472,manual,100.0,46.0
424,BOOTUP DEFAULT,304.0,881.0,40.0,51.0,52.0,1430,manual,100.0,49.0
425,BOOTUP DEFAULT,304.0,893.0,40.0,49.0,51.0,1472,manual,92.0,29.0
426,BOOTUP DEFAULT,317.0,893.0,41.0,55.0,54.0,1472,manual,97.0,39.0
427,BOOTUP DEFAULT,213.0,925.0,39.0,45.0,48.0,1502,manual,87.0,29.0
428,BOOTUP DEFAULT,39.0,881.0,38.0,43.0,46.0,300,manual,0.0,0.0
429,BOOTUP DEFAULT,244.0,662.0,41.0,54.0,54.0,1472,manual,100.0,48.0
430,BOOTUP DEFAULT,293.0,900.0,40.0,52.0,53.0,1502,manual,100.0,37.0
431,BOOTUP DEFAULT,39.0,675.0,40.0,44.0,48.0,300,manual,0.0,0.0
432,BOOTUP DEFAULT,265.0,881.0,41.0,54.0,54.0,1502,manual,92.0,35.0
433,BOOTUP DEFAULT,41.0,662.0,40.0,47.0,49.0,300,manual,0.0,0.0
434,BOOTUP DEFAULT,306.0,925.0,41.0,54.0,53.0,1472,manual,95.0,39.0
435,BOOTUP DEFAULT,96.0,893.0,39.0,43.0,47.0,1502,manual,49.0,5.0
436,BOOTUP DEFAULT,39.0,893.0,38.0,43.0,47.0,300,manual,0.0,0.0
437,BOOTUP DEFAULT,39.0,925.0,39.0,43.0,47.0,300,manual,0.0,0.0
438,BOOTUP DEFAULT,293.0,906.0,41.0,54.0,55.0,1472,manual,100.0,54.0
439,BOOTUP DEFAULT,331.0,893.0,42.0,55.0,55.0,1472,manual,99.0,35.0
440,BOOTUP DEFAULT,259.0,906.0,40.0,50.0,52.0,1502,manual,85.0,31.0
441,BOOTUP DEFAULT,264.0,893.0,42.0,55.0,54.0,1502,manual,90.0,30.0
442,BOOTUP DEFAULT,278.0,912.0,40.0,48.0,50.0,1502,manual,93.0,32.0
443,BOOTUP DEFAULT,327.0,887.0,39.0,45.0,48.0,1472,manual,90.0,46.0
444,BOOTUP DEFAULT,56.0,937.0,39.0,42.0,46.0,300,manual,25.0,8.0
445,BOOTUP DEFAULT,294.0,662.0,42.0,54.0,55.0,1472,manual,100.0,36.0
446,BOOTUP DEFAULT,295.0,868.0,41.0,52.0,54.0,1472,manual,100.0,52.0
447,BOOTUP DEFAULT,39.0,662.0,39.0,44.0,48.0,300,manual,0.0,0.0
448,BOOTUP DEFAULT,286.0,893.0,41.0,54.0,53.0,1502,manual,99.0,33.0
449,BOOTUP DEFAULT,220.0,856.0,42.0,55.0,55.0,1502,manual,85.0,46.0
450,BOOTUP DEFAULT,231.0,875.0,42.0,56.0,54.0,1502,manual,92.0,40.0
451,BOOTUP DEFAULT,316.0,900.0,40.0,47.0,49.0,1472,manual,96.0,40.0
452,BOOTUP DEFAULT,42.0,662.0,42.0,55.0,55.0,1430,manual,0.0,0.0
453,BOOTUP DEFAULT,303.0,668.0,41.0,53.0,55.0,1472,manual,100.0,55.0
454,BOOTUP DEFAULT,253.0,662.0,41.0,53.0,54.0,1430,manual,100.0,50.0
455,BOOTUP DEFAULT,292.0,843.0,40.0,52.0,52.0,1472,manual,100.0,31.0
456,BOOTUP DEFAULT,245.0,868.0,42.0,55.0,55.0,1430,manual,100.0,54.0
457,BOOTUP DEFAULT,312.0,843.0,40.0,51.0,51.0,1472,manual,94.0,47.0
458,BOOTUP DEFAULT,301.0,850.0,40.0,48.0,50.0,1502,manual,97.0,38.0
459,BOOTUP DEFAULT,40.0,662.0,41.0,50.0,52.0,300,manual,0.0,0.0
460,BOOTUP DEFAULT,293.0,925.0,41.0,53.0,54.0,1502,manual,83.0,38.0
461,BOOTUP DEFAULT,292.0,662.0,42.0,56.0,56.0,1430,manual,100.0,46.0
462,BOOTUP DEFAULT,301.0,668.0,41.0,54.0,54.0,1472,manual,100.0,53.0
463,BOOTUP DEFAULT,296.0,875.0,41.0,52.0,53.0,1472,manual,100.0,40.0
464,BOOTUP DEFAULT,275.0,868.0,42.0,55.0,54.0,1472,manual,100.0,38.0
465,BOOTUP DEFAULT,253.0,881.0,42.0,55.0,54.0,1502,manual,87.0,38.0
466,BOOTUP DEFAULT,228.0,925.0,42.0,56.0,54.0,1502,manual,85.0,24.0
467,BOOTUP DEFAULT,290.0,881.0,42.0,56.0,54.0,1472,manual,92.0,27.0
468,BOOTUP DEFAULT,297.0,881.0,43.0,56.0,54.0,1472,manual,92.0,32.0
469,BOOTUP DEFAULT,194.0,893.0,42.0,56.0,54.0,1502,manual,82.0,34.0
470,BOOTUP DEFAULT,253.0,875.0,42.0,56.0,55.0,1502,manual,87.0,31.0
471,BOOTUP DEFAULT,250.0,906.0,43.0,57.0,53.0,1502,manual,85.0,36.0
472,BOOTUP DEFAULT,310.0,893.0,43.0,57.0,54.0,1472,manual,94.0,33.0
473,BOOTUP DEFAULT,305.0,906.0,43.0,57.0,54.0,1472,manual,94.0,33.0
474,BOOTUP DEFAULT,219.0,887.0,43.0,57.0,54.0,1502,manual,85.0,30.0
475,BOOTUP DEFAULT,322.0,925.0,43.0,57.0,55.0,1472,manual,93.0,25.0
476,BOOTUP DEFAULT,316.0,906.0,43.0,57.0,55.0,1472,manual,94.0,35.0
477,BOOTUP DEFAULT,313.0,893.0,43.0,57.0,55.0,1472,manual,88.0,23.0
478,BOOTUP DEFAULT,251.0,906.0,43.0,57.0,55.0,1502,manual,90.0,23.0
479,BOOTUP DEFAULT,319.0,925.0,44.0,57.0,54.0,1472,manual,90.0,24.0
480,BOOTUP DEFAULT,310.0,918.0,44.0,57.0,54.0,1472,manual,91.0,32.0
481,BOOTUP DEFAULT,326.0,906.0,44.0,58.0,54.0,1472,manual,96.0,32.0
482,BOOTUP DEFAULT,59.0,912.0,44.0,58.0,56.0,1502,manual,21.0,33.0
483,BOOTUP DEFAULT,246.0,887.0,44.0,58.0,56.0,1472,manual,94.0,41.0
484,BOOTUP DEFAULT,317.0,906.0,44.0,58.0,56.0,1472,manual,96.0,27.0
485,BOOTUP DEFAULT,324.0,912.0,44.0,58.0,56.0,1472,manual,95.0,26.0
486,BOOTUP DEFAULT,322.0,881.0,44.0,59.0,56.0,1472,manual,94.0,24.0
487,BOOTUP DEFAULT,248.0,893.0,44.0,58.0,56.0,1472,manual,90.0,30.0
488,BOOTUP DEFAULT,320.0,893.0,44.0,58.0,56.0,1472,manual,91.0,44.0
489,BOOTUP DEFAULT,280.0,906.0,44.0,58.0,56.0,1472,manual,90.0,35.0
490,BOOTUP DEFAULT,44.0,668.0,44.0,56.0,54.0,300,manual,0.0,0.0
491,BOOTUP DEFAULT,43.0,662.0,42.0,47.0,51.0,300,manual,0.0,0.0
492,BOOTUP DEFAULT,41.0,662.0,42.0,49.0,52.0,300,manual,0.0,0.0
493,BOOTUP DEFAULT,316.0,925.0,43.0,55.0,56.0,1472,manual,96.0,30.0
494,BOOTUP DEFAULT,44.0,668.0,44.0,57.0,57.0,300,manual,0.0,0.0
495,BOOTUP DEFAULT,366.0,668.0,43.0,56.0,56.0,1430,manual,100.0,47.0
496,BOOTUP DEFAULT,250.0,668.0,43.0,54.0,54.0,1430,manual,100.0,39.0
497,BOOTUP DEFAULT,268.0,893.0,42.0,53.0,53.0,1430,manual,100.0,51.0
498,BOOTUP DEFAULT,281.0,875.0,43.0,57.0,56.0,1502,manual,99.0,42.0
499,BOOTUP DEFAULT,44.0,662.0,42.0,49.0,52.0,300,manual,0.0,0.0
500,BOOTUP DEFAULT,275.0,893.0,43.0,55.0,55.0,1502,manual,86.0,26.0
501,BOOTUP DEFAULT,94.0,893.0,44.0,57.0,58.0,1502,manual,45.0,13.0
502,BOOTUP DEFAULT,314.0,668.0,44.0,57.0,58.0,1472,manual,100.0,54.0
503,BOOTUP DEFAULT,294.0,662.0,43.0,55.0,56.0,1430,manual,100.0,47.0
504,BOOTUP DEFAULT,279.0,893.0,42.0,54.0,55.0,1472,manual,100.0,38.0
505,BOOTUP DEFAULT,40.0,662.0,42.0,47.0,49.0,300,manual,1.0,0.0
506,BOOTUP DEFAULT,318.0,875.0,43.0,55.0,55.0,1472,manual,93.0,41.0
507,BOOTUP DEFAULT,215.0,862.0,41.0,50.0,52.0,1502,manual,90.0,29.0
508,BOOTUP DEFAULT,323.0,943.0,41.0,48.0,51.0,1472,manual,92.0,37.0
509,BOOTUP DEFAULT,229.0,906.0,40.0,44.0,47.0,1502,manual,55.0,35.0
510,BOOTUP DEFAULT,39.0,893.0,40.0,45.0,48.0,300,manual,0.0,0.0
511,BOOTUP DEFAULT,40.0,925.0,40.0,44.0,47.0,300,manual,0.0,0.0
512,BOOTUP DEFAULT,290.0,881.0,42.0,56.0,54.0,1472,manual,100.0,48.0
513,BOOTUP DEFAULT,325.0,875.0,43.0,57.0,56.0,1472,manual,93.0,33.0
514,BOOTUP DEFAULT,306.0,893.0,43.0,57.0,55.0,1472,manual,94.0,48.0
515,BOOTUP DEFAULT,44.0,668.0,43.0,54.0,54.0,300,manual,0.0,0.0
516,BOOTUP DEFAULT,260.0,662.0,43.0,55.0,56.0,1472,manual,100.0,17.0
517,BOOTUP DEFAULT,289.0,900.0,42.0,54.0,55.0,1472,manual,100.0,39.0
518,BOOTUP DEFAULT,39.0,662.0,41.0,45.0,48.0,300,manual,0.0,0.0
519,BOOTUP DEFAULT,39.0,662.0,41.0,45.0,48.0,300,manual,0.0,0.0
520,BOOTUP DEFAULT,39.0,662.0,41.0,46.0,49.0,300,manual,0.0,0.0
521,BOOTUP DEFAULT,41.0,662.0,41.0,47.0,51.0,300,manual,0.0,0.0
522,BOOTUP DEFAULT,40.0,662.0,42.0,52.0,53.0,300,manual,0.0,0.0
523,BOOTUP DEFAULT,375.0,662.0,41.0,54.0,55.0,1430,manual,100.0,49.0
524,BOOTUP DEFAULT,278.0,906.0,41.0,53.0,53.0,1472,manual,100.0,37.0
525,BOOTUP DEFAULT,39.0,668.0,40.0,44.0,48.0,300,manual,0.0,0.0
526,BOOTUP DEFAULT,290.0,893.0,42.0,55.0,55.0,1430,manual,100.0,52.0
527,BOOTUP DEFAULT,41.0,668.0,41.0,46.0,50.0,300,manual,0.0,0.0
528,BOOTUP DEFAULT,229.0,881.0,42.0,54.0,54.0,1502,manual,88.0,24.0
529,BOOTUP DEFAULT,257.0,918.0,40.0,47.0,50.0,1502,manual,88.0,40.0
530,BOOTUP DEFAULT,98.0,925.0,39.0,43.0,47.0,1502,manual,56.0,10.0
531,BOOTUP DEFAULT,266.0,662.0,42.0,55.0,56.0,1472,manual,100.0,49.0
532,BOOTUP DEFAULT,294.0,875.0,41.0,53.0,54.0,1472,manual,100.0,34.0
533,BOOTUP DEFAULT,254.0,893.0,42.0,56.0,55.0,1430,manual,100.0,36.0
534,BOOTUP DEFAULT,315.0,875.0,43.0,56.0,56.0,1472,manual,94.0,29.0
535,BOOTUP DEFAULT,216.0,881.0,43.0,56.0,56.0,1502,manual,89.0,37.0
536,BOOTUP DEFAULT,43.0,668.0,42.0,51.0,53.0,300,manual,0.0,0.0
537,BOOTUP DEFAULT,41.0,662.0,42.0,54.0,54.0,300,manual,0.0,0.0
538,BOOTUP DEFAULT,245.0,893.0,42.0,54.0,55.0,1472,manual,100.0,53.0
539,BOOTUP DEFAULT,277.0,662.0,43.0,56.0,57.0,1472,manual,100.0,49.0
540,BOOTUP DEFAULT,278.0,918.0,41.0,53.0,54.0,1472,manual,100.0,31.0
541,BOOTUP DEFAULT,244.0,881.0,41.0,51.0,53.0,1502,manual,99.0,40.0
542,BOOTUP DEFAULT,245.0,881.0,40.0,50.0,51.0,1502,manual,87.0,47.0
543,BOOTUP DEFAULT,320.0,900.0,40.0,47.0,50.0,1472,manual,94.0,29.0
544,BOOTUP DEFAULT,329.0,881.0,42.0,55.0,55.0,1472,manual,96.0,44.0
545,BOOTUP DEFAULT,272.0,668.0,43.0,56.0,56.0,1430,manual,100.0,48.0
546,BOOTUP DEFAULT,288.0,668.0,42.0,53.0,55.0,1430,manual,100.0,56.0
547,BOOTUP DEFAULT,283.0,875.0,41.0,53.0,54.0,1472,manual,100.0,50.0
548,BOOTUP DEFAULT,40.0,662.0,40.0,45.0,49.0,300,manual,0.0,0.0
549,BOOTUP DEFAULT,308.0,893.0,42.0,55.0,54.0,1472,manual,96.0,38.0
550,BOOTUP DEFAULT,43.0,662.0,42.0,49.0,51.0,300,manual,0.0,0.0
551,BOOTUP DEFAULT,319.0,906.0,42.0,54.0,54.0,1472,manual,96.0,24.0
552,BOOTUP DEFAULT,275.0,881.0,42.0,56.0,57.0,1472,manual,100.0,49.0
553,BOOTUP DEFAULT,284.0,881.0,43.0,57.0,57.0,1472,manual,100.0,39.0
554,BOOTUP DEFAULT,39.0,925.0,40.0,45.0,48.0,300,manual,0.0,0.0
555,BOOTUP DEFAULT,39.0,662.0,40.0,45.0,48.0,300,manual,0.0,0.0
556,BOOTUP DEFAULT,40.0,668.0,40.0,45.0,49.0,300,manual,0.0,0.0
557,BOOTUP DEFAULT,335.0,875.0,42.0,55.0,54.0,1472,manual,94.0,31.0
558,BOOTUP DEFAULT,320.0,893.0,40.0,48.0,51.0,1472,manual,94.0,34.0
559,BOOTUP DEFAULT,211.0,937.0,39.0,44.0,48.0,1502,manual,86.0,27.0
560,BOOTUP DEFAULT,39.0,906.0,39.0,43.0,47.0,300,manual,0.0,0.0
561,BOOTUP DEFAULT,39.0,906.0,39.0,43.0,47.0,300,manual,0.0,0.0
562,BOOTUP DEFAULT,293.0,893.0,42.0,54.0,55.0,1472,manual,100.0,43.0
563,BOOTUP DEFAULT,350.0,912.0,42.0,56.0,56.0,1472,manual,99.0,56.0
564,BOOTUP DEFAULT,313.0,875.0,41.0,51.0,52.0,1472,manual,96.0,39.0
565,BOOTUP DEFAULT,322.0,862.0,40.0,47.0,50.0,1472,manual,91.0,41.0
566,BOOTUP DEFAULT,43.0,662.0,42.0,52.0,53.0,300,manual,0.0,0.0
567,BOOTUP DEFAULT,275.0,893.0,41.0,54.0,55.0,1472,manual,100.0,42.0
568,BOOTUP DEFAULT,39.0,893.0,39.0,43.0,48.0,300,manual,0.0,0.0
569,BOOTUP DEFAULT,274.0,893.0,42.0,55.0,56.0,1472,manual,100.0,41.0
570,BOOTUP DEFAULT,347.0,850.0,42.0,56.0,56.0,1430,manual,100.0,53.0
571,BOOTUP DEFAULT,40.0,662.0,41.0,46.0,50.0,300,manual,0.0,0.0
572,BOOTUP DEFAULT,41.0,668.0,41.0,46.0,50.0,300,manual,0.0,0.0
573,BOOTUP DEFAULT,276.0,906.0,41.0,53.0,54.0,1502,manual,88.0,27.0
574,BOOTUP DEFAULT,228.0,912.0,39.0,45.0,49.0,1502,manual,84.0,35.0
575,BOOTUP DEFAULT,39.0,906.0,39.0,43.0,47.0,300,manual,0.0,0.0
576,BOOTUP DEFAULT,280.0,893.0,42.0,55.0,55.0,1472,manual,100.0,41.0
577,BOOTUP DEFAULT,39.0,668.0,40.0,44.0,48.0,300,manual,0.0,0.0
578,BOOTUP DEFAULT,39.0,668.0,40.0,45.0,48.0,300,manual,0.0,0.0
579,BOOTUP DEFAULT,328.0,881.0,41.0,54.0,54.0,1472,manual,91.0,36.0
580,BOOTUP DEFAULT,266.0,900.0,40.0,49.0,50.0,1502,manual,87.0,25.0
581,BOOTUP DEFAULT,325.0,912.0,39.0,45.0,48.0,1472,manual,91.0,32.0
582,BOOTUP DEFAULT,71.0,893.0,42.0,55.0,56.0,1502,manual,26.0,10.0
583,BOOTUP DEFAULT,259.0,668.0,42.0,56.0,56.0,1430,manual,100.0,54.0
584,BOOTUP DEFAULT,268.0,925.0,41.0,53.0,54.0,1472,manual,100.0,31.0
585,BOOTUP DEFAULT,276.0,887.0,42.0,56.0,56.0,1472,manual,100.0,49.0
586,BOOTUP DEFAULT,275.0,862.0,42.0,56.0,54.0,1502,manual,92.0,45.0
587,BOOTUP DEFAULT,320.0,881.0,42.0,56.0,56.0,1472,manual,91.0,42.0
588,BOOTUP DEFAULT,43.0,906.0,43.0,55.0,55.0,300,manual,0.0,0.0
589,BOOTUP DEFAULT,295.0,893.0,42.0,56.0,54.0,1472,manual,92.0,27.0
590,BOOTUP DEFAULT,322.0,868.0,42.0,57.0,55.0,1502,manual,88.0,33.0
591,BOOTUP DEFAULT,311.0,912.0,43.0,57.0,55.0,1472,manual,88.0,36.0
592,BOOTUP DEFAULT,216.0,893.0,43.0,57.0,55.0,1502,manual,87.0,37.0
593,BOOTUP DEFAULT,227.0,912.0,43.0,57.0,55.0,1502,manual,86.0,41.0
594,BOOTUP DEFAULT,259.0,893.0,43.0,57.0,55.0,1502,manual,89.0,23.0
595,BOOTUP DEFAULT,218.0,937.0,43.0,57.0,55.0,1502,manual,81.0,36.0
596,BOOTUP DEFAULT,248.0,906.0,43.0,57.0,55.0,1502,manual,79.0,9.0
597,BOOTUP DEFAULT,238.0,906.0,44.0,57.0,55.0,1502,manual,90.0,33.0
598,BOOTUP DEFAULT,190.0,893.0,44.0,58.0,56.0,1502,manual,83.0,40.0
599,BOOTUP DEFAULT,232.0,893.0,43.0,57.0,55.0,1502,manual,86.0,25.0
600,BOOTUP DEFAULT,243.0,906.0,44.0,57.0,55.0,1502,manual,83.0,36.0
601,BOOTUP DEFAULT,309.0,881.0,44.0,58.0,56.0,1472,manual,90.0,28.0
602,BOOTUP DEFAULT,227.0,931.0,44.0,58.0,56.0,1502,manual,88.0,37.0
603,BOOTUP DEFAULT,290.0,925.0,44.0,58.0,55.0,1472,manual,90.0,38.0
604,BOOTUP DEFAULT,211.0,925.0,44.0,58.0,56.0,1502,manual,86.0,40.0
605,BOOTUP DEFAULT,290.0,906.0,44.0,58.0,55.0,1472,manual,89.0,29.0
606,BOOTUP DEFAULT,332.0,893.0,44.0,58.0,56.0,1472,manual,93.0,36.0
607,BOOTUP DEFAULT,225.0,906.0,44.0,58.0,55.0,1502,manual,82.0,37.0
608,BOOTUP DEFAULT,259.0,893.0,44.0,58.0,55.0,1502,manual,89.0,32.0
609,BOOTUP DEFAULT,340.0,875.0,44.0,58.0,55.0,1472,manual,92.0,28.0
610,BOOTUP DEFAULT,307.0,900.0,45.0,58.0,56.0,1472,manual,90.0,29.0
611,BOOTUP DEFAULT,256.0,887.0,44.0,58.0,56.0,1502,manual,86.0,42.0
612,BOOTUP DEFAULT,227.0,893.0,45.0,59.0,56.0,1502,manual,86.0,38.0
613,BOOTUP DEFAULT,213.0,881.0,45.0,59.0,56.0,1502,manual,88.0,36.0
614,BOOTUP DEFAULT,324.0,668.0,45.0,59.0,57.0,1472,manual,93.0,46.0
615,BOOTUP DEFAULT,305.0,893.0,44.0,57.0,57.0,1472,manual,92.0,41.0
616,BOOTUP DEFAULT,246.0,912.0,44.0,58.0,58.0,1502,manual,90.0,30.0
617,BOOTUP DEFAULT,317.0,893.0,45.0,58.0,58.0,1472,manual,96.0,48.0
618,BOOTUP DEFAULT,40.0,881.0,42.0,47.0,50.0,300,manual,0.0,0.0
619,BOOTUP DEFAULT,248.0,906.0,44.0,58.0,57.0,1472,manual,100.0,38.0
620,BOOTUP DEFAULT,41.0,662.0,42.0,47.0,51.0,300,manual,0.0,0.0
621,BOOTUP DEFAULT,354.0,868.0,44.0,58.0,57.0,1430,manual,99.0,37.0
622,BOOTUP DEFAULT,250.0,868.0,43.0,52.0,54.0,1472,manual,92.0,41.0
623,BOOTUP DEFAULT,301.0,893.0,45.0,57.0,57.0,1472,manual,93.0,50.0
624,BOOTUP DEFAULT,303.0,893.0,42.0,46.0,50.0,1502,manual,91.0,29.0
625,BOOTUP DEFAULT,337.0,906.0,44.0,57.0,58.0,1430,manual,100.0,44.0
626,BOOTUP DEFAULT,355.0,912.0,45.0,58.0,58.0,1430,manual,100.0,43.0
627,BOOTUP DEFAULT,39.0,662.0,43.0,47.0,51.0,300,manual,0.0,0.0
628,BOOTUP DEFAULT,42.0,662.0,42.0,48.0,51.0,300,manual,0.0,0.0
629,BOOTUP DEFAULT,42.0,662.0,42.0,49.0,52.0,300,manual,0.0,0.0
630,BOOTUP DEFAULT,266.0,881.0,43.0,55.0,56.0,1502,manual,87.0,35.0
631,BOOTUP DEFAULT,39.0,887.0,41.0,45.0,49.0,1502,manual,0.0,4.0
632,BOOTUP DEFAULT,269.0,662.0,43.0,57.0,57.0,1430,manual,100.0,34.0
633,BOOTUP DEFAULT,259.0,925.0,43.0,55.0,56.0,1472,manual,100.0,35.0
634,BOOTUP DEFAULT,39.0,662.0,42.0,46.0,50.0,300,manual,0.0,0.0
635,BOOTUP DEFAULT,290.0,862.0,43.0,56.0,56.0,1502,manual,99.0,53.0
636,BOOTUP DEFAULT,302.0,868.0,44.0,58.0,57.0,1472,manual,95.0,39.0
637,BOOTUP DEFAULT,312.0,893.0,42.0,51.0,53.0,1472,manual,92.0,40.0
638,BOOTUP DEFAULT,43.0,662.0,43.0,53.0,54.0,300,manual,0.0,0.0
639,BOOTUP DEFAULT,172.0,906.0,43.0,56.0,57.0,1502,manual,71.0,15.0
640,BOOTUP DEFAULT,40.0,900.0,41.0,45.0,49.0,300,manual,0.0,0.0
641,BOOTUP DEFAULT,343.0,906.0,43.0,57.0,56.0,1430,manual,100.0,37.0
642,BOOTUP DEFAULT,40.0,662.0,42.0,46.0,49.0,300,manual,0.0,0.0
643,BOOTUP DEFAULT,39.0,662.0,41.0,46.0,50.0,1502,manual,0.0,0.0
644,BOOTUP DEFAULT,308.0,875.0,43.0,55.0,56.0,1472,manual,92.0,51.0
645,BOOTUP DEFAULT,312.0,912.0,43.0,57.0,57.0,1472,manual,95.0,40.0
646,BOOTUP DEFAULT,321.0,868.0,44.0,57.0,57.0,1472,manual,95.0,42.0
647,BOOTUP DEFAULT,297.0,881.0,41.0,47.0,51.0,1502,manual,90.0,37.0
648,BOOTUP DEFAULT,281.0,662.0,44.0,57.0,58.0,1430,manual,100.0,44.0
649,BOOTUP DEFAULT,297.0,906.0,43.0,54.0,56.0,1472,manual,100.0,44.0
650,BOOTUP DEFAULT,342.0,881.0,43.0,57.0,57.0,1430,manual,100.0,35.0
651,BOOTUP DEFAULT,262.0,881.0,42.0,54.0,54.0,1472,manual,99.0,50.0
652,BOOTUP DEFAULT,258.0,875.0,42.0,51.0,53.0,1472,manual,93.0,41.0
653,BOOTUP DEFAULT,262.0,893.0,41.0,49.0,51.0,1502,manual,87.0,32.0
654,BOOTUP DEFAULT,269.0,906.0,43.0,55.0,55.0,1502,manual,84.0,33.0
655,BOOTUP DEFAULT,296.0,662.0,44.0,57.0,58.0,1472,manual,100.0,51.0
656,BOOTUP DEFAULT,269.0,668.0,43.0,55.0,55.0,1430,manual,100.0,47.0
657,BOOTUP DEFAULT,282.0,875.0,43.0,54.0,55.0,1430,manual,100.0,40.0
658,BOOTUP DEFAULT,287.0,893.0,42.0,53.0,54.0,1502,manual,99.0,53.0
659,BOOTUP DEFAULT,315.0,881.0,41.0,51.0,51.0,1472,manual,96.0,50.0
660,BOOTUP DEFAULT,303.0,875.0,43.0,56.0,55.0,1472,manual,96.0,29.0
661,BOOTUP DEFAULT,305.0,875.0,43.0,57.0,57.0,1472,manual,89.0,32.0
662,BOOTUP DEFAULT,171.0,912.0,44.0,58.0,58.0,1502,manual,69.0,43.0
663,BOOTUP DEFAULT,40.0,906.0,41.0,45.0,48.0,300,manual,0.0,0.0
664,BOOTUP DEFAULT,278.0,912.0,43.0,57.0,57.0,1430,manual,100.0,56.0
665,BOOTUP DEFAULT,40.0,668.0,42.0,46.0,50.0,300,manual,0.0,0.0
666,BOOTUP DEFAULT,296.0,881.0,43.0,57.0,56.0,1472,manual,100.0,39.0
667,BOOTUP DEFAULT,304.0,893.0,42.0,52.0,54.0,1472,manual,98.0,43.0
668,BOOTUP DEFAULT,42.0,662.0,42.0,49.0,52.0,300,manual,0.0,0.0
669,BOOTUP DEFAULT,42.0,662.0,42.0,49.0,52.0,300,manual,0.0,0.0
670,BOOTUP DEFAULT,43.0,668.0,43.0,54.0,54.0,300,manual,0.0,0.0
671,BOOTUP DEFAULT,289.0,918.0,42.0,54.0,56.0,1430,manual,100.0,53.0
672,BOOTUP DEFAULT,241.0,925.0,43.0,56.0,57.0,1502,manual,100.0,59.0
673,BOOTUP DEFAULT,313.0,900.0,44.0,57.0,57.0,1472,manual,100.0,49.0
674,BOOTUP DEFAULT,39.0,668.0,42.0,47.0,51.0,300,manual,0.0,0.0
675,BOOTUP DEFAULT,41.0,662.0,42.0,47.0,50.0,300,manual,0.0,0.0
676,BOOTUP DEFAULT,41.0,662.0,42.0,47.0,50.0,300,manual,0.0,0.0
677,BOOTUP DEFAULT,42.0,662.0,42.0,50.0,52.0,300,manual,0.0,0.0
678,BOOTUP DEFAULT,181.0,887.0,42.0,54.0,55.0,1502,manual,59.0,44.0
679,BOOTUP DEFAULT,39.0,906.0,40.0,44.0,48.0,300,manual,0.0,0.0
680,BOOTUP DEFAULT,314.0,893.0,43.0,56.0,56.0,1472,manual,100.0,45.0
681,BOOTUP DEFAULT,256.0,843.0,43.0,57.0,57.0,1430,manual,100.0,40.0
682,BOOTUP DEFAULT,256.0,887.0,42.0,53.0,54.0,1472,manual,100.0,39.0
683,BOOTUP DEFAULT,292.0,875.0,42.0,51.0,52.0,1502,manual,91.0,49.0
684,BOOTUP DEFAULT,270.0,893.0,43.0,57.0,55.0,1502,manual,87.0,52.0
685,BOOTUP DEFAULT,219.0,881.0,43.0,56.0,57.0,1502,manual,90.0,38.0
686,BOOTUP DEFAULT,265.0,875.0,43.0,57.0,58.0,1430,manual,100.0,53.0
687,BOOTUP DEFAULT,40.0,900.0,41.0,45.0,49.0,300,manual,0.0,0.0
688,BOOTUP DEFAULT,39.0,912.0,40.0,45.0,49.0,300,manual,0.0,0.0
689,BOOTUP DEFAULT,352.0,875.0,42.0,55.0,56.0,1430,manual,100.0,56.0
690,BOOTUP DEFAULT,280.0,893.0,43.0,57.0,56.0,1472,manual,99.0,37.0
691,BOOTUP DEFAULT,241.0,875.0,44.0,57.0,57.0,1502,manual,87.0,38.0
692,BOOTUP DEFAULT,44.0,662.0,42.0,50.0,52.0,300,manual,0.0,0.0
693,BOOTUP DEFAULT,44.0,668.0,42.0,51.0,53.0,300,manual,0.0,0.0
694,BOOTUP DEFAULT,170.0,893.0,42.0,55.0,55.0,1502,manual,70.0,10.0
695,BOOTUP DEFAULT,247.0,662.0,43.0,57.0,57.0,1502,manual,100.0,32.0
696,BOOTUP DEFAULT,331.0,906.0,42.0,54.0,54.0,1472,manual,100.0,46.0
697,BOOTUP DEFAULT,39.0,662.0,41.0,46.0,49.0,300,manual,0.0,0.0
698,BOOTUP DEFAULT,356.0,893.0,43.0,56.0,55.0,1472,manual,99.0,47.0
699,BOOTUP DEFAULT,256.0,843.0,43.0,56.0,56.0,1502,manual,90.0,42.0
700,BOOTUP DEFAULT,213.0,893.0,44.0,57.0,57.0,1502,manual,85.0,33.0
701,BOOTUP DEFAULT,44.0,662.0,44.0,54.0,56.0,300,manual,0.0,0.0
702,BOOTUP DEFAULT,265.0,900.0,43.0,55.0,56.0,1430,manual,100.0,38.0
703,BOOTUP DEFAULT,303.0,662.0,44.0,57.0,57.0,1430,manual,100.0,39.0
704,BOOTUP DEFAULT,258.0,875.0,42.0,54.0,55.0,1430,manual,100.0,39.0
705,BOOTUP DEFAULT,289.0,893.0,42.0,53.0,53.0,1502,manual,99.0,32.0
706,BOOTUP DEFAULT,320.0,893.0,42.0,50.0,52.0,1472,manual,94.0,34.0
707,BOOTUP DEFAULT,226.0,875.0,43.0,57.0,55.0,1502,manual,66.0,42.0
708,BOOTUP DEFAULT,261.0,868.0,43.0,57.0,55.0,1502,manual,91.0,39.0
709,BOOTUP DEFAULT,314.0,906.0,44.0,57.0,56.0,1472,manual,89.0,25.0
710,BOOTUP DEFAULT,313.0,925.0,44.0,58.0,56.0,1472,manual,94.0,27.0
711,BOOTUP DEFAULT,226.0,906.0,44.0,58.0,56.0,1502,manual,84.0,29.0
712,BOOTUP DEFAULT,314.0,893.0,44.0,58.0,55.0,1472,manual,87.0,24.0
713,BOOTUP DEFAULT,342.0,856.0,44.0,58.0,56.0,1472,manual,93.0,26.0
714,BOOTUP DEFAULT,329.0,881.0,44.0,58.0,56.0,1472,manual,92.0,44.0
715,BOOTUP DEFAULT,317.0,925.0,44.0,59.0,55.0,1502,manual,80.0,38.0
716,BOOTUP DEFAULT,220.0,900.0,44.0,58.0,55.0,1502,manual,88.0,31.0
717,BOOTUP DEFAULT,322.0,912.0,44.0,59.0,56.0,1472,manual,91.0,21.0
718,BOOTUP DEFAULT,268.0,906.0,45.0,58.0,57.0,1502,manual,90.0,27.0
719,BOOTUP DEFAULT,316.0,906.0,45.0,59.0,56.0,1472,manual,96.0,30.0
720,BOOTUP DEFAULT,230.0,918.0,45.0,58.0,56.0,1472,manual,89.0,40.0
721,BOOTUP DEFAULT,230.0,906.0,45.0,59.0,56.0,1502,manual,85.0,42.0
722,BOOTUP DEFAULT,264.0,900.0,45.0,58.0,55.0,1502,manual,87.0,28.0
723,BOOTUP DEFAULT,255.0,887.0,45.0,59.0,56.0,1502,manual,91.0,29.0
724,BOOTUP DEFAULT,272.0,893.0,45.0,59.0,56.0,1502,manual,89.0,23.0
725,BOOTUP DEFAULT,285.0,931.0,45.0,59.0,57.0,1502,manual,85.0,37.0
726,BOOTUP DEFAULT,295.0,912.0,45.0,60.0,57.0,1472,manual,91.0,38.0
727,BOOTUP DEFAULT,290.0,881.0,45.0,59.0,57.0,1472,manual,91.0,34.0
728,BOOTUP DEFAULT,252.0,931.0,45.0,59.0,57.0,1472,manual,91.0,42.0
729,BOOTUP DEFAULT,323.0,887.0,45.0,59.0,57.0,1472,manual,90.0,25.0
730,BOOTUP DEFAULT,213.0,881.0,45.0,59.0,57.0,1502,manual,83.0,44.0
731,BOOTUP DEFAULT,277.0,906.0,45.0,59.0,57.0,1472,manual,92.0,26.0
732,BOOTUP DEFAULT,39.0,668.0,43.0,47.0,49.0,300,manual,0.0,0.0
733,BOOTUP DEFAULT,39.0,662.0,41.0,45.0,47.0,300,manual,0.0,0.0
734,BOOTUP DEFAULT,39.0,662.0,40.0,44.0,46.0,300,manual,0.0,0.0
735,BOOTUP DEFAULT,39.0,668.0,40.0,44.0,46.0,300,manual,0.0,0.0
