index,power_profile,power_usage,voltage,edge_temperature,junction_temperature,memory_temperature,sclk,performance,gpu_usage,memory_usage
0,VIDEO,35.0,668.0,20.0,24.0,29.0,300,manual,0.0,0.0
1,VIDEO,35.0,662.0,20.0,24.0,29.0,300,manual,0.0,0.0
2,VIDEO,34.0,662.0,21.0,24.0,29.0,300,manual,0.0,0.0
3,VIDEO,35.0,662.0,20.0,25.0,29.0,300,manual,0.0,0.0
4,VIDEO,34.0,662.0,20.0,25.0,29.0,300,manual,0.0,0.0
5,VIDEO,35.0,668.0,20.0,24.0,29.0,300,manual,0.0,0.0
6,VIDEO,35.0,662.0,21.0,24.0,29.0,300,manual,0.0,0.0
7,VIDEO,34.0,662.0,20.0,24.0,30.0,300,manual,0.0,0.0
8,VIDEO,34.0,662.0,20.0,24.0,30.0,300,manual,0.0,0.0
9,VIDEO,35.0,925.0,20.0,25.0,30.0,300,manual,0.0,0.0
10,VIDEO,36.0,750.0,20.0,25.0,30.0,300,manual,0.0,0.0
11,VIDEO,34.0,662.0,20.0,25.0,30.0,300,manual,0.0,0.0
12,VIDEO,35.0,662.0,21.0,24.0,29.0,300,manual,0.0,0.0
13,VIDEO,35.0,662.0,20.0,24.0,29.0,300,manual,0.0,0.0
14,VIDEO,35.0,668.0,20.0,24.0,30.0,300,manual,0.0,0.0
15,VIDEO,34.0,662.0,21.0,25.0,30.0,300,manual,0.0,0.0
16,VIDEO,34.0,662.0,20.0,25.0,29.0,300,manual,0.0,0.0
17,VIDEO,35.0,662.0,20.0,25.0,29.0,300,manual,0.0,0.0
18,VIDEO,35.0,668.0,20.0,25.0,30.0,300,manual,0.0,0.0
19,VIDEO,35.0,662.0,20.0,24.0,30.0,300,manual,0.0,0.0
20,VIDEO,34.0,675.0,20.0,24.0,29.0,300,manual,0.0,0.0
21,VIDEO,34.0,662.0,20.0,25.0,29.0,300,manual,0.0,0.0
22,VIDEO,35.0,668.0,20.0,24.0,29.0,300,manual,0.0,0.0
23,VIDEO,65.0,918.0,20.0,24.0,30.0,1502,manual,3.0,1.0
24,VIDEO,35.0,668.0,21.0,25.0,30.0,300,manual,0.0,0.0
25,VIDEO,35.0,662.0,21.0,25.0,30.0,300,manual,0.0,0.0
26,VIDEO,34.0,662.0,21.0,24.0,30.0,300,manual,0.0,0.0
27,VIDEO,36.0,918.0,21.0,25.0,30.0,300,manual,0.0,0.0
28,VIDEO,53.0,662.0,21.0,25.0,30.0,300,manual,1.0,0.0
29,VIDEO,41.0,725.0,21.0,25.0,30.0,300,manual,0.0,2.0
30,VIDEO,51.0,925.0,21.0,25.0,30.0,300,manual,1.0,1.0
31,VIDEO,35.0,918.0,21.0,25.0,30.0,300,manual,0.0,0.0
32,VIDEO,35.0,918.0,21.0,25.0,30.0,300,manual,0.0,0.0
33,VIDEO,36.0,925.0,22.0,25.0,30.0,300,manual,0.0,0.0
34,VIDEO,49.0,925.0,21.0,26.0,30.0,300,manual,1.0,0.0
35,VIDEO,35.0,662.0,21.0,25.0,30.0,300,manual,0.0,0.0
36,VIDEO,42.0,918.0,21.0,25.0,30.0,300,manual,0.0,1.0
37,VIDEO,35.0,662.0,21.0,25.0,30.0,300,manual,0.0,0.0
38,VIDEO,58.0,912.0,21.0,25.0,30.0,1502,manual,3.0,0.0
39,VIDEO,34.0,662.0,21.0,25.0,30.0,300,manual,0.0,0.0
40,VIDEO,61.0,925.0,21.0,26.0,30.0,1502,manual,2.0,1.0
41,VIDEO,49.0,662.0,21.0,25.0,31.0,300,manual,1.0,0.0
42,VIDEO,235.0,675.0,25.0,35.0,34.0,1502,manual,100.0,10.0
43,VIDEO,93.0,668.0,23.0,33.0,35.0,1502,manual,100.0,0.0
44,VIDEO,53.0,656.0,23.0,26.0,31.0,300,manual,1.0,0.0
45,VIDEO,58.0,893.0,22.0,26.0,31.0,1502,manual,2.0,0.0
46,VIDEO,291.0,881.0,26.0,41.0,41.0,1472,manual,100.0,34.0
47,VIDEO,297.0,887.0,27.0,44.0,43.0,1472,manual,100.0,27.0
48,VIDEO,281.0,912.0,28.0,45.0,44.0,1472,manual,100.0,32.0
49,VIDEO,260.0,893.0,29.0,45.0,44.0,1502,manual,99.0,50.0
50,VIDEO,293.0,900.0,29.0,44.0,44.0,1472,manual,100.0,32.0
51,VIDEO,288.0,893.0,30.0,46.0,46.0,1472,manual,100.0,29.0
52,VIDEO,290.0,887.0,30.0,46.0,46.0,1472,manual,100.0,29.0
53,VIDEO,224.0,906.0,31.0,47.0,45.0,1472,manual,100.0,51.0
54,VIDEO,291.0,887.0,31.0,47.0,46.0,1472,manual,100.0,29.0
55,VIDEO,291.0,893.0,31.0,45.0,45.0,1472,manual,99.0,30.0
56,VIDEO,260.0,893.0,32.0,48.0,46.0,1502,manual,100.0,47.0
57,VIDEO,287.0,893.0,32.0,48.0,47.0,1430,manual,100.0,37.0
58,VIDEO,291.0,893.0,32.0,48.0,48.0,1472,manual,100.0,30.0
59,VIDEO,253.0,893.0,33.0,49.0,49.0,1472,manual,100.0,46.0
60,VIDEO,289.0,893.0,33.0,47.0,47.0,1472,manual,100.0,32.0
61,VIDEO,290.0,893.0,33.0,49.0,48.0,1472,manual,100.0,29.0
62,VIDEO,286.0,906.0,33.0,50.0,49.0,1472,manual,100.0,45.0
63,VIDEO,276.0,893.0,34.0,50.0,49.0,1472,manual,100.0,32.0
64,VIDEO,292.0,906.0,34.0,50.0,51.0,1472,manual,99.0,29.0
65,VIDEO,246.0,893.0,34.0,48.0,46.0,1502,manual,100.0,12.0
66,VIDEO,295.0,893.0,34.0,51.0,50.0,1472,manual,99.0,29.0
67,VIDEO,283.0,893.0,35.0,51.0,51.0,1430,manual,100.0,35.0
68,VIDEO,292.0,868.0,35.0,51.0,51.0,1472,manual,100.0,30.0
69,VIDEO,267.0,906.0,35.0,52.0,51.0,1502,manual,99.0,50.0
70,VIDEO,252.0,893.0,36.0,49.0,48.0,1502,manual,100.0,15.0
71,VIDEO,291.0,893.0,36.0,51.0,51.0,1472,manual,100.0,29.0
72,VIDEO,273.0,906.0,36.0,52.0,51.0,1502,manual,100.0,51.0
73,VIDEO,281.0,887.0,36.0,52.0,52.0,1472,manual,100.0,33.0
74,VIDEO,294.0,893.0,36.0,53.0,52.0,1472,manual,100.0,29.0
75,VIDEO,235.0,912.0,37.0,49.0,49.0,1502,manual,100.0,13.0
76,VIDEO,267.0,912.0,37.0,53.0,52.0,1502,manual,100.0,50.0
77,VIDEO,294.0,893.0,37.0,53.0,53.0,1472,manual,100.0,30.0
78,VIDEO,293.0,887.0,37.0,54.0,54.0,1472,manual,100.0,29.0
79,VIDEO,297.0,893.0,38.0,52.0,50.0,1502,manual,99.0,30.0
80,VIDEO,284.0,912.0,38.0,54.0,53.0,1472,manual,100.0,33.0
81,VIDEO,278.0,893.0,38.0,54.0,53.0,1472,manual,100.0,30.0
82,VIDEO,294.0,906.0,38.0,54.0,54.0,1472,manual,100.0,28.0
83,VIDEO,283.0,862.0,39.0,55.0,54.0,1472,manual,100.0,33.0
84,VIDEO,266.0,893.0,39.0,55.0,54.0,1502,manual,100.0,49.0
85,VIDEO,295.0,906.0,39.0,55.0,54.0,1430,manual,100.0,33.0
86,VIDEO,297.0,868.0,39.0,54.0,53.0,1430,manual,100.0,30.0
87,VIDEO,294.0,893.0,39.0,55.0,54.0,1472,manual,99.0,30.0
88,VIDEO,286.0,868.0,39.0,55.0,54.0,1472,manual,100.0,36.0
89,VIDEO,296.0,893.0,40.0,55.0,55.0,1472,manual,100.0,30.0
90,VIDEO,283.0,893.0,40.0,56.0,54.0,1472,manual,100.0,34.0
91,VIDEO,142.0,893.0,40.0,54.0,53.0,1502,manual,60.0,23.0
92,VIDEO,293.0,893.0,40.0,56.0,54.0,1472,manual,100.0,31.0
93,VIDEO,284.0,893.0,40.0,56.0,55.0,1430,manual,100.0,36.0
94,VIDEO,295.0,906.0,41.0,56.0,56.0,1472,manual,100.0,31.0
95,VIDEO,301.0,887.0,40.0,56.0,56.0,1430,manual,100.0,32.0
96,VIDEO,245.0,906.0,40.0,54.0,52.0,1502,manual,100.0,14.0
97,VIDEO,282.0,862.0,40.0,56.0,56.0,1430,manual,100.0,35.0
98,VIDEO,280.0,912.0,40.0,56.0,56.0,1502,manual,100.0,50.0
99,VIDEO,284.0,862.0,41.0,57.0,56.0,1472,manual,100.0,34.0
100,VIDEO,224.0,893.0,41.0,57.0,56.0,1502,manual,100.0,50.0
101,VIDEO,242.0,912.0,41.0,54.0,54.0,1502,manual,100.0,14.0
102,VIDEO,297.0,868.0,41.0,57.0,56.0,1430,manual,100.0,35.0
103,VIDEO,296.0,912.0,41.0,58.0,57.0,1472,manual,99.0,33.0
104,VIDEO,294.0,862.0,41.0,57.0,56.0,1472,manual,100.0,29.0
105,VIDEO,295.0,862.0,42.0,58.0,56.0,1430,manual,100.0,31.0
106,VIDEO,317.0,912.0,42.0,58.0,57.0,1472,manual,99.0,36.0
107,VIDEO,284.0,893.0,42.0,57.0,56.0,1430,manual,100.0,32.0
108,VIDEO,132.0,862.0,42.0,58.0,58.0,1502,manual,100.0,0.0
109,VIDEO,282.0,862.0,42.0,58.0,57.0,1472,manual,100.0,35.0
110,VIDEO,293.0,887.0,42.0,58.0,57.0,1472,manual,100.0,31.0
111,VIDEO,289.0,893.0,42.0,58.0,57.0,1430,manual,100.0,35.0
112,VIDEO,314.0,906.0,42.0,57.0,56.0,1502,manual,68.0,31.0
113,VIDEO,287.0,862.0,42.0,58.0,57.0,1430,manual,100.0,34.0
114,VIDEO,283.0,893.0,43.0,58.0,57.0,1472,manual,100.0,31.0
115,VIDEO,280.0,893.0,43.0,59.0,57.0,1502,manual,100.0,51.0
116,VIDEO,299.0,862.0,42.0,59.0,58.0,1430,manual,100.0,32.0
117,VIDEO,254.0,862.0,43.0,56.0,55.0,1502,manual,100.0,16.0
118,VIDEO,270.0,912.0,43.0,59.0,58.0,1502,manual,100.0,49.0
119,VIDEO,295.0,893.0,43.0,59.0,58.0,1472,manual,100.0,33.0
120,VIDEO,280.0,893.0,43.0,58.0,58.0,1430,manual,100.0,34.0
121,VIDEO,286.0,862.0,43.0,59.0,58.0,1430,manual,100.0,32.0
122,VIDEO,293.0,912.0,43.0,59.0,58.0,1502,manual,99.0,36.0
123,VIDEO,43.0,925.0,41.0,46.0,49.0,300,manual,0.0,0.0
124,VIDEO,46.0,668.0,39.0,43.0,46.0,300,manual,1.0,2.0
125,VIDEO,39.0,662.0,38.0,42.0,44.0,300,manual,0.0,0.0
126,VIDEO,39.0,662.0,38.0,41.0,44.0,300,manual,0.0,0.0
127,VIDEO,39.0,662.0,37.0,41.0,44.0,300,manual,0.0,0.0
128,VIDEO,39.0,662.0,37.0,41.0,43.0,300,manual,0.0,0.0
129,VIDEO,39.0,662.0,36.0,40.0,44.0,300,manual,0.0,0.0
130,VIDEO,39.0,662.0,36.0,40.0,42.0,300,manual,0.0,0.0
131,VIDEO,39.0,668.0,35.0,39.0,43.0,300,manual,0.0,0.0
132,VIDEO,39.0,668.0,35.0,39.0,41.0,300,manual,0.0,0.0
133,VIDEO,39.0,668.0,35.0,39.0,41.0,300,manual,0.0,0.0
134,VIDEO,39.0,662.0,34.0,38.0,41.0,300,manual,0.0,0.0
135,VIDEO,39.0,662.0,34.0,38.0,41.0,300,manual,0.0,0.0
136,VIDEO,39.0,668.0,34.0,38.0,40.0,300,manual,0.0,0.0
137,VIDEO,39.0,662.0,33.0,37.0,40.0,300,manual,0.0,0.0
138,VIDEO,39.0,668.0,33.0,37.0,40.0,300,manual,0.0,0.0
139,VIDEO,39.0,662.0,33.0,37.0,40.0,300,manual,0.0,0.0
140,VIDEO,39.0,668.0,33.0,36.0,39.0,300,manual,0.0,0.0
141,VIDEO,39.0,662.0,33.0,36.0,39.0,300,manual,0.0,0.0
142,VIDEO,40.0,918.0,32.0,36.0,39.0,300,manual,0.0,0.0
143,VIDEO,43.0,662.0,33.0,36.0,39.0,1502,manual,0.0,8.0
144,VIDEO,61.0,675.0,32.0,36.0,39.0,1502,manual,3.0,0.0
145,VIDEO,39.0,668.0,32.0,35.0,40.0,300,manual,0.0,0.0
146,VIDEO,41.0,693.0,32.0,35.0,38.0,300,manual,0.0,0.0
147,VIDEO,58.0,662.0,31.0,35.0,38.0,1502,manual,2.0,0.0
148,VIDEO,39.0,662.0,31.0,35.0,38.0,300,manual,0.0,0.0
149,VIDEO,63.0,843.0,31.0,35.0,38.0,1502,manual,2.0,0.0
150,VIDEO,39.0,662.0,31.0,35.0,38.0,300,manual,0.0,0.0
151,VIDEO,68.0,925.0,31.0,35.0,38.0,1502,manual,3.0,1.0
152,VIDEO,39.0,668.0,31.0,35.0,38.0,300,manual,0.0,0.0
153,VIDEO,50.0,912.0,31.0,34.0,39.0,1502,manual,4.0,0.0
154,VIDEO,38.0,662.0,31.0,34.0,38.0,300,manual,0.0,0.0
155,VIDEO,58.0,912.0,30.0,34.0,37.0,300,manual,1.0,0.0
156,VIDEO,56.0,918.0,30.0,34.0,37.0,1502,manual,1.0,0.0
157,VIDEO,38.0,918.0,30.0,34.0,37.0,300,manual,0.0,0.0
158,VIDEO,43.0,918.0,30.0,33.0,38.0,1502,manual,0.0,0.0
159,VIDEO,39.0,668.0,30.0,33.0,37.0,300,manual,0.0,0.0
160,VIDEO,44.0,912.0,29.0,33.0,37.0,1502,manual,6.0,0.0
161,VIDEO,55.0,900.0,29.0,33.0,37.0,300,manual,4.0,1.0
162,VIDEO,67.0,825.0,31.0,35.0,38.0,1502,manual,2.0,1.0
163,VIDEO,262.0,906.0,31.0,44.0,47.0,1502,manual,100.0,44.0
164,VIDEO,40.0,706.0,31.0,35.0,39.0,300,manual,0.0,1.0
165,VIDEO,54.0,862.0,30.0,33.0,37.0,300,manual,1.0,0.0
166,VIDEO,285.0,862.0,33.0,48.0,45.0,1430,manual,99.0,22.0
167,VIDEO,300.0,900.0,34.0,51.0,46.0,1472,manual,99.0,23.0
168,VIDEO,288.0,906.0,35.0,53.0,45.0,1502,manual,100.0,17.0
169,VIDEO,289.0,856.0,35.0,53.0,46.0,1502,manual,100.0,19.0
170,VIDEO,285.0,893.0,35.0,53.0,46.0,1502,manual,100.0,18.0
171,VIDEO,284.0,893.0,36.0,54.0,47.0,1472,manual,100.0,21.0
172,VIDEO,296.0,906.0,36.0,54.0,48.0,1472,manual,100.0,23.0
173,VIDEO,284.0,906.0,37.0,54.0,47.0,1502,manual,100.0,18.0
174,VIDEO,298.0,893.0,37.0,54.0,47.0,1472,manual,100.0,18.0
175,VIDEO,282.0,887.0,37.0,55.0,48.0,1472,manual,100.0,19.0
176,VIDEO,293.0,887.0,38.0,55.0,48.0,1502,manual,99.0,17.0
177,VIDEO,292.0,912.0,38.0,55.0,49.0,1472,manual,100.0,22.0
178,VIDEO,280.0,906.0,38.0,55.0,50.0,1472,manual,100.0,23.0
179,VIDEO,236.0,906.0,38.0,51.0,47.0,1502,manual,100.0,8.0
180,VIDEO,283.0,887.0,39.0,55.0,50.0,1502,manual,99.0,18.0
181,VIDEO,286.0,893.0,38.0,55.0,51.0,1430,manual,100.0,25.0
182,VIDEO,289.0,906.0,39.0,56.0,50.0,1472,manual,100.0,22.0
183,VIDEO,276.0,912.0,38.0,54.0,53.0,1502,manual,100.0,43.0
184,VIDEO,70.0,862.0,37.0,42.0,46.0,1502,manual,2.0,0.0
185,VIDEO,289.0,893.0,39.0,55.0,51.0,1502,manual,100.0,18.0
186,VIDEO,302.0,906.0,39.0,54.0,51.0,1430,manual,100.0,23.0
187,VIDEO,285.0,893.0,39.0,57.0,51.0,1472,manual,100.0,22.0
188,VIDEO,284.0,893.0,40.0,57.0,51.0,1502,manual,100.0,18.0
189,VIDEO,296.0,912.0,40.0,57.0,52.0,1502,manual,100.0,19.0
190,VIDEO,286.0,893.0,41.0,57.0,52.0,1430,manual,100.0,24.0
191,VIDEO,274.0,893.0,40.0,58.0,51.0,1502,manual,100.0,20.0
192,VIDEO,291.0,862.0,40.0,58.0,51.0,1502,manual,100.0,17.0
193,VIDEO,291.0,862.0,41.0,58.0,52.0,1502,manual,99.0,18.0
194,VIDEO,303.0,893.0,41.0,58.0,52.0,1430,manual,100.0,24.0
195,VIDEO,240.0,906.0,41.0,54.0,49.0,1502,manual,100.0,9.0
196,VIDEO,298.0,893.0,41.0,58.0,53.0,1472,manual,100.0,19.0
197,VIDEO,285.0,893.0,41.0,58.0,52.0,1430,manual,100.0,23.0
198,VIDEO,290.0,906.0,42.0,59.0,53.0,1472,manual,100.0,22.0
199,VIDEO,287.0,862.0,41.0,59.0,52.0,1502,manual,100.0,19.0
200,VIDEO,284.0,906.0,42.0,59.0,53.0,1502,manual,100.0,19.0
201,VIDEO,295.0,906.0,42.0,58.0,52.0,1472,manual,99.0,20.0
202,VIDEO,298.0,900.0,42.0,59.0,52.0,1472,manual,100.0,19.0
203,VIDEO,278.0,912.0,42.0,57.0,58.0,1502,manual,100.0,43.0
204,VIDEO,279.0,893.0,40.0,53.0,51.0,1502,manual,100.0,16.0
205,VIDEO,294.0,893.0,42.0,59.0,53.0,1472,manual,100.0,23.0
206,VIDEO,295.0,893.0,42.0,60.0,52.0,1472,manual,100.0,21.0
207,VIDEO,286.0,893.0,42.0,60.0,52.0,1502,manual,100.0,18.0
208,VIDEO,294.0,887.0,42.0,60.0,54.0,1472,manual,100.0,17.0
209,VIDEO,285.0,893.0,42.0,59.0,55.0,1430,manual,100.0,22.0
210,VIDEO,285.0,893.0,43.0,61.0,54.0,1502,manual,100.0,22.0
211,VIDEO,241.0,887.0,43.0,56.0,52.0,1502,manual,100.0,9.0
212,VIDEO,285.0,893.0,43.0,60.0,54.0,1472,manual,100.0,23.0
213,VIDEO,287.0,893.0,43.0,60.0,54.0,1472,manual,100.0,21.0
214,VIDEO,294.0,887.0,43.0,61.0,54.0,1472,manual,100.0,18.0
215,VIDEO,295.0,912.0,43.0,61.0,55.0,1502,manual,99.0,18.0
216,VIDEO,301.0,906.0,43.0,60.0,55.0,1430,manual,99.0,22.0
217,VIDEO,287.0,906.0,43.0,61.0,54.0,1472,manual,100.0,18.0
218,VIDEO,289.0,887.0,44.0,61.0,55.0,1472,manual,100.0,19.0
219,VIDEO,286.0,862.0,44.0,61.0,55.0,1472,manual,100.0,18.0
220,VIDEO,289.0,893.0,44.0,61.0,55.0,1430,manual,100.0,22.0
221,VIDEO,297.0,906.0,44.0,62.0,54.0,1472,manual,100.0,18.0
222,VIDEO,294.0,862.0,44.0,62.0,55.0,1472,manual,100.0,16.0
223,VIDEO,132.0,925.0,44.0,59.0,58.0,1502,manual,100.0,0.0
224,VIDEO,289.0,862.0,44.0,59.0,55.0,1472,manual,99.0,19.0
225,VIDEO,285.0,906.0,44.0,61.0,54.0,1472,manual,100.0,25.0
226,VIDEO,285.0,887.0,44.0,62.0,54.0,1502,manual,99.0,49.0
227,VIDEO,235.0,862.0,44.0,58.0,52.0,1502,manual,100.0,8.0
228,VIDEO,304.0,893.0,44.0,61.0,55.0,1430,manual,100.0,24.0
229,VIDEO,270.0,893.0,45.0,62.0,54.0,1502,manual,99.0,39.0
230,VIDEO,289.0,862.0,44.0,61.0,55.0,1472,manual,100.0,20.0
231,VIDEO,286.0,862.0,45.0,62.0,56.0,1472,manual,99.0,21.0
232,VIDEO,286.0,887.0,45.0,62.0,56.0,1472,manual,100.0,23.0
233,VIDEO,246.0,893.0,45.0,63.0,56.0,1502,manual,100.0,43.0
234,VIDEO,294.0,906.0,45.0,62.0,56.0,1472,manual,100.0,21.0
235,VIDEO,292.0,862.0,44.0,62.0,56.0,1472,manual,100.0,20.0
236,VIDEO,286.0,887.0,45.0,62.0,57.0,1430,manual,100.0,24.0
237,VIDEO,272.0,906.0,45.0,63.0,56.0,1502,manual,99.0,49.0
238,VIDEO,286.0,900.0,45.0,63.0,56.0,1472,manual,100.0,18.0
239,VIDEO,286.0,862.0,46.0,63.0,56.0,1472,manual,100.0,17.0
240,VIDEO,286.0,887.0,45.0,63.0,57.0,1430,manual,100.0,22.0
241,VIDEO,272.0,893.0,45.0,63.0,56.0,1502,manual,99.0,50.0
242,VIDEO,246.0,862.0,45.0,59.0,54.0,1502,manual,100.0,9.0
243,VIDEO,132.0,925.0,45.0,61.0,61.0,1502,manual,100.0,0.0
244,VIDEO,291.0,893.0,44.0,61.0,56.0,1472,manual,99.0,18.0
245,VIDEO,289.0,887.0,45.0,62.0,56.0,1430,manual,100.0,24.0
246,VIDEO,286.0,906.0,46.0,63.0,55.0,1472,manual,100.0,19.0
247,VIDEO,290.0,887.0,46.0,63.0,55.0,1472,manual,100.0,20.0
248,VIDEO,302.0,887.0,45.0,63.0,57.0,1472,manual,99.0,18.0
249,VIDEO,301.0,893.0,46.0,63.0,56.0,1430,manual,100.0,23.0
250,VIDEO,295.0,887.0,46.0,63.0,55.0,1472,manual,100.0,18.0
251,VIDEO,289.0,862.0,46.0,64.0,56.0,1472,manual,100.0,21.0
252,VIDEO,296.0,912.0,46.0,63.0,56.0,1502,manual,99.0,24.0
253,VIDEO,287.0,887.0,46.0,63.0,56.0,1430,manual,100.0,23.0
254,VIDEO,289.0,893.0,46.0,63.0,56.0,1472,manual,100.0,19.0
255,VIDEO,287.0,887.0,46.0,63.0,57.0,1502,manual,100.0,17.0
256,VIDEO,302.0,906.0,46.0,63.0,56.0,1430,manual,100.0,24.0
257,VIDEO,299.0,893.0,46.0,64.0,56.0,1472,manual,99.0,21.0
258,VIDEO,248.0,862.0,46.0,60.0,54.0,1502,manual,100.0,9.0
259,VIDEO,286.0,887.0,46.0,64.0,56.0,1430,manual,100.0,23.0
260,VIDEO,300.0,893.0,46.0,63.0,58.0,1472,manual,99.0,21.0
261,VIDEO,293.0,906.0,47.0,64.0,56.0,1472,manual,100.0,20.0
262,VIDEO,283.0,912.0,46.0,61.0,57.0,1502,manual,99.0,43.0
263,VIDEO,64.0,862.0,44.0,50.0,52.0,1502,manual,0.0,1.0
264,VIDEO,287.0,893.0,46.0,62.0,58.0,1430,manual,100.0,23.0
265,VIDEO,297.0,906.0,46.0,63.0,56.0,1472,manual,99.0,22.0
266,VIDEO,297.0,887.0,46.0,64.0,56.0,1472,manual,100.0,19.0
267,VIDEO,287.0,862.0,47.0,64.0,56.0,1472,manual,100.0,19.0
268,VIDEO,285.0,893.0,46.0,64.0,58.0,1472,manual,100.0,20.0
269,VIDEO,299.0,893.0,46.0,64.0,58.0,1472,manual,99.0,20.0
270,VIDEO,288.0,893.0,47.0,64.0,57.0,1472,manual,100.0,21.0
271,VIDEO,286.0,862.0,47.0,64.0,57.0,1472,manual,100.0,18.0
272,VIDEO,286.0,912.0,46.0,64.0,58.0,1472,manual,100.0,24.0
273,VIDEO,284.0,893.0,46.0,64.0,58.0,1430,manual,100.0,22.0
274,VIDEO,247.0,862.0,47.0,61.0,55.0,1502,manual,100.0,9.0
275,VIDEO,288.0,893.0,47.0,64.0,57.0,1472,manual,99.0,18.0
276,VIDEO,292.0,893.0,47.0,64.0,58.0,1430,manual,100.0,24.0
277,VIDEO,288.0,893.0,47.0,65.0,57.0,1472,manual,100.0,20.0
278,VIDEO,289.0,862.0,47.0,64.0,58.0,1472,manual,100.0,21.0
279,VIDEO,286.0,906.0,47.0,64.0,58.0,1430,manual,100.0,23.0
280,VIDEO,285.0,887.0,47.0,63.0,59.0,1430,manual,99.0,22.0
281,VIDEO,286.0,893.0,47.0,65.0,58.0,1472,manual,100.0,19.0
282,VIDEO,281.0,912.0,47.0,62.0,63.0,1502,manual,100.0,44.0
283,VIDEO,49.0,662.0,44.0,48.0,51.0,1502,manual,0.0,0.0
284,VIDEO,47.0,662.0,43.0,46.0,50.0,300,manual,0.0,2.0
285,VIDEO,40.0,662.0,42.0,45.0,49.0,300,manual,0.0,0.0
286,VIDEO,39.0,662.0,42.0,44.0,48.0,300,manual,0.0,0.0
287,VIDEO,40.0,662.0,41.0,44.0,48.0,300,manual,0.0,0.0
288,VIDEO,39.0,675.0,40.0,43.0,47.0,300,manual,0.0,0.0
289,VIDEO,39.0,662.0,40.0,43.0,47.0,300,manual,0.0,0.0
290,VIDEO,39.0,662.0,39.0,43.0,46.0,300,manual,0.0,0.0
291,VIDEO,39.0,668.0,39.0,43.0,46.0,300,manual,0.0,0.0
292,VIDEO,46.0,925.0,38.0,43.0,46.0,300,manual,0.0,0.0
293,VIDEO,39.0,662.0,38.0,42.0,45.0,300,manual,0.0,0.0
294,VIDEO,39.0,662.0,38.0,41.0,45.0,300,manual,0.0,0.0
295,VIDEO,39.0,662.0,37.0,41.0,43.0,300,manual,0.0,0.0
296,VIDEO,39.0,662.0,37.0,41.0,44.0,300,manual,0.0,0.0
297,VIDEO,39.0,668.0,37.0,41.0,44.0,300,manual,0.0,0.0
298,VIDEO,39.0,662.0,36.0,40.0,44.0,300,manual,0.0,0.0
299,VIDEO,39.0,662.0,36.0,40.0,43.0,300,manual,0.0,0.0
300,VIDEO,39.0,668.0,36.0,39.0,43.0,300,manual,0.0,0.0
301,VIDEO,39.0,668.0,35.0,38.0,43.0,300,manual,0.0,0.0
302,VIDEO,39.0,675.0,35.0,38.0,41.0,300,manual,0.0,0.0
303,VIDEO,39.0,662.0,35.0,38.0,42.0,300,manual,0.0,0.0
304,VIDEO,39.0,662.0,35.0,38.0,42.0,300,manual,0.0,0.0
305,VIDEO,39.0,662.0,34.0,38.0,42.0,300,manual,0.0,0.0
306,VIDEO,39.0,662.0,34.0,38.0,40.0,300,manual,0.0,0.0
307,VIDEO,39.0,675.0,33.0,38.0,41.0,300,manual,0.0,0.0
308,VIDEO,39.0,668.0,33.0,37.0,41.0,300,manual,0.0,0.0
309,VIDEO,39.0,668.0,33.0,37.0,41.0,300,manual,0.0,0.0
310,VIDEO,39.0,662.0,33.0,37.0,41.0,300,manual,0.0,0.0
311,VIDEO,39.0,662.0,33.0,36.0,41.0,300,manual,0.0,0.0
312,VIDEO,39.0,662.0,33.0,36.0,40.0,300,manual,0.0,0.0
313,VIDEO,39.0,668.0,32.0,36.0,40.0,300,manual,0.0,0.0
314,VIDEO,39.0,675.0,32.0,36.0,40.0,300,manual,0.0,0.0
315,VIDEO,39.0,662.0,32.0,35.0,40.0,300,manual,0.0,0.0
316,VIDEO,39.0,668.0,32.0,35.0,40.0,300,manual,0.0,0.0
317,VIDEO,39.0,668.0,32.0,35.0,39.0,300,manual,0.0,0.0
318,VIDEO,39.0,668.0,31.0,35.0,39.0,300,manual,0.0,0.0
319,VIDEO,39.0,662.0,31.0,35.0,39.0,300,manual,0.0,0.0
320,VIDEO,39.0,662.0,31.0,34.0,39.0,300,manual,0.0,0.0
321,VIDEO,39.0,662.0,31.0,35.0,39.0,300,manual,0.0,0.0
322,VIDEO,39.0,662.0,31.0,35.0,37.0,300,manual,0.0,0.0
323,VIDEO,39.0,662.0,31.0,34.0,38.0,300,manual,0.0,0.0
324,VIDEO,39.0,668.0,30.0,34.0,38.0,300,manual,0.0,0.0
325,VIDEO,39.0,662.0,30.0,34.0,38.0,300,manual,0.0,0.0
326,VIDEO,39.0,668.0,30.0,34.0,38.0,300,manual,0.0,0.0
327,VIDEO,38.0,662.0,30.0,34.0,38.0,300,manual,0.0,0.0
328,VIDEO,38.0,662.0,29.0,33.0,38.0,300,manual,0.0,0.0
329,VIDEO,38.0,662.0,30.0,33.0,37.0,300,manual,0.0,0.0
330,VIDEO,38.0,662.0,30.0,33.0,37.0,300,manual,0.0,0.0
331,VIDEO,38.0,662.0,29.0,33.0,37.0,300,manual,0.0,0.0
332,VIDEO,38.0,662.0,29.0,33.0,37.0,300,manual,0.0,0.0
333,VIDEO,38.0,662.0,29.0,32.0,37.0,300,manual,0.0,0.0
334,VIDEO,38.0,662.0,29.0,33.0,37.0,300,manual,0.0,0.0
335,VIDEO,37.0,662.0,29.0,33.0,37.0,300,manual,0.0,0.0
336,VIDEO,38.0,662.0,29.0,33.0,37.0,300,manual,0.0,0.0
337,VIDEO,38.0,662.0,29.0,32.0,37.0,300,manual,0.0,0.0
338,VIDEO,38.0,662.0,28.0,32.0,36.0,300,manual,0.0,0.0
339,VIDEO,37.0,662.0,28.0,32.0,37.0,300,manual,0.0,0.0
340,VIDEO,36.0,662.0,28.0,32.0,36.0,300,manual,0.0,0.0
341,VIDEO,36.0,900.0,28.0,32.0,36.0,300,manual,0.0,0.0
342,VIDEO,60.0,918.0,28.0,32.0,36.0,1502,manual,2.0,0.0
343,VIDEO,45.0,918.0,28.0,32.0,36.0,1502,manual,6.0,0.0
344,VIDEO,49.0,918.0,28.0,32.0,36.0,300,manual,1.0,1.0
345,VIDEO,65.0,668.0,28.0,32.0,36.0,1502,manual,2.0,1.0
346,VIDEO,37.0,668.0,28.0,32.0,36.0,300,manual,0.0,0.0
347,VIDEO,37.0,906.0,27.0,31.0,36.0,300,manual,0.0,0.0
348,VIDEO,38.0,662.0,27.0,32.0,35.0,300,manual,0.0,0.0
349,VIDEO,44.0,887.0,28.0,31.0,35.0,1502,manual,0.0,1.0
350,VIDEO,37.0,662.0,27.0,31.0,36.0,300,manual,0.0,0.0
351,VIDEO,37.0,662.0,27.0,31.0,35.0,300,manual,0.0,0.0
352,VIDEO,36.0,668.0,27.0,31.0,35.0,300,manual,0.0,0.0
353,VIDEO,38.0,662.0,27.0,31.0,34.0,300,manual,0.0,0.0
354,VIDEO,37.0,668.0,27.0,31.0,34.0,300,manual,0.0,0.0
355,VIDEO,36.0,662.0,27.0,30.0,34.0,300,manual,0.0,0.0
356,VIDEO,37.0,662.0,27.0,30.0,34.0,300,manual,0.0,0.0
357,VIDEO,37.0,662.0,26.0,31.0,34.0,300,manual,0.0,0.0
358,VIDEO,37.0,662.0,26.0,30.0,34.0,300,manual,0.0,0.0
359,VIDEO,37.0,662.0,27.0,30.0,34.0,300,manual,0.0,0.0
360,VIDEO,36.0,662.0,26.0,30.0,34.0,300,manual,0.0,0.0
361,VIDEO,36.0,668.0,26.0,30.0,35.0,300,manual,0.0,0.0
362,VIDEO,36.0,662.0,26.0,30.0,33.0,300,manual,0.0,0.0
363,VIDEO,38.0,743.0,25.0,30.0,35.0,300,manual,0.0,1.0
364,VIDEO,39.0,862.0,26.0,30.0,33.0,300,manual,0.0,0.0
365,VIDEO,43.0,925.0,26.0,30.0,34.0,1502,manual,0.0,0.0
366,VIDEO,62.0,912.0,26.0,30.0,34.0,1502,manual,2.0,0.0
367,VIDEO,48.0,718.0,26.0,30.0,34.0,1502,manual,4.0,0.0
368,VIDEO,36.0,662.0,26.0,30.0,34.0,300,manual,0.0,0.0
369,VIDEO,63.0,925.0,26.0,30.0,34.0,1502,manual,1.0,0.0
370,VIDEO,37.0,668.0,27.0,32.0,34.0,300,manual,0.0,0.0
371,VIDEO,38.0,662.0,26.0,30.0,33.0,300,manual,0.0,0.0
372,VIDEO,37.0,662.0,26.0,30.0,33.0,300,manual,0.0,0.0
373,VIDEO,53.0,918.0,26.0,30.0,35.0,300,manual,1.0,0.0
374,VIDEO,60.0,918.0,26.0,30.0,34.0,1502,manual,2.0,0.0
375,VIDEO,62.0,925.0,26.0,30.0,35.0,1502,manual,2.0,0.0
376,VIDEO,47.0,737.0,26.0,30.0,33.0,1502,manual,5.0,0.0
377,VIDEO,66.0,918.0,26.0,30.0,33.0,1502,manual,2.0,0.0
378,VIDEO,48.0,912.0,26.0,30.0,34.0,1502,manual,4.0,0.0
379,VIDEO,235.0,662.0,26.0,30.0,33.0,1502,manual,99.0,11.0
380,VIDEO,35.0,662.0,26.0,30.0,33.0,300,manual,0.0,0.0
381,VIDEO,36.0,662.0,26.0,30.0,33.0,300,manual,0.0,0.0
382,VIDEO,67.0,925.0,25.0,30.0,34.0,1502,manual,2.0,2.0
383,VIDEO,50.0,775.0,25.0,30.0,33.0,1502,manual,4.0,0.0
384,VIDEO,55.0,918.0,25.0,30.0,33.0,1502,manual,3.0,0.0
385,VIDEO,56.0,693.0,25.0,30.0,34.0,1502,manual,2.0,0.0
386,VIDEO,49.0,668.0,26.0,30.0,33.0,300,manual,1.0,0.0
387,VIDEO,37.0,918.0,26.0,29.0,33.0,300,manual,0.0,0.0
388,VIDEO,35.0,812.0,25.0,29.0,33.0,300,manual,0.0,0.0
389,VIDEO,49.0,906.0,25.0,29.0,33.0,300,manual,1.0,0.0
390,VIDEO,223.0,731.0,29.0,39.0,34.0,1502,manual,100.0,2.0
391,VIDEO,37.0,662.0,26.0,30.0,35.0,300,manual,0.0,0.0
392,VIDEO,53.0,662.0,26.0,30.0,34.0,1502,manual,3.0,1.0
393,VIDEO,277.0,906.0,26.0,36.0,39.0,1502,manual,100.0,33.0
394,VIDEO,148.0,912.0,27.0,39.0,37.0,1502,manual,99.0,10.0
395,VIDEO,41.0,912.0,26.0,30.0,34.0,300,manual,0.0,0.0
396,VIDEO,36.0,662.0,26.0,30.0,34.0,300,manual,0.0,0.0
397,VIDEO,54.0,918.0,26.0,30.0,34.0,300,manual,1.0,1.0
398,VIDEO,52.0,918.0,26.0,30.0,33.0,300,manual,1.0,1.0
399,VIDEO,42.0,925.0,26.0,29.0,33.0,300,manual,0.0,0.0
400,VIDEO,285.0,906.0,28.0,40.0,44.0,1363,manual,100.0,43.0
401,VIDEO,318.0,818.0,30.0,44.0,49.0,1404,manual,100.0,45.0
402,VIDEO,285.0,900.0,31.0,45.0,49.0,1363,manual,100.0,42.0
403,VIDEO,299.0,831.0,32.0,46.0,50.0,1319,manual,100.0,43.0
404,VIDEO,286.0,812.0,32.0,46.0,50.0,1319,manual,100.0,42.0
405,VIDEO,300.0,818.0,33.0,47.0,51.0,1319,manual,100.0,42.0
406,VIDEO,304.0,812.0,33.0,47.0,52.0,1472,manual,100.0,64.0
407,VIDEO,286.0,906.0,33.0,47.0,53.0,1319,manual,100.0,41.0
408,VIDEO,289.0,812.0,34.0,48.0,54.0,1319,manual,100.0,43.0
409,VIDEO,287.0,906.0,34.0,48.0,52.0,1319,manual,100.0,42.0
410,VIDEO,289.0,806.0,35.0,48.0,53.0,1319,manual,100.0,42.0
411,VIDEO,289.0,806.0,35.0,48.0,53.0,1319,manual,100.0,42.0
412,VIDEO,289.0,800.0,35.0,49.0,53.0,1319,manual,100.0,42.0
413,VIDEO,261.0,818.0,35.0,49.0,54.0,1502,manual,99.0,49.0
414,VIDEO,288.0,906.0,36.0,49.0,54.0,1319,manual,100.0,43.0
415,VIDEO,350.0,812.0,36.0,50.0,56.0,1430,manual,99.0,46.0
416,VIDEO,289.0,906.0,37.0,50.0,54.0,1319,manual,100.0,42.0
417,VIDEO,289.0,812.0,36.0,50.0,56.0,1319,manual,100.0,43.0
418,VIDEO,289.0,818.0,37.0,50.0,55.0,1319,manual,100.0,43.0
419,VIDEO,289.0,812.0,37.0,51.0,55.0,1319,manual,100.0,43.0
420,VIDEO,265.0,806.0,38.0,50.0,57.0,1502,manual,99.0,49.0
421,VIDEO,290.0,806.0,37.0,51.0,55.0,1319,manual,100.0,42.0
422,VIDEO,288.0,812.0,37.0,52.0,57.0,1502,manual,100.0,60.0
423,VIDEO,291.0,912.0,38.0,51.0,56.0,1319,manual,100.0,43.0
424,VIDEO,289.0,812.0,38.0,53.0,57.0,1319,manual,100.0,42.0
425,VIDEO,229.0,906.0,38.0,50.0,46.0,1502,manual,100.0,2.0
426,VIDEO,229.0,906.0,38.0,50.0,43.0,1502,manual,100.0,2.0
427,VIDEO,45.0,812.0,36.0,41.0,44.0,300,manual,0.0,2.0
428,VIDEO,288.0,812.0,38.0,51.0,55.0,1319,manual,100.0,43.0
429,VIDEO,296.0,912.0,39.0,52.0,56.0,1319,manual,100.0,42.0
430,VIDEO,292.0,812.0,39.0,54.0,58.0,1363,manual,99.0,41.0
431,VIDEO,288.0,912.0,39.0,53.0,58.0,1363,manual,100.0,41.0
432,VIDEO,278.0,825.0,39.0,53.0,58.0,1502,manual,100.0,51.0
433,VIDEO,293.0,806.0,40.0,53.0,57.0,1363,manual,100.0,38.0
434,VIDEO,292.0,831.0,40.0,53.0,56.0,1319,manual,100.0,38.0
435,VIDEO,303.0,831.0,40.0,54.0,58.0,1363,manual,100.0,40.0
436,VIDEO,288.0,912.0,40.0,54.0,58.0,1363,manual,100.0,37.0
437,VIDEO,267.0,831.0,41.0,54.0,57.0,1502,manual,99.0,50.0
438,VIDEO,298.0,850.0,41.0,54.0,57.0,1363,manual,100.0,37.0
439,VIDEO,282.0,912.0,41.0,55.0,58.0,1404,manual,100.0,36.0
440,VIDEO,292.0,825.0,41.0,55.0,58.0,1502,manual,100.0,53.0
441,VIDEO,286.0,850.0,41.0,55.0,58.0,1363,manual,100.0,36.0
442,VIDEO,285.0,912.0,42.0,55.0,57.0,1363,manual,100.0,37.0
443,VIDEO,268.0,831.0,42.0,55.0,57.0,1502,manual,99.0,49.0
444,VIDEO,282.0,831.0,42.0,56.0,58.0,1404,manual,100.0,34.0
445,VIDEO,283.0,831.0,42.0,55.0,57.0,1404,manual,100.0,36.0
446,VIDEO,297.0,906.0,42.0,56.0,57.0,1363,manual,100.0,35.0
447,VIDEO,277.0,831.0,42.0,56.0,60.0,1502,manual,100.0,51.0
448,VIDEO,293.0,831.0,42.0,56.0,59.0,1404,manual,100.0,33.0
449,VIDEO,293.0,906.0,43.0,56.0,57.0,1363,manual,100.0,34.0
450,VIDEO,291.0,850.0,42.0,56.0,58.0,1404,manual,100.0,34.0
451,VIDEO,295.0,850.0,42.0,57.0,60.0,1404,manual,99.0,33.0
452,VIDEO,291.0,850.0,43.0,57.0,58.0,1404,manual,100.0,35.0
453,VIDEO,289.0,912.0,43.0,57.0,58.0,1404,manual,100.0,33.0
454,VIDEO,289.0,831.0,43.0,57.0,59.0,1404,manual,100.0,34.0
455,VIDEO,278.0,825.0,43.0,57.0,62.0,1502,manual,99.0,42.0
456,VIDEO,276.0,850.0,43.0,57.0,60.0,1404,manual,100.0,34.0
457,VIDEO,291.0,850.0,44.0,57.0,58.0,1404,manual,100.0,34.0
458,VIDEO,228.0,912.0,42.0,55.0,49.0,1502,manual,100.0,2.0
459,VIDEO,291.0,831.0,43.0,57.0,56.0,1404,manual,100.0,35.0
460,VIDEO,295.0,912.0,44.0,57.0,58.0,1363,manual,100.0,34.0
461,VIDEO,283.0,850.0,44.0,58.0,59.0,1502,manual,99.0,56.0
462,VIDEO,278.0,850.0,43.0,58.0,61.0,1502,manual,100.0,49.0
463,VIDEO,294.0,850.0,44.0,58.0,59.0,1404,manual,100.0,35.0
464,VIDEO,293.0,850.0,44.0,58.0,59.0,1363,manual,100.0,33.0
465,VIDEO,299.0,912.0,44.0,58.0,59.0,1363,manual,100.0,35.0
466,VIDEO,270.0,850.0,44.0,58.0,61.0,1502,manual,99.0,49.0
467,VIDEO,295.0,831.0,44.0,58.0,62.0,1363,manual,99.0,34.0
468,VIDEO,285.0,831.0,44.0,58.0,60.0,1363,manual,100.0,35.0
469,VIDEO,294.0,912.0,44.0,59.0,60.0,1363,manual,100.0,34.0
470,VIDEO,301.0,831.0,45.0,59.0,59.0,1363,manual,100.0,35.0
471,VIDEO,276.0,850.0,44.0,59.0,62.0,1502,manual,100.0,49.0
472,VIDEO,301.0,850.0,45.0,59.0,61.0,1363,manual,100.0,34.0
473,VIDEO,296.0,862.0,45.0,59.0,60.0,1363,manual,100.0,36.0
474,VIDEO,292.0,825.0,45.0,59.0,60.0,1363,manual,100.0,37.0
475,VIDEO,322.0,831.0,44.0,59.0,63.0,1472,manual,99.0,41.0
476,VIDEO,290.0,831.0,45.0,59.0,61.0,1363,manual,100.0,37.0
477,VIDEO,286.0,912.0,45.0,59.0,60.0,1404,manual,100.0,36.0
478,VIDEO,272.0,850.0,45.0,59.0,62.0,1502,manual,100.0,50.0
479,VIDEO,300.0,831.0,45.0,59.0,62.0,1363,manual,100.0,35.0
480,VIDEO,288.0,831.0,45.0,60.0,61.0,1363,manual,100.0,36.0
481,VIDEO,288.0,912.0,46.0,59.0,61.0,1404,manual,100.0,38.0
482,VIDEO,272.0,831.0,45.0,60.0,64.0,1502,manual,100.0,49.0
483,VIDEO,289.0,818.0,45.0,60.0,62.0,1363,manual,100.0,38.0
484,VIDEO,292.0,893.0,46.0,59.0,63.0,1363,manual,100.0,38.0
485,VIDEO,272.0,831.0,45.0,59.0,62.0,1502,manual,99.0,49.0
486,VIDEO,290.0,831.0,46.0,60.0,64.0,1363,manual,100.0,38.0
487,VIDEO,281.0,912.0,46.0,60.0,62.0,1363,manual,100.0,38.0
488,VIDEO,272.0,831.0,46.0,59.0,63.0,1502,manual,99.0,50.0
489,VIDEO,292.0,831.0,46.0,60.0,63.0,1363,manual,100.0,41.0
490,VIDEO,290.0,893.0,46.0,60.0,63.0,1363,manual,100.0,41.0
491,VIDEO,229.0,912.0,46.0,58.0,52.0,1502,manual,100.0,2.0
492,VIDEO,293.0,912.0,46.0,59.0,60.0,1319,manual,100.0,40.0
493,VIDEO,276.0,812.0,46.0,60.0,62.0,1502,manual,100.0,50.0
494,VIDEO,285.0,812.0,46.0,59.0,63.0,1319,manual,100.0,41.0
495,VIDEO,286.0,912.0,47.0,60.0,63.0,1363,manual,100.0,43.0
496,VIDEO,278.0,831.0,46.0,60.0,66.0,1502,manual,100.0,49.0
497,VIDEO,288.0,806.0,46.0,59.0,63.0,1319,manual,100.0,41.0
498,VIDEO,283.0,812.0,46.0,59.0,63.0,1502,manual,100.0,57.0
499,VIDEO,289.0,812.0,47.0,59.0,64.0,1319,manual,100.0,42.0
500,VIDEO,287.0,912.0,46.0,60.0,65.0,1319,manual,100.0,43.0
501,VIDEO,278.0,812.0,46.0,60.0,65.0,1502,manual,100.0,49.0
502,VIDEO,290.0,812.0,47.0,60.0,64.0,1319,manual,100.0,42.0
503,VIDEO,285.0,806.0,47.0,60.0,64.0,1319,manual,100.0,42.0
504,VIDEO,287.0,806.0,46.0,60.0,65.0,1319,manual,100.0,42.0
505,VIDEO,286.0,856.0,47.0,60.0,64.0,1319,manual,100.0,42.0
506,VIDEO,270.0,806.0,47.0,60.0,64.0,1502,manual,100.0,49.0
507,VIDEO,292.0,806.0,47.0,60.0,66.0,1319,manual,100.0,42.0
508,VIDEO,292.0,912.0,47.0,60.0,64.0,1283,manual,100.0,42.0
509,VIDEO,328.0,812.0,47.0,61.0,66.0,1363,manual,99.0,44.0
510,VIDEO,293.0,812.0,47.0,60.0,64.0,1319,manual,100.0,43.0
511,VIDEO,272.0,812.0,47.0,60.0,66.0,1502,manual,99.0,50.0
512,VIDEO,288.0,806.0,48.0,61.0,65.0,1319,manual,100.0,42.0
513,VIDEO,293.0,912.0,47.0,60.0,64.0,1319,manual,100.0,43.0
514,VIDEO,285.0,806.0,47.0,61.0,66.0,1502,manual,100.0,50.0
515,VIDEO,287.0,793.0,47.0,60.0,65.0,1319,manual,100.0,43.0
516,VIDEO,245.0,812.0,48.0,60.0,66.0,1404,manual,100.0,51.0
517,VIDEO,284.0,812.0,47.0,61.0,65.0,1319,manual,100.0,44.0
518,VIDEO,287.0,912.0,48.0,60.0,64.0,1319,manual,100.0,44.0
519,VIDEO,275.0,806.0,47.0,61.0,65.0,1472,manual,100.0,57.0
520,VIDEO,281.0,793.0,47.0,61.0,65.0,1319,manual,100.0,43.0
521,VIDEO,233.0,906.0,47.0,59.0,55.0,1502,manual,100.0,2.0
522,VIDEO,284.0,793.0,47.0,60.0,61.0,1319,manual,100.0,43.0
523,VIDEO,295.0,787.0,47.0,59.0,61.0,1283,manual,100.0,42.0
524,VIDEO,292.0,812.0,47.0,61.0,65.0,1283,manual,100.0,43.0
525,VIDEO,292.0,906.0,47.0,60.0,66.0,1319,manual,100.0,43.0
526,VIDEO,293.0,806.0,48.0,61.0,65.0,1319,manual,100.0,42.0
527,VIDEO,279.0,906.0,47.0,60.0,65.0,1319,manual,100.0,44.0
528,VIDEO,282.0,812.0,47.0,61.0,68.0,1502,manual,100.0,51.0
529,VIDEO,293.0,806.0,48.0,60.0,65.0,1319,manual,100.0,43.0
530,VIDEO,258.0,812.0,48.0,61.0,65.0,1430,manual,100.0,56.0
531,VIDEO,291.0,806.0,48.0,61.0,65.0,1319,manual,100.0,43.0
532,VIDEO,293.0,912.0,48.0,61.0,65.0,1283,manual,100.0,43.0
533,VIDEO,295.0,812.0,47.0,60.0,64.0,1319,manual,99.0,43.0
534,VIDEO,288.0,912.0,48.0,61.0,65.0,1319,manual,100.0,42.0
535,VIDEO,284.0,787.0,48.0,62.0,66.0,1502,manual,100.0,51.0
536,VIDEO,292.0,806.0,48.0,61.0,65.0,1319,manual,100.0,42.0
537,VIDEO,190.0,806.0,48.0,61.0,65.0,1363,manual,100.0,43.0
538,VIDEO,289.0,812.0,48.0,61.0,65.0,1319,manual,100.0,41.0
539,VIDEO,288.0,912.0,48.0,61.0,65.0,1319,manual,100.0,41.0
540,VIDEO,289.0,812.0,47.0,62.0,67.0,1319,manual,100.0,41.0
541,VIDEO,290.0,893.0,48.0,61.0,65.0,1319,manual,100.0,41.0
542,VIDEO,281.0,812.0,48.0,62.0,65.0,1472,manual,100.0,58.0
543,VIDEO,286.0,806.0,48.0,61.0,65.0,1363,manual,100.0,42.0
544,VIDEO,353.0,912.0,48.0,60.0,62.0,1430,manual,98.0,42.0
545,VIDEO,283.0,825.0,48.0,62.0,66.0,1319,manual,100.0,39.0
546,VIDEO,289.0,893.0,48.0,61.0,65.0,1319,manual,100.0,39.0
547,VIDEO,271.0,812.0,48.0,61.0,65.0,1502,manual,100.0,71.0
548,VIDEO,286.0,812.0,48.0,62.0,65.0,1319,manual,100.0,40.0
549,VIDEO,285.0,912.0,48.0,61.0,65.0,1319,manual,100.0,39.0
550,VIDEO,246.0,906.0,48.0,58.0,62.0,1502,manual,99.0,45.0
551,VIDEO,232.0,812.0,47.0,60.0,53.0,1502,manual,100.0,2.0
552,VIDEO,294.0,825.0,48.0,62.0,65.0,1319,manual,100.0,39.0
553,VIDEO,284.0,906.0,48.0,61.0,64.0,1363,manual,100.0,40.0
554,VIDEO,293.0,806.0,48.0,62.0,66.0,1472,manual,100.0,53.0
555,VIDEO,282.0,825.0,49.0,62.0,66.0,1363,manual,100.0,38.0
556,VIDEO,287.0,831.0,48.0,61.0,64.0,1363,manual,100.0,40.0
557,VIDEO,296.0,806.0,48.0,63.0,66.0,1319,manual,100.0,39.0
558,VIDEO,285.0,912.0,48.0,61.0,64.0,1363,manual,100.0,37.0
559,VIDEO,274.0,825.0,48.0,62.0,65.0,1502,manual,100.0,50.0
560,VIDEO,283.0,812.0,48.0,62.0,66.0,1363,manual,100.0,38.0
561,VIDEO,295.0,912.0,49.0,62.0,65.0,1319,manual,100.0,39.0
562,VIDEO,294.0,831.0,48.0,62.0,67.0,1472,manual,100.0,54.0
563,VIDEO,292.0,831.0,48.0,62.0,65.0,1363,manual,100.0,37.0
564,VIDEO,294.0,850.0,48.0,62.0,64.0,1319,manual,100.0,38.0
565,VIDEO,291.0,831.0,48.0,63.0,66.0,1363,manual,100.0,37.0
566,VIDEO,292.0,831.0,49.0,63.0,64.0,1363,manual,100.0,37.0
567,VIDEO,272.0,825.0,49.0,62.0,65.0,1502,manual,100.0,50.0
568,VIDEO,291.0,831.0,49.0,62.0,65.0,1363,manual,100.0,36.0
569,VIDEO,293.0,893.0,48.0,62.0,64.0,1363,manual,100.0,38.0
570,VIDEO,289.0,825.0,48.0,62.0,66.0,1502,manual,100.0,53.0
571,VIDEO,281.0,831.0,49.0,62.0,65.0,1363,manual,100.0,36.0
572,VIDEO,292.0,912.0,49.0,62.0,64.0,1363,manual,100.0,35.0
573,VIDEO,284.0,831.0,49.0,62.0,66.0,1502,manual,100.0,51.0
574,VIDEO,291.0,825.0,49.0,62.0,66.0,1363,manual,100.0,37.0
575,VIDEO,287.0,912.0,49.0,62.0,64.0,1363,manual,100.0,37.0
576,VIDEO,315.0,806.0,48.0,62.0,68.0,1472,manual,99.0,42.0
577,VIDEO,292.0,812.0,49.0,62.0,64.0,1363,manual,100.0,37.0
578,VIDEO,281.0,831.0,49.0,62.0,64.0,1363,manual,100.0,39.0
579,VIDEO,290.0,831.0,49.0,63.0,66.0,1363,manual,100.0,36.0
580,VIDEO,292.0,825.0,49.0,62.0,66.0,1319,manual,100.0,37.0
581,VIDEO,234.0,912.0,48.0,61.0,55.0,1502,manual,100.0,2.0
582,VIDEO,291.0,912.0,48.0,62.0,62.0,1363,manual,100.0,36.0
583,VIDEO,272.0,831.0,48.0,62.0,64.0,1502,manual,99.0,50.0
584,VIDEO,288.0,831.0,48.0,62.0,65.0,1363,manual,100.0,37.0
585,VIDEO,291.0,912.0,48.0,63.0,64.0,1363,manual,100.0,37.0
586,VIDEO,272.0,831.0,49.0,62.0,65.0,1502,manual,100.0,50.0
587,VIDEO,288.0,831.0,49.0,62.0,65.0,1363,manual,100.0,38.0
588,VIDEO,292.0,912.0,49.0,62.0,65.0,1363,manual,100.0,36.0
589,VIDEO,272.0,825.0,49.0,62.0,65.0,1502,manual,99.0,49.0
590,VIDEO,292.0,825.0,49.0,63.0,65.0,1363,manual,100.0,37.0
591,VIDEO,291.0,912.0,49.0,62.0,65.0,1319,manual,100.0,37.0
592,VIDEO,275.0,825.0,49.0,62.0,65.0,1502,manual,100.0,54.0
593,VIDEO,279.0,831.0,49.0,62.0,65.0,1363,manual,100.0,37.0
594,VIDEO,290.0,912.0,49.0,63.0,66.0,1363,manual,100.0,37.0
595,VIDEO,291.0,825.0,49.0,63.0,66.0,1502,manual,100.0,54.0
596,VIDEO,293.0,831.0,49.0,63.0,66.0,1363,manual,100.0,38.0
597,VIDEO,293.0,912.0,49.0,62.0,65.0,1319,manual,100.0,38.0
598,VIDEO,284.0,812.0,49.0,63.0,66.0,1502,manual,100.0,52.0
599,VIDEO,287.0,825.0,49.0,62.0,65.0,1363,manual,100.0,38.0
600,VIDEO,282.0,912.0,49.0,62.0,65.0,1363,manual,100.0,37.0
601,VIDEO,283.0,831.0,49.0,63.0,67.0,1502,manual,100.0,51.0
602,VIDEO,292.0,831.0,49.0,63.0,65.0,1319,manual,100.0,37.0
603,VIDEO,291.0,912.0,49.0,62.0,65.0,1363,manual,100.0,39.0
604,VIDEO,280.0,812.0,49.0,63.0,68.0,1502,manual,100.0,49.0
605,VIDEO,290.0,825.0,49.0,63.0,66.0,1363,manual,100.0,39.0
606,VIDEO,291.0,912.0,49.0,63.0,65.0,1363,manual,100.0,37.0
607,VIDEO,337.0,812.0,49.0,63.0,67.0,1430,manual,100.0,41.0
608,VIDEO,296.0,831.0,49.0,62.0,65.0,1319,manual,100.0,38.0
609,VIDEO,297.0,831.0,49.0,62.0,65.0,1319,manual,100.0,38.0
610,VIDEO,283.0,806.0,49.0,63.0,66.0,1319,manual,100.0,39.0
611,VIDEO,284.0,912.0,49.0,62.0,65.0,1319,manual,100.0,38.0
612,VIDEO,229.0,906.0,49.0,61.0,55.0,1502,manual,100.0,2.0
613,VIDEO,292.0,662.0,49.0,62.0,64.0,1363,manual,100.0,39.0
614,VIDEO,291.0,812.0,49.0,62.0,65.0,1502,manual,100.0,61.0
615,VIDEO,284.0,812.0,49.0,63.0,66.0,1363,manual,100.0,39.0
616,VIDEO,282.0,912.0,49.0,62.0,65.0,1363,manual,100.0,41.0
617,VIDEO,286.0,825.0,49.0,63.0,67.0,1502,manual,100.0,51.0
618,VIDEO,299.0,812.0,49.0,63.0,66.0,1319,manual,100.0,38.0
619,VIDEO,298.0,912.0,49.0,63.0,65.0,1319,manual,100.0,40.0
620,VIDEO,295.0,831.0,49.0,63.0,68.0,1363,manual,99.0,38.0
621,VIDEO,297.0,831.0,49.0,63.0,67.0,1319,manual,100.0,39.0
622,VIDEO,283.0,825.0,49.0,62.0,67.0,1363,manual,100.0,40.0
623,VIDEO,294.0,812.0,49.0,63.0,67.0,1319,manual,100.0,38.0
624,VIDEO,298.0,818.0,49.0,63.0,66.0,1319,manual,100.0,38.0
625,VIDEO,275.0,812.0,49.0,62.0,66.0,1502,manual,100.0,50.0
626,VIDEO,286.0,812.0,49.0,63.0,66.0,1363,manual,100.0,40.0
627,VIDEO,296.0,912.0,49.0,63.0,67.0,1319,manual,100.0,40.0
628,VIDEO,277.0,918.0,49.0,65.0,61.0,1502,manual,100.0,23.0
629,VIDEO,55.0,856.0,45.0,50.0,53.0,1502,manual,4.0,0.0
630,VIDEO,43.0,662.0,45.0,49.0,52.0,300,manual,0.0,0.0
631,VIDEO,63.0,925.0,44.0,47.0,50.0,1502,manual,2.0,0.0
632,VIDEO,47.0,668.0,43.0,46.0,50.0,1502,manual,0.0,1.0
633,VIDEO,46.0,668.0,42.0,47.0,50.0,300,manual,0.0,2.0
634,VIDEO,46.0,662.0,42.0,46.0,49.0,300,manual,0.0,2.0
635,VIDEO,39.0,675.0,42.0,45.0,49.0,300,manual,0.0,0.0
636,VIDEO,39.0,925.0,41.0,45.0,48.0,300,manual,0.0,0.0
637,VIDEO,39.0,662.0,41.0,44.0,47.0,300,manual,0.0,0.0
638,VIDEO,39.0,662.0,40.0,44.0,47.0,300,manual,0.0,0.0
639,VIDEO,67.0,925.0,40.0,43.0,47.0,1502,manual,2.0,1.0
640,VIDEO,39.0,693.0,40.0,43.0,47.0,300,manual,2.0,0.0
641,VIDEO,39.0,925.0,39.0,43.0,46.0,300,manual,0.0,0.0
642,VIDEO,62.0,925.0,39.0,42.0,46.0,1502,manual,4.0,0.0
643,VIDEO,39.0,750.0,39.0,43.0,46.0,300,manual,0.0,0.0
644,VIDEO,45.0,925.0,38.0,42.0,45.0,1502,manual,0.0,0.0
645,VIDEO,39.0,925.0,38.0,42.0,45.0,300,manual,0.0,0.0
646,VIDEO,243.0,662.0,40.0,49.0,48.0,1502,manual,100.0,26.0
647,VIDEO,311.0,793.0,41.0,53.0,60.0,1319,manual,100.0,60.0
648,VIDEO,95.0,912.0,41.0,54.0,48.0,1502,manual,100.0,4.0
649,VIDEO,330.0,812.0,41.0,52.0,55.0,1319,manual,100.0,60.0
650,VIDEO,154.0,831.0,43.0,55.0,63.0,1319,manual,100.0,69.0
651,VIDEO,317.0,806.0,42.0,55.0,58.0,1319,manual,100.0,59.0
652,VIDEO,310.0,831.0,43.0,57.0,65.0,1235,manual,100.0,49.0
653,VIDEO,283.0,812.0,42.0,55.0,59.0,1283,manual,99.0,50.0
654,VIDEO,364.0,906.0,43.0,57.0,59.0,1404,manual,100.0,22.0
655,VIDEO,334.0,912.0,43.0,55.0,62.0,1363,manual,100.0,23.0
656,VIDEO,344.0,906.0,43.0,56.0,62.0,1363,manual,99.0,35.0
657,VIDEO,157.0,881.0,43.0,56.0,62.0,1319,manual,99.0,66.0
658,VIDEO,324.0,856.0,43.0,56.0,61.0,1319,manual,99.0,60.0
659,VIDEO,317.0,825.0,43.0,56.0,60.0,1319,manual,100.0,59.0
660,VIDEO,314.0,843.0,44.0,56.0,60.0,1283,manual,100.0,60.0
661,VIDEO,154.0,806.0,43.0,57.0,53.0,1502,manual,100.0,2.0
662,VIDEO,210.0,825.0,43.0,56.0,52.0,1502,manual,100.0,3.0
663,VIDEO,210.0,806.0,44.0,57.0,54.0,1502,manual,100.0,3.0
664,VIDEO,210.0,793.0,44.0,57.0,54.0,1502,manual,100.0,4.0
665,VIDEO,201.0,825.0,44.0,56.0,56.0,1502,manual,100.0,4.0
666,VIDEO,215.0,912.0,44.0,57.0,56.0,1502,manual,100.0,18.0
667,VIDEO,214.0,862.0,44.0,57.0,56.0,1502,manual,99.0,18.0
668,VIDEO,278.0,862.0,44.0,57.0,55.0,1502,manual,99.0,26.0
669,VIDEO,261.0,912.0,44.0,57.0,54.0,1502,manual,99.0,39.0
670,VIDEO,166.0,918.0,45.0,58.0,55.0,1502,manual,100.0,1.0
671,VIDEO,250.0,906.0,45.0,57.0,55.0,1502,manual,100.0,14.0
672,VIDEO,261.0,912.0,45.0,58.0,55.0,1502,manual,99.0,14.0
673,VIDEO,323.0,912.0,45.0,59.0,57.0,1472,manual,100.0,15.0
674,VIDEO,275.0,912.0,45.0,59.0,56.0,1404,manual,100.0,12.0
675,VIDEO,272.0,925.0,45.0,58.0,57.0,1472,manual,100.0,13.0
676,VIDEO,311.0,912.0,45.0,59.0,57.0,1363,manual,100.0,14.0
677,VIDEO,262.0,912.0,45.0,59.0,58.0,1502,manual,100.0,13.0
678,VIDEO,295.0,912.0,45.0,58.0,58.0,1502,manual,100.0,15.0
679,VIDEO,250.0,906.0,45.0,57.0,63.0,1363,manual,100.0,15.0
680,VIDEO,313.0,850.0,45.0,58.0,64.0,1283,manual,99.0,67.0
681,VIDEO,185.0,893.0,44.0,57.0,63.0,1319,manual,100.0,64.0
682,VIDEO,324.0,868.0,45.0,57.0,63.0,1319,manual,99.0,74.0
683,VIDEO,327.0,850.0,45.0,58.0,62.0,1319,manual,99.0,72.0
684,VIDEO,325.0,825.0,44.0,58.0,61.0,1319,manual,99.0,75.0
685,VIDEO,317.0,825.0,45.0,58.0,61.0,1319,manual,99.0,60.0
686,VIDEO,304.0,875.0,45.0,58.0,59.0,1283,manual,99.0,60.0
687,VIDEO,304.0,818.0,45.0,58.0,59.0,1283,manual,99.0,56.0
688,VIDEO,315.0,793.0,45.0,58.0,56.0,1319,manual,99.0,60.0
689,VIDEO,283.0,806.0,45.0,59.0,56.0,1363,manual,100.0,30.0
690,VIDEO,284.0,812.0,44.0,59.0,55.0,1319,manual,100.0,30.0
691,VIDEO,292.0,800.0,44.0,59.0,56.0,1319,manual,99.0,30.0
692,VIDEO,255.0,787.0,45.0,57.0,55.0,1502,manual,100.0,24.0
693,VIDEO,209.0,793.0,45.0,58.0,55.0,1502,manual,100.0,3.0
694,VIDEO,209.0,806.0,45.0,58.0,55.0,1502,manual,100.0,3.0
695,VIDEO,237.0,825.0,45.0,58.0,57.0,1502,manual,100.0,27.0
696,VIDEO,110.0,912.0,45.0,59.0,56.0,1502,manual,100.0,9.0
697,VIDEO,217.0,925.0,45.0,58.0,55.0,1502,manual,100.0,4.0
698,VIDEO,231.0,912.0,45.0,58.0,56.0,1502,manual,100.0,11.0
699,VIDEO,217.0,912.0,45.0,59.0,56.0,1502,manual,100.0,8.0
700,VIDEO,207.0,912.0,45.0,59.0,56.0,1502,manual,100.0,12.0
701,VIDEO,165.0,893.0,46.0,60.0,58.0,1502,manual,100.0,1.0
702,VIDEO,109.0,912.0,46.0,60.0,56.0,1502,manual,100.0,16.0
703,VIDEO,308.0,912.0,46.0,60.0,58.0,1363,manual,100.0,17.0
704,VIDEO,360.0,906.0,46.0,59.0,59.0,1472,manual,100.0,21.0
705,VIDEO,285.0,912.0,46.0,59.0,59.0,1502,manual,100.0,18.0
706,VIDEO,187.0,906.0,45.0,58.0,62.0,1502,manual,100.0,10.0
707,VIDEO,381.0,912.0,46.0,58.0,60.0,1430,manual,100.0,21.0
708,VIDEO,340.0,906.0,45.0,59.0,65.0,1319,manual,99.0,29.0
709,VIDEO,338.0,881.0,46.0,59.0,64.0,1319,manual,99.0,71.0
710,VIDEO,330.0,856.0,45.0,58.0,63.0,1319,manual,99.0,59.0
711,VIDEO,316.0,831.0,46.0,58.0,62.0,1319,manual,99.0,60.0
712,VIDEO,331.0,831.0,45.0,59.0,60.0,1319,manual,99.0,59.0
713,VIDEO,317.0,812.0,46.0,59.0,57.0,1319,manual,99.0,60.0
714,VIDEO,164.0,793.0,46.0,59.0,58.0,1363,manual,99.0,56.0
715,VIDEO,284.0,831.0,45.0,60.0,56.0,1319,manual,100.0,30.0
716,VIDEO,283.0,806.0,45.0,60.0,57.0,1319,manual,99.0,30.0
717,VIDEO,293.0,825.0,45.0,59.0,56.0,1319,manual,100.0,30.0
718,VIDEO,338.0,806.0,45.0,59.0,57.0,1363,manual,99.0,60.0
719,VIDEO,300.0,806.0,45.0,60.0,55.0,1363,manual,99.0,30.0
720,VIDEO,257.0,806.0,45.0,59.0,54.0,1502,manual,99.0,33.0
721,VIDEO,157.0,793.0,45.0,59.0,54.0,1502,manual,100.0,1.0
722,VIDEO,210.0,806.0,46.0,59.0,55.0,1502,manual,99.0,3.0
723,VIDEO,205.0,787.0,46.0,59.0,57.0,1502,manual,100.0,4.0
724,VIDEO,231.0,825.0,46.0,59.0,58.0,1502,manual,100.0,27.0
725,VIDEO,270.0,906.0,46.0,59.0,57.0,1502,manual,99.0,55.0
726,VIDEO,216.0,912.0,46.0,59.0,57.0,1502,manual,100.0,8.0
727,VIDEO,248.0,912.0,46.0,59.0,57.0,1502,manual,100.0,11.0
728,VIDEO,259.0,912.0,46.0,60.0,57.0,1502,manual,100.0,14.0
729,VIDEO,234.0,912.0,46.0,61.0,59.0,1472,manual,100.0,10.0
730,VIDEO,340.0,912.0,46.0,60.0,61.0,1363,manual,100.0,17.0
731,VIDEO,238.0,912.0,46.0,60.0,60.0,1404,manual,100.0,8.0
732,VIDEO,251.0,912.0,46.0,59.0,61.0,1363,manual,100.0,11.0
733,VIDEO,243.0,912.0,46.0,59.0,61.0,1404,manual,100.0,9.0
734,VIDEO,330.0,856.0,46.0,60.0,66.0,1319,manual,99.0,67.0
735,VIDEO,335.0,868.0,46.0,59.0,64.0,1319,manual,99.0,72.0
736,VIDEO,364.0,893.0,46.0,59.0,60.0,1404,manual,96.0,63.0
737,VIDEO,314.0,881.0,46.0,59.0,62.0,1283,manual,99.0,57.0
738,VIDEO,315.0,831.0,46.0,59.0,61.0,1319,manual,99.0,60.0
739,VIDEO,332.0,875.0,46.0,60.0,58.0,1319,manual,99.0,59.0
740,VIDEO,332.0,806.0,46.0,59.0,61.0,1319,manual,99.0,60.0
741,VIDEO,282.0,831.0,46.0,61.0,57.0,1363,manual,100.0,30.0
742,VIDEO,232.0,787.0,45.0,59.0,57.0,1502,manual,100.0,27.0
743,VIDEO,317.0,806.0,46.0,60.0,57.0,1404,manual,99.0,31.0
744,VIDEO,257.0,806.0,45.0,59.0,56.0,1502,manual,99.0,25.0
745,VIDEO,258.0,825.0,46.0,59.0,56.0,1502,manual,99.0,25.0
746,VIDEO,258.0,818.0,46.0,59.0,56.0,1502,manual,99.0,25.0
747,VIDEO,264.0,793.0,45.0,59.0,55.0,1502,manual,98.0,45.0
748,VIDEO,209.0,812.0,46.0,60.0,56.0,1502,manual,100.0,2.0
749,VIDEO,159.0,831.0,46.0,59.0,58.0,1502,manual,100.0,9.0
750,VIDEO,135.0,912.0,46.0,59.0,57.0,1502,manual,100.0,6.0
751,VIDEO,164.0,906.0,46.0,60.0,57.0,1502,manual,100.0,1.0
752,VIDEO,268.0,912.0,46.0,60.0,56.0,1502,manual,100.0,29.0
753,VIDEO,264.0,906.0,46.0,59.0,56.0,1502,manual,99.0,39.0
754,VIDEO,211.0,918.0,46.0,60.0,57.0,1502,manual,100.0,5.0
755,VIDEO,239.0,912.0,47.0,61.0,55.0,1502,manual,100.0,5.0
756,VIDEO,222.0,862.0,46.0,59.0,63.0,1319,manual,99.0,51.0
757,VIDEO,298.0,831.0,46.0,59.0,64.0,1283,manual,99.0,55.0
758,VIDEO,313.0,881.0,46.0,59.0,64.0,1283,manual,99.0,75.0
759,VIDEO,300.0,856.0,46.0,59.0,63.0,1283,manual,99.0,58.0
760,VIDEO,316.0,825.0,47.0,59.0,64.0,1283,manual,99.0,75.0
761,VIDEO,317.0,893.0,46.0,59.0,63.0,1319,manual,99.0,59.0
762,VIDEO,315.0,812.0,46.0,60.0,61.0,1319,manual,100.0,60.0
763,VIDEO,303.0,806.0,46.0,60.0,57.0,1283,manual,100.0,59.0
764,VIDEO,286.0,806.0,46.0,60.0,57.0,1363,manual,100.0,30.0
765,VIDEO,260.0,793.0,46.0,59.0,57.0,1502,manual,100.0,26.0
766,VIDEO,209.0,825.0,46.0,59.0,55.0,1502,manual,100.0,3.0
767,VIDEO,210.0,793.0,46.0,59.0,56.0,1502,manual,100.0,4.0
768,VIDEO,204.0,850.0,46.0,59.0,57.0,1502,manual,100.0,4.0
769,VIDEO,157.0,825.0,46.0,59.0,58.0,1502,manual,99.0,8.0
770,VIDEO,177.0,862.0,47.0,59.0,59.0,1502,manual,99.0,24.0
771,VIDEO,257.0,906.0,46.0,59.0,56.0,1502,manual,99.0,39.0
772,VIDEO,248.0,906.0,47.0,60.0,57.0,1502,manual,100.0,13.0
773,VIDEO,260.0,912.0,46.0,60.0,58.0,1502,manual,99.0,15.0
774,VIDEO,283.0,912.0,47.0,61.0,58.0,1502,manual,99.0,22.0
775,VIDEO,352.0,912.0,47.0,60.0,60.0,1430,manual,100.0,18.0
776,VIDEO,239.0,806.0,46.0,57.0,58.0,1502,manual,100.0,26.0
777,VIDEO,232.0,806.0,46.0,59.0,58.0,1502,manual,100.0,27.0
778,VIDEO,232.0,806.0,46.0,59.0,58.0,1502,manual,99.0,28.0
779,VIDEO,236.0,831.0,47.0,60.0,58.0,1502,manual,99.0,26.0
780,VIDEO,206.0,806.0,46.0,59.0,57.0,1502,manual,100.0,4.0
781,VIDEO,179.0,825.0,46.0,60.0,58.0,1502,manual,99.0,24.0
782,VIDEO,256.0,912.0,46.0,59.0,56.0,1502,manual,99.0,37.0
783,VIDEO,208.0,912.0,46.0,60.0,57.0,1502,manual,100.0,3.0
784,VIDEO,211.0,912.0,46.0,60.0,57.0,1502,manual,100.0,5.0
785,VIDEO,170.0,912.0,46.0,60.0,56.0,1502,manual,100.0,2.0
786,VIDEO,219.0,912.0,47.0,60.0,57.0,1502,manual,100.0,10.0
787,VIDEO,244.0,912.0,47.0,60.0,57.0,1502,manual,100.0,11.0
788,VIDEO,215.0,912.0,47.0,60.0,57.0,1502,manual,100.0,10.0
789,VIDEO,234.0,912.0,46.0,60.0,57.0,1502,manual,100.0,10.0
790,VIDEO,255.0,912.0,47.0,60.0,58.0,1502,manual,100.0,15.0
791,VIDEO,148.0,900.0,47.0,61.0,58.0,1502,manual,97.0,17.0
792,VIDEO,275.0,906.0,47.0,62.0,57.0,1502,manual,99.0,21.0
793,VIDEO,236.0,912.0,47.0,61.0,59.0,1472,manual,100.0,9.0
794,VIDEO,234.0,906.0,47.0,60.0,60.0,1404,manual,100.0,8.0
795,VIDEO,316.0,906.0,47.0,61.0,60.0,1472,manual,100.0,15.0
796,VIDEO,194.0,912.0,47.0,59.0,61.0,1472,manual,100.0,7.0
797,VIDEO,355.0,918.0,47.0,59.0,64.0,1363,manual,99.0,21.0
798,VIDEO,312.0,918.0,46.0,60.0,66.0,1235,manual,99.0,52.0
799,VIDEO,333.0,881.0,46.0,59.0,64.0,1319,manual,99.0,63.0
800,VIDEO,326.0,856.0,47.0,60.0,64.0,1319,manual,99.0,73.0
801,VIDEO,326.0,831.0,47.0,59.0,63.0,1319,manual,99.0,74.0
802,VIDEO,149.0,818.0,46.0,60.0,60.0,1319,manual,99.0,51.0
803,VIDEO,241.0,837.0,47.0,60.0,60.0,1283,manual,99.0,51.0
804,VIDEO,333.0,812.0,46.0,60.0,59.0,1319,manual,99.0,59.0
805,VIDEO,297.0,806.0,46.0,61.0,56.0,1319,manual,100.0,30.0
806,VIDEO,286.0,812.0,46.0,61.0,56.0,1363,manual,100.0,31.0
807,VIDEO,258.0,793.0,46.0,60.0,56.0,1502,manual,100.0,24.0
808,VIDEO,307.0,806.0,46.0,61.0,56.0,1363,manual,99.0,32.0
809,VIDEO,340.0,793.0,46.0,60.0,56.0,1404,manual,99.0,33.0
810,VIDEO,206.0,775.0,47.0,60.0,56.0,1502,manual,99.0,33.0
811,VIDEO,286.0,806.0,46.0,60.0,56.0,1319,manual,99.0,31.0
812,VIDEO,270.0,793.0,46.0,60.0,57.0,1502,manual,99.0,33.0
813,VIDEO,259.0,793.0,46.0,60.0,55.0,1502,manual,99.0,25.0
814,VIDEO,258.0,806.0,46.0,60.0,54.0,1502,manual,99.0,31.0
815,VIDEO,200.0,793.0,46.0,60.0,54.0,1502,manual,99.0,36.0
816,VIDEO,205.0,806.0,47.0,60.0,56.0,1502,manual,100.0,4.0
817,VIDEO,216.0,806.0,47.0,60.0,58.0,1502,manual,99.0,16.0
818,VIDEO,237.0,812.0,47.0,60.0,58.0,1502,manual,99.0,27.0
819,VIDEO,318.0,912.0,47.0,60.0,57.0,1472,manual,100.0,36.0
820,VIDEO,231.0,912.0,47.0,60.0,57.0,1502,manual,100.0,12.0
821,VIDEO,224.0,918.0,47.0,60.0,57.0,1502,manual,100.0,5.0
822,VIDEO,212.0,912.0,47.0,61.0,57.0,1502,manual,100.0,10.0
823,VIDEO,262.0,912.0,47.0,61.0,57.0,1502,manual,99.0,16.0
824,VIDEO,281.0,912.0,47.0,61.0,58.0,1502,manual,99.0,20.0
825,VIDEO,332.0,912.0,47.0,61.0,59.0,1404,manual,100.0,16.0
826,VIDEO,125.0,912.0,48.0,62.0,58.0,1502,manual,100.0,0.0
827,VIDEO,326.0,912.0,47.0,62.0,59.0,1430,manual,100.0,14.0
828,VIDEO,212.0,918.0,47.0,61.0,59.0,1472,manual,100.0,7.0
829,VIDEO,238.0,918.0,47.0,61.0,59.0,1404,manual,100.0,12.0
830,VIDEO,279.0,912.0,47.0,61.0,60.0,1363,manual,100.0,16.0
831,VIDEO,249.0,912.0,47.0,60.0,61.0,1363,manual,100.0,11.0
832,VIDEO,256.0,912.0,48.0,60.0,61.0,1363,manual,100.0,16.0
833,VIDEO,237.0,912.0,47.0,59.0,63.0,1502,manual,100.0,13.0
834,VIDEO,186.0,912.0,47.0,59.0,63.0,1472,manual,100.0,6.0
835,VIDEO,377.0,912.0,47.0,60.0,64.0,1430,manual,99.0,15.0
836,VIDEO,315.0,925.0,47.0,60.0,66.0,1235,manual,99.0,54.0
837,VIDEO,310.0,881.0,47.0,59.0,64.0,1283,manual,99.0,62.0
838,VIDEO,306.0,887.0,46.0,59.0,63.0,1283,manual,99.0,57.0
839,VIDEO,317.0,856.0,47.0,59.0,63.0,1319,manual,99.0,57.0
840,VIDEO,203.0,825.0,46.0,59.0,61.0,1283,manual,98.0,53.0
841,VIDEO,286.0,806.0,46.0,61.0,58.0,1319,manual,100.0,31.0
842,VIDEO,290.0,843.0,46.0,60.0,57.0,1319,manual,99.0,31.0
843,VIDEO,311.0,856.0,47.0,60.0,58.0,1283,manual,99.0,62.0
844,VIDEO,342.0,768.0,47.0,60.0,58.0,1319,manual,99.0,62.0
845,VIDEO,164.0,812.0,47.0,60.0,58.0,1404,manual,99.0,25.0
846,VIDEO,305.0,793.0,46.0,60.0,57.0,1363,manual,99.0,32.0
847,VIDEO,260.0,768.0,46.0,60.0,55.0,1502,manual,99.0,31.0
848,VIDEO,260.0,806.0,46.0,60.0,57.0,1502,manual,100.0,27.0
849,VIDEO,210.0,806.0,46.0,60.0,56.0,1502,manual,100.0,2.0
850,VIDEO,209.0,806.0,47.0,59.0,58.0,1502,manual,100.0,6.0
851,VIDEO,217.0,825.0,47.0,60.0,58.0,1502,manual,99.0,15.0
852,VIDEO,171.0,906.0,47.0,60.0,57.0,1502,manual,100.0,23.0
853,VIDEO,243.0,912.0,47.0,60.0,57.0,1502,manual,100.0,13.0
854,VIDEO,230.0,912.0,47.0,60.0,57.0,1502,manual,100.0,9.0
855,VIDEO,219.0,912.0,46.0,60.0,57.0,1502,manual,100.0,7.0
856,VIDEO,256.0,912.0,47.0,60.0,57.0,1502,manual,100.0,11.0
857,VIDEO,266.0,912.0,47.0,61.0,57.0,1502,manual,99.0,15.0
858,VIDEO,328.0,912.0,47.0,61.0,58.0,1472,manual,100.0,19.0
859,VIDEO,227.0,912.0,47.0,60.0,56.0,1502,manual,100.0,3.0
860,VIDEO,173.0,812.0,46.0,58.0,60.0,1319,manual,99.0,47.0
861,VIDEO,131.0,793.0,46.0,60.0,57.0,1319,manual,99.0,60.0
862,VIDEO,286.0,806.0,46.0,60.0,57.0,1319,manual,100.0,30.0
863,VIDEO,286.0,812.0,46.0,61.0,57.0,1319,manual,99.0,31.0
864,VIDEO,262.0,806.0,46.0,60.0,57.0,1502,manual,100.0,34.0
865,VIDEO,256.0,812.0,46.0,60.0,55.0,1502,manual,99.0,30.0
866,VIDEO,205.0,806.0,46.0,59.0,57.0,1502,manual,100.0,4.0
867,VIDEO,191.0,825.0,47.0,60.0,57.0,1502,manual,100.0,4.0
868,VIDEO,208.0,806.0,47.0,60.0,58.0,1502,manual,100.0,5.0
869,VIDEO,234.0,812.0,47.0,60.0,58.0,1502,manual,99.0,25.0
870,VIDEO,210.0,918.0,47.0,60.0,58.0,1502,manual,99.0,26.0
871,VIDEO,216.0,912.0,47.0,60.0,58.0,1502,manual,100.0,12.0
872,VIDEO,244.0,912.0,47.0,60.0,57.0,1502,manual,100.0,14.0
873,VIDEO,244.0,912.0,47.0,60.0,57.0,1502,manual,100.0,14.0
874,VIDEO,244.0,912.0,47.0,60.0,57.0,1502,manual,100.0,14.0
875,VIDEO,200.0,912.0,47.0,61.0,57.0,1502,manual,100.0,13.0
876,VIDEO,217.0,912.0,48.0,61.0,58.0,1472,manual,100.0,3.0
877,VIDEO,328.0,906.0,48.0,62.0,58.0,1404,manual,100.0,15.0
878,VIDEO,290.0,912.0,48.0,61.0,58.0,1404,manual,100.0,13.0
879,VIDEO,280.0,912.0,47.0,61.0,59.0,1502,manual,100.0,15.0
880,VIDEO,361.0,912.0,47.0,60.0,61.0,1472,manual,100.0,23.0
881,VIDEO,238.0,906.0,47.0,61.0,59.0,1430,manual,100.0,6.0
882,VIDEO,382.0,912.0,47.0,60.0,62.0,1430,manual,100.0,24.0
883,VIDEO,177.0,912.0,48.0,60.0,65.0,1472,manual,99.0,7.0
884,VIDEO,250.0,912.0,47.0,60.0,66.0,1319,manual,99.0,19.0
885,VIDEO,324.0,881.0,47.0,60.0,64.0,1283,manual,99.0,62.0
886,VIDEO,324.0,831.0,47.0,60.0,64.0,1319,manual,99.0,74.0
887,VIDEO,192.0,850.0,47.0,60.0,64.0,1319,manual,99.0,42.0
888,VIDEO,309.0,856.0,47.0,60.0,62.0,1283,manual,99.0,56.0
889,VIDEO,309.0,893.0,47.0,61.0,61.0,1283,manual,99.0,61.0
890,VIDEO,308.0,881.0,47.0,61.0,61.0,1283,manual,99.0,49.0
891,VIDEO,310.0,787.0,47.0,61.0,60.0,1283,manual,99.0,61.0
892,VIDEO,285.0,793.0,47.0,61.0,58.0,1319,manual,100.0,30.0
893,VIDEO,259.0,806.0,46.0,60.0,57.0,1502,manual,100.0,25.0
894,VIDEO,210.0,831.0,47.0,60.0,57.0,1502,manual,100.0,3.0
895,VIDEO,210.0,812.0,47.0,60.0,56.0,1502,manual,99.0,3.0
896,VIDEO,210.0,793.0,47.0,60.0,57.0,1502,manual,99.0,4.0
897,VIDEO,205.0,850.0,47.0,60.0,58.0,1502,manual,100.0,4.0
898,VIDEO,206.0,806.0,47.0,60.0,58.0,1502,manual,100.0,4.0
899,VIDEO,206.0,787.0,47.0,60.0,57.0,1502,manual,100.0,4.0
900,VIDEO,215.0,925.0,48.0,60.0,58.0,1502,manual,99.0,19.0
901,VIDEO,162.0,825.0,47.0,59.0,64.0,1363,manual,98.0,59.0
902,VIDEO,303.0,868.0,47.0,61.0,61.0,1283,manual,99.0,54.0
903,VIDEO,313.0,812.0,47.0,60.0,61.0,1319,manual,99.0,60.0
904,VIDEO,331.0,831.0,47.0,61.0,59.0,1319,manual,99.0,58.0
905,VIDEO,303.0,812.0,47.0,61.0,60.0,1283,manual,99.0,58.0
906,VIDEO,294.0,812.0,47.0,61.0,58.0,1319,manual,100.0,30.0
907,VIDEO,263.0,825.0,47.0,60.0,56.0,1502,manual,99.0,44.0
908,VIDEO,161.0,806.0,47.0,60.0,56.0,1502,manual,100.0,1.0
909,VIDEO,210.0,793.0,47.0,61.0,56.0,1502,manual,100.0,3.0
910,VIDEO,267.0,812.0,46.0,61.0,56.0,1502,manual,99.0,41.0
911,VIDEO,206.0,806.0,46.0,60.0,58.0,1502,manual,100.0,4.0
912,VIDEO,209.0,825.0,47.0,60.0,59.0,1502,manual,99.0,23.0
913,VIDEO,237.0,806.0,47.0,60.0,59.0,1502,manual,99.0,27.0
914,VIDEO,263.0,912.0,47.0,60.0,57.0,1502,manual,99.0,39.0
915,VIDEO,260.0,906.0,47.0,60.0,57.0,1502,manual,99.0,39.0
916,VIDEO,297.0,906.0,47.0,60.0,58.0,1502,manual,99.0,46.0
917,VIDEO,304.0,912.0,47.0,61.0,58.0,1472,manual,99.0,40.0
918,VIDEO,212.0,912.0,47.0,60.0,58.0,1502,manual,100.0,5.0
919,VIDEO,235.0,906.0,47.0,61.0,58.0,1502,manual,100.0,13.0
920,VIDEO,207.0,912.0,47.0,61.0,58.0,1502,manual,100.0,12.0
921,VIDEO,245.0,912.0,47.0,61.0,57.0,1502,manual,100.0,14.0
922,VIDEO,249.0,912.0,47.0,61.0,57.0,1502,manual,100.0,13.0
923,VIDEO,259.0,912.0,48.0,61.0,58.0,1502,manual,100.0,13.0
924,VIDEO,268.0,912.0,48.0,62.0,58.0,1502,manual,100.0,17.0
925,VIDEO,140.0,912.0,48.0,61.0,59.0,1502,manual,100.0,0.0
926,VIDEO,212.0,912.0,48.0,62.0,59.0,1502,manual,100.0,4.0
927,VIDEO,293.0,912.0,48.0,62.0,59.0,1363,manual,100.0,12.0
928,VIDEO,273.0,906.0,47.0,61.0,61.0,1363,manual,100.0,13.0
929,VIDEO,218.0,912.0,47.0,60.0,62.0,1430,manual,100.0,6.0
930,VIDEO,201.0,906.0,47.0,61.0,62.0,1472,manual,100.0,9.0
931,VIDEO,209.0,912.0,47.0,60.0,63.0,1502,manual,100.0,14.0
932,VIDEO,208.0,912.0,47.0,61.0,61.0,1472,manual,100.0,8.0
933,VIDEO,198.0,912.0,47.0,60.0,66.0,1430,manual,100.0,7.0
934,VIDEO,312.0,887.0,47.0,60.0,66.0,1283,manual,99.0,73.0
935,VIDEO,304.0,881.0,47.0,60.0,65.0,1283,manual,99.0,59.0
936,VIDEO,232.0,881.0,47.0,60.0,64.0,1319,manual,100.0,50.0
937,VIDEO,303.0,850.0,47.0,60.0,63.0,1283,manual,99.0,59.0
938,VIDEO,298.0,781.0,47.0,60.0,62.0,1283,manual,99.0,43.0
939,VIDEO,267.0,793.0,47.0,61.0,58.0,1363,manual,100.0,28.0
940,VIDEO,345.0,793.0,47.0,61.0,58.0,1430,manual,100.0,31.0
941,VIDEO,297.0,781.0,47.0,61.0,58.0,1363,manual,100.0,30.0
942,VIDEO,210.0,812.0,46.0,60.0,56.0,1502,manual,100.0,3.0
943,VIDEO,205.0,843.0,47.0,60.0,58.0,1502,manual,100.0,4.0
944,VIDEO,210.0,806.0,46.0,60.0,57.0,1502,manual,100.0,3.0
945,VIDEO,211.0,825.0,47.0,60.0,59.0,1502,manual,100.0,6.0
946,VIDEO,302.0,912.0,47.0,60.0,58.0,1472,manual,99.0,44.0
947,VIDEO,244.0,925.0,48.0,61.0,58.0,1502,manual,100.0,26.0
948,VIDEO,206.0,912.0,47.0,60.0,58.0,1502,manual,100.0,30.0
949,VIDEO,257.0,906.0,47.0,60.0,57.0,1502,manual,100.0,37.0
950,VIDEO,219.0,918.0,47.0,61.0,57.0,1502,manual,100.0,7.0
951,VIDEO,224.0,912.0,47.0,60.0,57.0,1502,manual,100.0,7.0
952,VIDEO,252.0,912.0,47.0,61.0,57.0,1502,manual,100.0,13.0
953,VIDEO,259.0,912.0,48.0,61.0,58.0,1502,manual,100.0,15.0
954,VIDEO,266.0,912.0,48.0,61.0,58.0,1502,manual,99.0,16.0
955,VIDEO,122.0,912.0,48.0,62.0,59.0,1502,manual,100.0,5.0
956,VIDEO,220.0,912.0,48.0,62.0,60.0,1472,manual,100.0,7.0
957,VIDEO,235.0,912.0,48.0,61.0,62.0,1404,manual,100.0,7.0
958,VIDEO,380.0,912.0,48.0,61.0,62.0,1430,manual,100.0,24.0
959,VIDEO,383.0,912.0,48.0,60.0,63.0,1430,manual,100.0,20.0
960,VIDEO,390.0,912.0,47.0,60.0,65.0,1430,manual,100.0,24.0
961,VIDEO,313.0,843.0,48.0,61.0,67.0,1283,manual,99.0,74.0
962,VIDEO,148.0,881.0,47.0,60.0,65.0,1319,manual,100.0,65.0
963,VIDEO,301.0,906.0,47.0,60.0,63.0,1283,manual,99.0,59.0
964,VIDEO,221.0,662.0,47.0,59.0,57.0,1502,manual,100.0,12.0
965,VIDEO,47.0,675.0,44.0,48.0,51.0,300,manual,0.0,2.0
966,VIDEO,47.0,662.0,43.0,47.0,50.0,300,manual,0.0,2.0
967,VIDEO,40.0,668.0,42.0,46.0,49.0,300,manual,0.0,0.0
968,VIDEO,289.0,843.0,43.0,51.0,49.0,1404,manual,99.0,0.0
969,VIDEO,348.0,893.0,46.0,61.0,49.0,1472,manual,100.0,0.0
970,VIDEO,292.0,843.0,45.0,60.0,49.0,1404,manual,99.0,0.0
971,VIDEO,305.0,856.0,46.0,62.0,49.0,1430,manual,100.0,0.0
972,VIDEO,215.0,893.0,46.0,63.0,49.0,1502,manual,100.0,0.0
973,VIDEO,293.0,843.0,46.0,62.0,49.0,1404,manual,100.0,0.0
974,VIDEO,348.0,881.0,46.0,63.0,49.0,1472,manual,100.0,0.0
975,VIDEO,198.0,843.0,46.0,63.0,49.0,1502,manual,100.0,0.0
976,VIDEO,330.0,906.0,46.0,62.0,49.0,1430,manual,100.0,0.0
977,VIDEO,206.0,843.0,47.0,63.0,49.0,1430,manual,100.0,0.0
978,VIDEO,330.0,881.0,46.0,63.0,49.0,1430,manual,99.0,0.0
979,VIDEO,224.0,912.0,46.0,63.0,50.0,1502,manual,100.0,0.0
980,VIDEO,330.0,893.0,46.0,62.0,50.0,1430,manual,100.0,0.0
981,VIDEO,275.0,843.0,46.0,63.0,50.0,1404,manual,100.0,0.0
982,VIDEO,210.0,925.0,46.0,63.0,49.0,1502,manual,100.0,2.0
983,VIDEO,296.0,843.0,46.0,63.0,50.0,1404,manual,99.0,0.0
984,VIDEO,214.0,893.0,46.0,64.0,49.0,1502,manual,99.0,0.0
985,VIDEO,275.0,843.0,47.0,63.0,50.0,1404,manual,100.0,0.0
986,VIDEO,214.0,906.0,47.0,63.0,50.0,1502,manual,99.0,1.0
987,VIDEO,275.0,843.0,46.0,63.0,50.0,1404,manual,100.0,0.0
988,VIDEO,348.0,912.0,47.0,64.0,50.0,1472,manual,99.0,0.0
989,VIDEO,276.0,843.0,46.0,63.0,50.0,1404,manual,100.0,0.0
990,VIDEO,306.0,856.0,47.0,64.0,50.0,1430,manual,99.0,0.0
991,VIDEO,294.0,843.0,47.0,63.0,50.0,1404,manual,100.0,0.0
992,VIDEO,282.0,925.0,47.0,63.0,50.0,1502,manual,100.0,1.0
993,VIDEO,294.0,843.0,47.0,64.0,50.0,1404,manual,100.0,0.0
994,VIDEO,306.0,893.0,47.0,63.0,50.0,1430,manual,100.0,0.0
995,VIDEO,293.0,843.0,47.0,64.0,50.0,1404,manual,100.0,0.0
996,VIDEO,140.0,906.0,47.0,63.0,50.0,1502,manual,100.0,1.0
997,VIDEO,289.0,843.0,47.0,64.0,50.0,1404,manual,100.0,0.0
998,VIDEO,217.0,912.0,47.0,63.0,50.0,1502,manual,99.0,1.0
999,VIDEO,293.0,843.0,47.0,63.0,50.0,1404,manual,100.0,0.0
1000,VIDEO,44.0,668.0,46.0,59.0,50.0,300,manual,0.0,0.0
1001,VIDEO,42.0,662.0,43.0,47.0,49.0,300,manual,0.0,0.0
